0 0.409463 0.553989 0.609369 0.0685373
0 0.433713 0.499881 0.562182 0.048329
0 0.439266 0.388756 0.543302 0.0585741
0 0.445262 0.711665 0.579115 0.0600956
0 0.43339 0.612236 0.597372 0.0552492
0 0.438458 0.764595 0.585819 0.0461643
0 0.439815 0.293789 0.508649 0.0470069
0 0.422997 0.445937 0.584626 0.0564423
0 0.455304 0.662894 0.545674 0.0433386
0 0.434595 0.241444 0.524868 0.0512837
0 0.436987 0.338967 0.531171 0.0507617
0 0.792466 0.69108 0.123285 0.428574
0 0.901741 0.665091 0.0975934 0.470575
0 0.441679 0.801854 0.571522 0.0358887
0 0.428943 0.198388 0.517812 0.037429
0 0.405124 0.82746 0.633204 0.0292973
0 0.850742 0.652321 0.10192 0.498111
0 0.411948 0.863057 0.678714 0.0395985
0 0.417551 0.833915 0.672394 0.0401962
0 0.165759 0.9673 0.32998 0.0652395
