0 0.365699 0.703194 0.0972217 0.114405
0 0.355609 0.22886 0.0426841 0.105132
0 0.431121 0.228727 0.0437966 0.104752
0 0.885288 0.190682 0.18852 0.014749
0 0.23076 0.372793 0.209054 0.0150825
0 0.411332 0.348886 0.0497789 0.0999815
0 0.879973 0.105999 0.0396532 0.102013
0 0.402497 0.229317 0.0421785 0.104295
0 0.454752 0.101615 0.0512131 0.121117
0 0.515175 0.721379 0.206424 0.0168842
0 0.52293 0.547554 0.209869 0.0144443
0 0.545129 0.22956 0.0407217 0.104953
0 0.690569 0.195402 0.202008 0.0150282
0 0.387357 0.465376 0.0379217 0.103684
0 0.289317 0.102185 0.0514546 0.11802
0 0.237083 0.72437 0.204198 0.0188787
0 0.23423 0.342842 0.197861 0.0163399
0 0.543961 0.310488 0.213436 0.0163015
0 0.626842 0.103213 0.0376768 0.112981
0 0.893138 0.481156 0.20304 0.0213305
0 0.250841 0.108748 0.0408036 0.104482
0 0.81841 0.10327 0.0395471 0.106295
0 0.23347 0.691404 0.196803 0.0186261
0 0.486437 0.485082 0.156808 0.016401
0 0.106657 0.464014 0.0373161 0.103451
0 0.171583 0.105598 0.0315228 0.111429
0 0.0743774 0.465686 0.0337889 0.0969816
0 0.489813 0.228986 0.0437237 0.104434
0 0.888114 0.502999 0.216428 0.0220314
0 0.864229 0.326545 0.20538 0.017856
0 0.26886 0.593521 0.21071 0.0184074
0 0.462028 0.229003 0.0416293 0.105483
0 0.0665333 0.581424 0.0295695 0.101945
0 0.593524 0.111264 0.0365793 0.0990336
0 0.213163 0.108529 0.0367922 0.10467
0 0.135042 0.218501 0.213859 0.0188279
0 0.886416 0.597253 0.220538 0.0153099
0 0.676281 0.105964 0.0328808 0.106696
0 0.71293 0.345088 0.028049 0.10216
0 0.899306 0.436915 0.196312 0.0161456
0 0.501313 0.673024 0.1968 0.0128222
0 0.105606 0.346911 0.0398398 0.104725
0 0.884576 0.204317 0.185824 0.0160823
0 0.294548 0.230217 0.0426899 0.100973
0 0.15015 0.580586 0.0233666 0.103639
0 0.745053 0.345943 0.0296136 0.102404
0 0.198911 0.0112903 0.0311485 0.0225806
0 0.135354 0.867938 0.222675 0.0184462
0 0.960288 0.103835 0.0345693 0.102713
0 0.265898 0.54389 0.216421 0.0153038
0 0.669832 0.462231 0.220906 0.0142271
0 0.224418 0.389343 0.221626 0.0194659
0 0.50143 0.0116678 0.0314687 0.0233356
0 0.548316 0.325675 0.214683 0.0159422
0 0.0494836 0.463669 0.0265474 0.0987855
0 0.271786 0.568585 0.208358 0.0127522
0 0.156415 0.466401 0.0438587 0.100016
0 0.517209 0.229899 0.04516 0.104663
0 0.550065 0.109979 0.0360385 0.100491
0 0.889335 0.579402 0.219069 0.0216394
0 0.23188 0.360521 0.205183 0.015079
0 0.505789 0.109946 0.0365651 0.10186
0 0.323011 0.233333 0.0414206 0.0947618
0 0.043222 0.104135 0.0273165 0.110679
0 0.65101 0.101858 0.0338533 0.115169
0 0.872982 0.342998 0.202758 0.016405
0 0.519364 0.735387 0.202239 0.0148026
0 0.681507 0.23379 0.199714 0.0168951
0 0.886368 0.219289 0.185518 0.0115452
0 0.135656 0.8534 0.226278 0.0183981
0 0.888392 0.610458 0.221167 0.0156258
0 0.88994 0.242486 0.190845 0.0144507
0 0.896 0.941628 0.201429 0.0163311
0 0.232416 0.327395 0.198216 0.0144617
0 0.861314 0.852252 0.229052 0.0179817
0 0.484037 0.445025 0.155403 0.0132761
0 0.890425 0.266441 0.212209 0.0204424
0 0.141172 0.109871 0.0300082 0.102245
0 0.35518 0.106448 0.0428805 0.110799
0 0.532067 0.0116917 0.035713 0.0230336
0 0.985646 0.0924372 0.0275879 0.123424
0 0.867421 0.82006 0.220624 0.018144
0 0.26974 0.626654 0.214496 0.0156723
0 0.235493 0.708747 0.201783 0.016073
0 0.68389 0.219725 0.201212 0.0129989
0 0.0800111 0.703754 0.0307158 0.107814
0 0.143599 0.0108255 0.028827 0.0216511
0 0.528187 0.110143 0.0336298 0.100451
0 0.896035 0.727365 0.198604 0.0169321
0 0.93296 0.104291 0.0326135 0.102011
0 0.205975 0.462842 0.0360193 0.108191
0 0.268765 0.579569 0.209883 0.0127398
0 0.180492 0.465139 0.0361814 0.107248
0 0.697235 0.183461 0.200813 0.0119877
0 0.0628573 0.10852 0.0252542 0.102579
0 0.170909 0.011367 0.0292515 0.0224634
0 0.665689 0.498112 0.203421 0.0112448
0 0.548249 0.370089 0.210299 0.0127832
0 0.572908 0.110301 0.0328897 0.0990595
0 0.549491 0.345061 0.206947 0.0127384
0 0.268358 0.231138 0.0365436 0.0998303
0 0.102773 0.703687 0.0237957 0.106565
0 0.503614 0.692653 0.197356 0.0147717
0 0.0825594 0.109884 0.0274226 0.102643
0 0.101171 0.108768 0.0357766 0.103173
0 0.688307 0.208957 0.204878 0.0125623
0 0.8899 0.62438 0.217574 0.0142101
0 0.540784 0.606785 0.204218 0.0143316
0 0.902172 0.704299 0.184705 0.0195238
0 0.908322 0.105656 0.0335197 0.100589
0 0.882256 0.231586 0.197374 0.0108719
0 0.144349 0.838741 0.234335 0.0176273
0 0.884363 0.24642 0.200315 0.0183381
0 0.132704 0.253158 0.195779 0.0106589
0 0.0375407 0.952062 0.0334697 0.0958762
0 0.683244 0.952337 0.194773 0.0247105
0 0.730533 0.829834 0.0363519 0.119424
0 0.905053 0.686359 0.166248 0.0219795
0 0.536684 0.594083 0.197361 0.0133095
0 0.414794 0.105481 0.0437024 0.111923
0 0.242664 0.743692 0.217708 0.0182194
0 0.0905153 0.584943 0.0231754 0.0952548
0 0.343618 0.349827 0.0248657 0.0979574
0 0.679513 0.256751 0.204842 0.0136194
0 0.530757 0.568761 0.205164 0.0142971
0 0.141299 0.871528 0.220219 0.0211639
0 0.129294 0.580574 0.02732 0.104512
0 0.131527 0.464754 0.0360379 0.102854
0 0.125441 0.702642 0.0314482 0.107337
0 0.786288 0.705311 0.0323761 0.112146
0 0.686497 0.352553 0.0303745 0.0880678
0 0.242146 0.756561 0.222386 0.0141958
0 0.486865 0.505824 0.158978 0.0188481
0 0.880628 0.563891 0.219656 0.0139694
0 0.722181 0.0995391 0.0550405 0.117126
0 0.115695 0.0108235 0.0312419 0.021647
0 0.481868 0.110201 0.0364922 0.101962
0 0.484684 0.469408 0.157742 0.0133413
0 0.0752812 0.345813 0.0303026 0.103258
0 0.0564219 0.705868 0.0252285 0.108063
0 0.886665 0.55558 0.205095 0.0131697
0 0.896994 0.460654 0.198231 0.0156365
0 0.225115 0.0114954 0.0284966 0.0229907
0 0.887749 0.377348 0.219414 0.0148539
0 0.284157 0.830381 0.0354285 0.111235
0 0.679161 0.246578 0.200018 0.0103066
0 0.549841 0.384706 0.217417 0.017661
0 0.54776 0.347226 0.212302 0.0107179
0 0.508897 0.706761 0.202567 0.0138809
0 0.900045 0.954839 0.19602 0.0164612
0 0.269666 0.606137 0.207654 0.0105343
0 0.680137 0.271856 0.209618 0.017839
0 0.862749 0.835263 0.222126 0.017765
0 0.882138 0.360341 0.216187 0.0189181
0 0.092352 0.948698 0.0376246 0.102604
0 0.255527 0.965205 0.213075 0.0213547
0 0.232204 0.674732 0.195603 0.0169311
0 0.0452013 0.580787 0.0220121 0.10313
0 0.233837 0.324743 0.191119 0.0136055
0 0.334724 0.00515012 0.17218 0.00933516
0 0.140222 0.880894 0.220983 0.0153183
0 0.88547 0.364723 0.216242 0.0150091
0 0.549198 0.359012 0.210472 0.0105054
0 0.268793 0.55634 0.208472 0.0135513
0 0.366991 0.353902 0.0255049 0.0890913
0 0.704231 0.10265 0.0434855 0.112996
0 0.675909 0.431849 0.232264 0.0207737
0 0.86526 0.877683 0.233145 0.0186634
0 0.896045 0.743701 0.201981 0.0218447
0 0.124045 0.10996 0.0308577 0.10331
0 0.267505 0.564664 0.212459 0.0139908
0 0.865894 0.80536 0.223591 0.0177877
0 0.885521 0.548013 0.20381 0.010408
0 0.66589 0.478933 0.209142 0.018856
0 0.898971 0.452404 0.199523 0.0184555
0 0.518984 0.833075 0.0450329 0.113008
0 0.545774 0.35543 0.210089 0.0147898
0 0.280686 0.104739 0.0429613 0.112416
0 0.897266 0.448259 0.199975 0.0160343
0 0.790837 0.099267 0.0387056 0.11412
0 0.900981 0.968614 0.194655 0.0169203
0 0.11662 0.948875 0.0345078 0.102249
0 0.887234 0.558489 0.208339 0.015497
0 0.0854224 0.0107024 0.0355633 0.0214048
0 0.0603594 0.0107659 0.0254533 0.0215317
0 0.751218 0.0981329 0.0399044 0.118863
0 0.756655 0.578526 0.0286346 0.10221
0 0.148927 0.269915 0.19165 0.0185244
0 0.137278 0.236598 0.212066 0.0159515
0 0.405643 0.581372 0.0207342 0.101102
0 0.772444 0.0986167 0.0387897 0.117257
0 0.559845 0.0112362 0.0278175 0.0224723
0 0.534162 0.581232 0.200177 0.0141172
0 0.4872 0.466695 0.153275 0.0170586
0 0.888127 0.382518 0.217239 0.0124735
0 0.132235 0.245102 0.197493 0.0100028
0 0.878239 0.356306 0.214813 0.012651
0 0.522506 0.751896 0.205 0.014919
0 0.925827 0.00529921 0.138713 0.009968
0 0.892616 0.928097 0.214767 0.0191936
0 0.862791 0.817637 0.225825 0.0255642
0 0.133499 0.242002 0.200773 0.0147276
0 0.88918 0.517238 0.220319 0.0125162
0 0.735016 0.702284 0.0360009 0.105254
0 0.462707 0.0111723 0.0206164 0.0223446
0 0.896764 0.716191 0.197006 0.0130189
0 0.664679 0.512859 0.201514 0.0162952
0 0.107917 0.582207 0.0221112 0.103677
0 0.232148 0.464577 0.0289867 0.104858
0 0.850667 0.104232 0.0350128 0.105898
0 0.386778 0.579606 0.0219648 0.103018
0 0.120835 0.269514 0.173599 0.0171349
0 0.642882 0.00909382 0.131054 0.0170464
0 0.889204 0.387656 0.214123 0.0127597
0 0.829666 0.0100302 0.047209 0.0200603
0 0.272334 0.616458 0.203312 0.0136828
0 0.528024 0.558885 0.208042 0.0117079
0 0.0396139 0.0105464 0.0183151 0.0210929
0 0.0909191 0.10928 0.0376933 0.102891
0 0.899215 0.433368 0.199157 0.0159035
0 0.667971 0.485574 0.209815 0.0129086
0 0.335036 0.0164044 0.17241 0.0130271
0 0.0401758 0.705095 0.0210018 0.104697
0 0.33987 0.465079 0.0306486 0.106114
0 0.261754 0.948698 0.213307 0.0137192
0 0.330516 0.104904 0.0446247 0.112747
0 0.894712 0.464243 0.200321 0.0133539
0 0.505416 0.687673 0.201354 0.0162103
0 0.31849 0.830479 0.0319891 0.110324
0 0.866947 0.329744 0.201502 0.0148839
0 0.665627 0.509842 0.187254 0.0149226
0 0.288872 0.464757 0.0329813 0.103701
0 0.892323 0.475473 0.203855 0.0176926
0 0.134717 0.267923 0.113991 0.0202462
0 0.483711 0.454353 0.153248 0.0113081
0 0.568761 0.234745 0.0306372 0.103444
0 0.898354 0.987074 0.201654 0.0245953
0 0.671546 0.253854 0.205378 0.017839
0 0.673861 0.450167 0.231483 0.0161709
0 0.668331 0.474454 0.21577 0.01499
0 0.255347 0.986751 0.207157 0.0153149
0 0.667586 0.482035 0.208174 0.0169437
0 0.48427 0.46398 0.15619 0.0146452
0 0.886352 0.373579 0.218633 0.017063
0 0.529041 0.582967 0.207789 0.00979919
0 0.501362 0.682324 0.200561 0.0136317
0 0.378626 0.109885 0.0386589 0.103499
0 0.898283 0.720167 0.194394 0.016116
0 0.270434 0.619486 0.203014 0.0183318
0 0.521436 0.627125 0.197487 0.0109205
0 0.133132 0.109931 0.0375488 0.10292
0 0.886464 0.235916 0.197084 0.00939789
0 0.643353 0.0125908 0.131395 0.0173182
0 0.672035 0.248381 0.200501 0.0138268
0 0.681852 0.980025 0.213286 0.0221214
0 0.527411 0.619289 0.205408 0.0109919
0 0.865403 0.322473 0.202661 0.0152637
0 0.662584 0.353725 0.0252168 0.085567
0 0.115954 0.109888 0.0316001 0.102922
0 0.718535 0.0109645 0.0300997 0.0214438
0 0.662035 0.584802 0.04658 0.0922614
0 0.547299 0.336855 0.212042 0.0110917
0 0.26909 0.611535 0.210621 0.0120467
0 0.0666491 0.950087 0.034421 0.0998251
0 0.314772 0.465436 0.024435 0.105254
0 0.88986 0.249818 0.204185 0.0163578
0 0.601448 0.831188 0.0356983 0.115053
0 0.441205 0.0106905 0.0179905 0.021381
0 0.146083 0.818967 0.221425 0.0173801
0 0.98573 0.833644 0.0265686 0.107796
0 0.479113 0.0112076 0.0213988 0.0220561
0 0.763567 0.710238 0.0332187 0.0913973
0 0.136456 0.255815 0.196319 0.0104033
0 0.153658 0.108562 0.028737 0.104642
0 0.147791 0.107895 0.0356296 0.106809
0 0.255895 0.994519 0.195364 0.0106184
0 0.139242 0.267164 0.210585 0.0185722
0 0.728218 0.0106322 0.0344581 0.0212643
0 0.232213 0.321739 0.195885 0.00965204
0 0.363775 0.464537 0.0234813 0.103391
0 0.27117 0.61562 0.210601 0.0094677
0 0.394947 0.108626 0.0360556 0.10576
0 0.477925 0.228682 0.0485168 0.104397
0 0.691868 0.188642 0.2033 0.00810585
0 0.407146 0.104333 0.0458243 0.1147
0 0.0505041 0.348821 0.0250769 0.0974228
0 0.253855 0.465193 0.0266543 0.103679
0 0.898763 0.445244 0.200143 0.0145216
0 0.266371 0.543663 0.213585 0.0220325
0 0.547904 0.362667 0.212488 0.00935974
0 0.700835 0.579588 0.0370154 0.101853
0 0.335248 0.00867009 0.166702 0.013905
0 0.259858 0.931064 0.218774 0.0247267
0 0.889112 0.620502 0.219818 0.0186258
0 0.50815 0.994753 0.136255 0.0101288
0 0.686732 0.995016 0.216028 0.00988274
0 0.884177 0.36855 0.216361 0.0161355
0 0.760195 0.0989888 0.0498472 0.11592
0 0.468267 0.0116443 0.0246574 0.0228826
0 0.091071 0.269199 0.109379 0.0175549
