0 0.9411420203124999 0.2072158203125 0.196193265625 0.20390625 0.175109809375 0.25874511718750004 0.9411420203124999 0.2618681640625 0.9411420203124999 0.2072158203125
0 0.9130307468750001 0.275921875 0.1756954609375 0.246875 0.17979502187500002 0.2806064453125 0.910688140625 0.30090625000000004 0.9130307468750001 0.275921875
0 0.9341142015624999 0.2993447265625 0.1229868234375 0.2859375 0.1188872625 0.3149599609375 0.9341142015624999 0.3243291015625 0.9341142015624999 0.2993447265625
0 0.8755490484375 0.33682128906250003 0.12591508125 0.32890625 0.12122986875 0.37117480468749997 0.8755490484375 0.3774208984375 0.8755490484375 0.33682128906250003
0 0.908345534375 0.3836669921875 0.1112737921875 0.377734375 0.10483162500000001 0.41958203125000004 0.9036603218750001 0.4336357421875 0.908345534375 0.3836669921875
0 0.898975109375 0.4367587890625 0.081991215625 0.416796875 0.08374817031250001 0.44456640625 0.9013177156250001 0.4679892578125 0.898975109375 0.4367587890625
0 0.9317715953124999 0.574171875 0.10248901875000001 0.553515625 0.09077598906249999 0.5913486328124999 0.924743778125 0.6069638671875001 0.9317715953124999 0.574171875
0 0.9575402640625 0.466427734375 0.1317715953125 0.455859375 0.1188872625 0.5039033203125001 0.9528550515624999 0.5195185546875 0.9575402640625 0.466427734375
0 0.922401171875 0.5632412109375 0.922401171875 0.526171875 0.034553440625 0.50546484375 0.013469985937500002 0.55543359375 0.922401171875 0.5632412109375
0 0.9622254765625 0.6178945312499999 0.081991215625 0.588671875 0.0767203515625 0.624140625 0.9551976578125 0.6506865234375 0.9622254765625 0.6178945312499999
0 0.924743778125 0.658494140625 0.1112737921875 0.6453125 0.11185944375000001 0.6881630859375 0.917715959375 0.7022167968749999 0.924743778125 0.658494140625
0 0.917715959375 0.7022167968749999 0.10248901875000001 0.684375 0.1188872625 0.714708984375 0.920058565625 0.7318857421875 0.917715959375 0.7022167968749999
0 0.9294289890625 0.758431640625 0.1317715953125 0.74296875 0.1282576859375 0.8099609375 0.924743778125 0.8349453125 0.9294289890625 0.758431640625
0 0.898975109375 0.7303242187500001 0.1610541734375 0.71953125 0.15402635468749998 0.74281640625 0.896632503125 0.7599931640625 0.898975109375 0.7303242187500001