0 0.9458701171874999 0.2788971359375 0.615234375 0.25334765625 0.6177451171875 0.31013802031250004 0.9469863281249999 0.339890625 0.9458701171874999 0.2788971359375
0 0.60546875 0.21195312500000002 0.581751953125 0.2049856765625 0.5228798828125 0.6270078125 0.537388671875 0.63593359375 0.60546875 0.21195312500000002
0 0.529576171875 0.2580703125 0.4575888671875 0.2552083328125 0.4525673828125 0.7861875 0.5083701171875 0.7846992187499999 0.529576171875 0.2580703125
0 0.45145117187499995 0.2788971359375 0.41015625 0.2775299484375 0.40457617187499995 0.7966002609375 0.44810253906249997 0.7921380203124999 0.45145117187499995 0.2788971359375
0 0.0853798828125 0.2956510421875 0.0474326171875 0.2980286453125 0.099888671875 0.8594713546875001 0.1434150390625 0.8594713546875001 0.0853798828125 0.2956510421875
0 0.15234375 0.3581328125 0.0948662109375 0.3668528640625 0.1434150390625 0.8817864578125001 0.19921875 0.8698854171875 0.15234375 0.3581328125
0 0.1802451171875 0.2897005203125 0.150669921875 0.2887278640625 0.21484375 0.857984375 0.24720996093749997 0.8505455734374999 0.1802451171875 0.2897005203125
0 0.290736328125 0.3536692703125 0.2511162109375 0.3649921875 0.295201171875 0.8416197921874999 0.3286826171875 0.8386445312499999 0.290736328125 0.3536692703125
0 0.314173828125 0.2956510421875 0.2957587890625 0.2998880203125 0.3387275390625 0.8252565109375001 0.353236328125 0.82079296875 0.314173828125 0.2956510421875
0 0.3934150390625 0.2673854171875 0.3431923828125 0.26640625 0.357701171875 0.7999661453125 0.4068076171875 0.794015625 0.3934150390625 0.2673854171875
0 0.94921875 0.3715221359375 0.591517578125 0.3389505203125 0.5887275390625 0.38044791718750004 0.9481025390625 0.41168880156250004 0.94921875 0.3715221359375
0 0.9503349609375 0.439953125 0.591517578125 0.4207955734375 0.5887275390625 0.47714453125 0.9447548828125001 0.49499739531250003 0.9503349609375 0.439953125
0 0.9458701171874999 0.5559908859375 0.5831474609375 0.5472838546875 0.5831474609375 0.6333489578125 0.9291298828125001 0.6318606765625 0.9458701171874999 0.5559908859375
0 0.9369423828125001 0.5113606765625 0.5831474609375 0.49148046875 0.576451171875 0.53367578125 0.93359375 0.55152734375 0.9369423828125001 0.5113606765625
0 0.92578125 0.6378111984375 0.5385048828125 0.6440104171875001 0.5340400390625 0.71070703125 0.9135048828125001 0.6943424484375 0.92578125 0.6378111984375
0 0.91015625 0.7047565109375 0.523158203125 0.7184153640625001 0.5262275390625 0.8074036453125 0.90234375 0.7761627609375 0.91015625 0.7047565109375