0 0.4609375 0.228125 0.446875 0.05625
0 0.47578125 0.1859375 0.434375 0.0515625
0 0.484375 0.49296875 0.409375 0.05
0 0.49140625 0.14375 0.440625 0.0546875
0 0.478125 0.52421875 0.41875 0.05625
0 0.4828125 0.640625 0.38125 0.0578125
0 0.453125 0.35 0.428125 0.059375
0 0.47734375 0.46796875 0.3890625 0.0421875
0 0.49609375 0.56328125 0.3765625 0.046875
0 0.4375 0.30703125 0.415625 0.053125
0 0.43359375 0.4015625 0.459375 0.0828125
0 0.4671875 0.27265625 0.44375 0.0578125
0 0.4421875 0.70390625 0.3859375 0.0546875
0 0.5171875 0.10859375 0.371875 0.046875
0 0.4546875 0.665625 0.3796875 0.0625
0 0.45078125 0.753125 0.425 0.0859375