0 0.8253776437499999 0.7520614921875 0.0350453171875 0.7488377015625 0.0350453171875 0.8052530234375 0.803625378125 0.8086693546875001 0.8253776437499999 0.7520614921875
0 0.8205438062500001 0.729494959375 0.06646525625000001 0.7085403218749999 0.0640483390625 0.7343306453125 0.8247734140625 0.764314515625 0.8205438062500001 0.729494959375
0 0.8833836859374999 0.694033265625 0.042296071875 0.6843618953124999 0.042296071875 0.7101522171875 0.8791540781249999 0.7239919359375 0.8833836859374999 0.694033265625
0 0.8809667671874999 0.636005040625 0.10271903281250001 0.629557459375 0.10271903281250001 0.671466734375 0.8761329312499999 0.679637096875 0.8809667671874999 0.636005040625
0 0.897885196875 0.586036290625 0.07371601250000001 0.571529234375 0.068882175 0.6231098796875 0.8912386703124999 0.6292338703125 0.897885196875 0.586036290625
0 0.9196374625000001 0.5602459671875 0.07613293125000001 0.5360675406250001 0.0785498484375 0.56830544375 0.9214501515625001 0.588911290625 0.9196374625000001 0.5602459671875
0 0.9123867062500001 0.40872883125000004 0.05196374687500001 0.3926098796875 0.044712990625 0.42645967812499996 0.9003021140625 0.44778225781250003 0.9123867062500001 0.40872883125000004
0 0.8833836859374999 0.49899495937499994 0.022960725 0.48287600781249995 0.0181268875 0.5376794359375 0.8700906343750001 0.5485887093749999 0.8833836859374999 0.49899495937499994
0 0.97039275 0.4973830640625 0.992145015625 0.44580241875000004 0.05438066406249999 0.43774294375 0.05438066406249999 0.47600806406249996 0.97039275 0.4973830640625
0 0.9268882171874999 0.3748790328125 0.020543806249999998 0.34747681406250003 0.0132930515625 0.3813266125 0.9214501515625001 0.41149193593750005 0.9268882171874999 0.3748790328125
0 0.890634440625 0.30879133125 0.0592145015625 0.2942842734375 0.05196374687500001 0.3394173390625 0.8912386703124999 0.35302419375 0.890634440625 0.30879133125
0 0.8833836859374999 0.2813891125 0.056797582812500004 0.263658265625 0.0592145015625 0.2942842734375 0.9003021140625 0.3127016125 0.8833836859374999 0.2813891125
0 0.8737160125000001 0.18306451562499998 0.05196374687500001 0.15727419375 0.047129909375 0.23625604843749998 0.8700906343750001 0.2522177421875 0.8737160125000001 0.18306451562499998
0 0.847129909375 0.252375 0.0809667671875 0.234644153125 0.0785498484375 0.2652701609375 0.8398791546875 0.276411290625 0.847129909375 0.252375