0 0.20625 0.33125 0.0640625 0.3890625
0 0.359375 0.3359375 0.0984375 0.478125
0 0.15078125 0.334375 0.06875 0.35
0 0.1046875 0.33359375 0.0625 0.3265625
0 0.08984375 0.7890625 0.046875 0.346875
0 0.03203125 0.3296875 0.05625 0.2921875
0 0.06015625 0.76953125 0.034375 0.30625
0 0.0234375 0.73984375 0.046875 0.3078125
0 0.14140625 0.803125 0.0578125 0.3546875
0 0.009375 0.7296875 0.01875 0.26875
0 0.02890625 0.046875 0.0234375 0.09375
0 0.09921875 0.03359375 0.0296875 0.0671875
0 0.12421875 0.03203125 0.0578125 0.0640625
0 0.5412897265625001 0.020236621875 0.4627383359375 0.0300539328125 0.3981526703125 0.6060472906250001 0.4722214328125 0.6367681546874999 0.5412897265625001 0.020236621875
0 0.6004238 0.03949374375 0.5754236500000001 0.041806253125 0.49098261093750006 0.6264830515625001 0.530478034375 0.6372390671875 0.6004238 0.03949374375
0 0.6915533265625 0.020795540625 0.6122089234375 0.0313649296875 0.5225472828125 0.6447774265625 0.612314025 0.6651042640625 0.6915533265625 0.020795540625