0 0.20078125 0.34140625 0.05 0.3875
0 0.35390625 0.340625 0.08125 0.47578125
0 0.1453125 0.346875 0.05703125 0.3484375
0 0.09921875 0.34765625 0.05078125 0.325
0 0.1 0.803125 0.03515625 0.34609375
0 0.0265625 0.34609375 0.04609375 0.290625
0 0.06953125 0.784375 0.02421875 0.30625
0 0.03125 0.75703125 0.0390625 0.30703125
0 0.15234375 0.815625 0.0453125 0.353125
0 0.01328125 0.746875 0.02109375 0.26796875
0 0.0140625 0.059375 0.01953125 0.103125
0 0.0828125 0.04140625 0.0265625 0.08046875
0 0.10859375 0.03984375 0.0546875 0.07421875
0 0.5245210734375 0.019087890625 0.446360153125 0.031640625 0.401915709375 0.6095371093749999 0.47701149374999996 0.637654296875 0.5245210734375 0.019087890625
0 0.5842911875000001 0.03626953125 0.5593869734375 0.039453125 0.49540229843750005 0.626720703125 0.5352490421875 0.636091796875 0.5842911875000001 0.03626953125
0 0.6747126437500001 0.01440234375 0.595785440625 0.027734375 0.52758620625 0.64390234375 0.6180076624999999 0.661083984375 0.6747126437500001 0.01440234375