0 0.390625 0.33671875 0.078125 0.171875
0 0.46953125 0.33828125 0.075 0.1890625
0 0.6921875 0.31796875 0.1 0.228125
0 0.5625 0.8046875 0.1015625 0.228125
0 0.53828125 0.321875 0.06875 0.2140625
0 0.3609375 0.76953125 0.1 0.190625
0 0.2859375 0.11953125 0.08125 0.1796875
0 0.6609375 0.834375 0.0984375 0.2234375
0 0.4734375 0.0921875 0.0859375 0.18125
0 0.6046875 0.33359375 0.0640625 0.2015625
0 0.23046875 0.34296875 0.0734375 0.171875
0 0.56484375 0.0875 0.0984375 0.171875
0 0.7625 0.84140625 0.1140625 0.24375
0 0.2796875 0.34765625 0.0578125 0.165625
0 0.20859375 0.13359375 0.0671875 0.1734375
0 0.4609375 0.78046875 0.0875 0.2203125
0 0.309375 0.53984375 0.0625 0.159375
0 0.13828125 0.16171875 0.053125 0.14375
0 0.16171875 0.34609375 0.0640625 0.165625
0 0.13046875 0.71953125 0.0578125 0.1546875
0 0.06640625 0.165625 0.0609375 0.1609375
0 0.37890625 0.11171875 0.0671875 0.1640625
0 0.0984375 0.35859375 0.05625 0.1328125
0 0.1765625 0.52421875 0.0609375 0.146875
0 0.18046875 0.73046875 0.0625 0.153125
0 0.0484375 0.51484375 0.03125 0.1265625
0 0.08125 0.51953125 0.046875 0.1296875
0 0.26484375 0.7390625 0.1234375 0.18125
0 0.415625 0.54375 0.071875 0.16875
0 0.315625 0.328125 0.0875 0.1890625
0 0.825 0.1046875 0.1546875 0.0546875
0 0.8359375 0.0453125 0.15 0.0703125
0 0.0765625 0.6984375 0.078125 0.1375
0 0.8109375 0.521875 0.140625 0.04375
0 0.81953125 0.2125 0.140625 0.0328125
0 0.72421875 0.08125 0.0734375 0.1484375
0 0.5390625 0.9671875 0.159375 0.065625
0 0.82265625 0.2609375 0.140625 0.034375
0 0.81953125 0.3859375 0.1484375 0.046875
0 0.81875 0.33984375 0.15 0.053125
0 0.64140625 0.08203125 0.0546875 0.1546875
0 0.80703125 0.565625 0.1453125 0.040625
0 0.478125 0.55234375 0.0359375 0.165625
0 0.81953125 0.23671875 0.1390625 0.0375
0 0.07890625 0.946875 0.0765625 0.065625
0 0.11640625 0.521875 0.0265625 0.1265625
0 0.82265625 0.2984375 0.1453125 0.034375
0 0.79609375 0.66875 0.1453125 0.046875
0 0.7109375 0.575 0.0578125 0.1875
0 0.49453125 0.553125 0.0375 0.16875
0 0.8125 0.5453125 0.1453125 0.0390625
0 0.80234375 0.6015625 0.1359375 0.0421875
0 0.80078125 0.64296875 0.140625 0.0453125
0 0.06171875 0.359375 0.0234375 0.1203125
0 0.2453125 0.52890625 0.0640625 0.15
0 0.2859375 0.66640625 0.10625 0.05
0 0.3984375 0.90625 0.121875 0.0671875
0 0.23125 0.5296875 0.021875 0.1375
0 0.5671875 0.56015625 0.04375 0.1734375
0 0.20703125 0.890625 0.096875 0.0546875
0 0.40390625 0.9578125 0.128125 0.075
0 0.29765625 0.915625 0.0875 0.046875
0 0.1578125 0.2609375 0.0671875 0.0265625
0 0.03203125 0.5125 0.01875 0.1203125