0 0.38515625 0.340625 0.07265625 0.16875
0 0.4640625 0.3390625 0.06796875 0.18671875
0 0.6859375 0.31171875 0.0921875 0.225
0 0.5734375 0.80234375 0.09375 0.225
0 0.53203125 0.3203125 0.06171875 0.2125
0 0.3703125 0.77421875 0.09296875 0.1875
0 0.27265625 0.12734375 0.07578125 0.17734375
0 0.67265625 0.82890625 0.090625 0.2203125
0 0.459375 0.09296875 0.0796875 0.178125
0 0.5984375 0.3296875 0.05703125 0.2
0 0.225 0.35234375 0.0671875 0.16953125
0 0.55078125 0.08515625 0.0921875 0.16953125
0 0.77421875 0.83203125 0.10546875 0.240625
0 0.27421875 0.35546875 0.0515625 0.16328125
0 0.19609375 0.14375 0.0609375 0.171875
0 0.47109375 0.78203125 0.08046875 0.21796875
0 0.3109375 0.54609375 0.05625 0.1578125
0 0.1265625 0.17421875 0.04765625 0.14140625
0 0.15625 0.3578125 0.0578125 0.16328125
0 0.13828125 0.73203125 0.053125 0.15234375
0 0.0546875 0.18125 0.05546875 0.15859375
0 0.365625 0.11640625 0.06171875 0.16171875
0 0.09375 0.37265625 0.05234375 0.13125
0 0.17734375 0.53515625 0.05625 0.14453125
0 0.1890625 0.74140625 0.0578125 0.1515625
0 0.04921875 0.53046875 0.0265625 0.12578125
0 0.08203125 0.534375 0.0421875 0.128125
0 0.2734375 0.746875 0.1171875 0.17734375
0 0.4171875 0.546875 0.065625 0.1671875
0 0.309375 0.334375 0.08125 0.18671875
0 0.8109375 0.09375 0.153125 0.04921875
0 0.81953125 0.03359375 0.1484375 0.06484375
0 0.08359375 0.71328125 0.0734375 0.134375
0 0.81171875 0.5109375 0.13984375 0.03828125
0 0.809375 0.2015625 0.13984375 0.028125
0 0.709375 0.0734375 0.06875 0.14609375
0 0.55625 0.9671875 0.15703125 0.06328125
0 0.8140625 0.25 0.1390625 0.0296875
0 0.815625 0.375 0.14765625 0.0421875
0 0.81328125 0.32890625 0.1484375 0.04765625
0 0.6265625 0.07734375 0.05 0.15234375
0 0.809375 0.5546875 0.14453125 0.03515625
0 0.4796875 0.553125 0.0296875 0.1640625
0 0.81015625 0.22578125 0.1375 0.03203125
0 0.09453125 0.9609375 0.075 0.0625
0 0.1171875 0.53515625 0.021875 0.1265625
0 0.815625 0.2875 0.14375 0.0296875
0 0.8015625 0.65859375 0.14453125 0.04140625
0 0.71328125 0.56796875 0.05078125 0.18515625
0 0.49609375 0.553125 0.03203125 0.16796875
0 0.8140625 0.534375 0.14453125 0.03359375
0 0.80546875 0.590625 0.13515625 0.03671875
0 0.80546875 0.63203125 0.13984375 0.040625
0 0.05703125 0.375 0.01953125 0.11953125
0 0.24609375 0.5375 0.05859375 0.14765625
0 0.2921875 0.6734375 0.1046875 0.046875
0 0.4125 0.909375 0.1203125 0.06328125
0 0.2328125 0.5390625 0.01640625 0.13671875
0 0.56953125 0.5578125 0.03828125 0.171875
0 0.22109375 0.90078125 0.09453125 0.05078125
0 0.4203125 0.9609375 0.125 0.0703125
0 0.3125 0.92265625 0.08671875 0.04375
0 0.15 0.27265625 0.06640625 0.025
0 0.0328125 0.52890625 0.01484375 0.1203125