0 0.063904296875 0.211651315625 0.054208984375000005 0.22698421093749999 0.29283203125 0.536298684375 0.3049248046875 0.5228184203125 0.063904296875 0.211651315625
0 0.0935107421875 0.2183907890625 0.087046875 0.2262815796875 0.3140986328125 0.5295578953125 0.3241064453125 0.5228184203125 0.0935107421875 0.2183907890625
0 0.107697265625 0.21744605312499998 0.10172265625000002 0.22103289531249998 0.3305185546875 0.5253052625 0.33503906250000004 0.5192171046875 0.107697265625 0.21744605312499998
0 0.3059755859375 0.6090355265625 0.27368261718750003 0.6267684203125 0.384125 0.9986842109375 0.42029296875 0.9942934203125 0.3059755859375 0.6090355265625
0 0.43773144531249997 0.5768578953125 0.42465234374999994 0.584346053125 0.5488193359375 0.99777236875 0.5617363281250001 0.9821184203125 0.43773144531249997 0.5768578953125
0 0.36344140625 0.6106394734375 0.3576416015625 0.613153946875 0.48252636718749997 0.9986842109375 0.49283691406249996 0.9965881578125 0.36344140625 0.6106394734375
0 0.509849609375 0.5481657890625 0.4936103515625 0.55932236875 0.6150156250000001 0.96882236875 0.63202734375 0.962575 0.509849609375 0.5481657890625
0 0.832048828125 0.466548684375 0.7964785156249999 0.48465394687499996 0.8604033203125001 0.89345263125 0.8903027343750001 0.8767934203125 0.832048828125 0.466548684375
0 0.8500927734375001 0.469325 0.835142578125 0.47834868437500006 0.893396484375 0.869851315625 0.9047373046875 0.8552736843750001 0.8500927734375001 0.469325
0 0.908861328125 0.45058289531250006 0.8854052734375 0.46294736875 0.928451171875 0.8483328953125 0.9531962890625 0.8330618421875 0.908861328125 0.45058289531250006
0 0.836173828125 0.0397342109375 0.815810546875 0.0661605265625 0.951650390625 0.3652921046875 0.9805185546875 0.3382197375 0.836173828125 0.0397342109375
0 0.7750839843749999 0.0459697375 0.7507255859375 0.07310657968749999 0.9049951171874999 0.377775 0.9271630859375 0.3548684203125 0.7750839843749999 0.0459697375
0 0.7436376953125 0.08067763125 0.7352607421874999 0.086998684375 0.891591796875 0.37985789531249997 0.8972626953124999 0.37152763125 0.7436376953125 0.08067763125
0 0.47595410156250006 0.10844342031250001 0.467833984375 0.1199907890625 0.6661806640625 0.44094342031249995 0.6744287109375 0.43053026250000004 0.47595410156250006 0.10844342031250001
0 0.2809580078125 0.13604473749999998 0.260337890625 0.1581947375 0.46448339843750003 0.4900631578125 0.4866513671875 0.46785 0.2809580078125 0.13604473749999998
0 0.3995283203125 0.191576315625 0.3898623046875 0.20247500000000002 0.5531533203125 0.47132105312499994 0.5681025390625 0.458826315625 0.3995283203125 0.191576315625
0 0.3505537109375 0.1665868421875 0.34604296875 0.17382236874999998 0.5299541015625 0.476873684375 0.536140625 0.46785 0.3505537109375 0.1665868421875