0 0.8329305140625 0.7429889109375 0.0425981875 0.7397651203125 0.0425981875 0.79618044375 0.8111782484375001 0.7995967734375 0.8329305140625 0.7429889109375
0 0.8280966765625 0.7204223796875 0.0740181265625 0.6994677421875 0.0716012078125 0.7252580640625 0.8323262843749999 0.7552419359375 0.8280966765625 0.7204223796875
0 0.89093655625 0.6849606859375 0.0498489421875 0.6752893140625 0.0498489421875 0.7010796375 0.8867069484375 0.7149193546875 0.89093655625 0.6849606859375
0 0.8885196375 0.6269324593750001 0.11027190312499999 0.6204848796875 0.11027190312499999 0.6623941531249999 0.8836858 0.670564515625 0.8885196375 0.6269324593750001
0 0.9054380671875 0.576963709375 0.0812688828125 0.562456653125 0.0764350453125 0.6140372984375 0.898791540625 0.620161290625 0.9054380671875 0.576963709375
0 0.9271903328125 0.5511733875 0.0836858 0.526994959375 0.08610271875 0.5592328625 0.929003021875 0.5798387093749999 0.9271903328125 0.5511733875
0 0.9199395765625 0.39965625 0.059516615625000005 0.3835372984375 0.0522658609375 0.41738709687500003 0.907854984375 0.43870967812500006 0.9199395765625 0.39965625
0 0.89093655625 0.48992237968749996 0.030513595312500003 0.473803428125 0.0256797578125 0.5286068546875 0.8776435046875 0.5395161296875 0.89093655625 0.48992237968749996
0 0.97794561875 0.488310484375 0.9996978859375 0.43672983906249996 0.061933534375 0.4286703625 0.061933534375 0.466935484375 0.97794561875 0.488310484375
0 0.9344410875 0.3658064515625 0.0280966765625 0.338404234375 0.020845921875 0.3722540328125 0.929003021875 0.4024193546875 0.9344410875 0.3658064515625
0 0.8981873109375 0.29971875 0.06676737187500001 0.28521169375 0.059516615625000005 0.3303447578125 0.898791540625 0.3439516125 0.8981873109375 0.29971875
0 0.89093655625 0.2723165328125 0.064350453125 0.25458568593750003 0.06676737187500001 0.28521169375 0.907854984375 0.30362903281250003 0.89093655625 0.2723165328125
0 0.8812688828124999 0.1739919359375 0.059516615625000005 0.1482016125 0.0546827796875 0.22718346718750002 0.8776435046875 0.2431451609375 0.8812688828124999 0.1739919359375
0 0.8546827796875001 0.24330241875 0.0885196375 0.225571571875 0.08610271875 0.25619758125000003 0.8474320234375 0.26733870937500004 0.8546827796875001 0.24330241875