0 0.65390625 0.525 0.2453125 0.040625
0 0.3921875 0.57421875 0.05 0.4
0 0.65703125 0.82890625 0.2296875 0.0484375
0 0.6328125 0.5890625 0.2953125 0.0640625
0 0.653125 0.87109375 0.246875 0.0765625
0 0.253125 0.8828125 0.2296875 0.0640625
0 0.6390625 0.5515625 0.2734375 0.05
0 0.675 0.9125 0.2390625 0.0859375
0 0.753125 0.3625 0.2390625 0.0828125
0 0.6328125 0.63125 0.30625 0.05625
0 0.63984375 0.7125 0.30625 0.0515625
0 0.19375 0.14375 0.2234375 0.059375
0 0.63515625 0.6734375 0.3109375 0.0609375
0 0.17890625 0.73984375 0.275 0.071875
0 0.64140625 0.7515625 0.3046875 0.0578125
0 0.18828125 0.1921875 0.2671875 0.0609375
0 0.1875 0.778125 0.2890625 0.05
0 0.43359375 0.8453125 0.196875 0.0390625
0 0.478125 0.37421875 0.265625 0.1171875
0 0.89140625 0.56875 0.065625 0.353125
0 0.29609375 0.565625 0.0890625 0.40625
0 0.19921875 0.95234375 0.0671875 0.0953125
0 0.234375 0.54921875 0.053125 0.353125
0 0.8046875 0.578125 0.0515625 0.346875
0 0.4328125 0.57734375 0.0453125 0.3875
0 0.86875 0.084375 0.046875 0.16875
0 0.3046875 0.953125 0.05625 0.09375
0 0.80625 0.08671875 0.0375 0.1734375
0 0.48828125 0.5796875 0.05 0.353125
0 0.24921875 0.06484375 0.0328125 0.1109375
0 0.2546875 0.95234375 0.053125 0.0953125
0 0.7484375 0.090625 0.04375 0.18125
0 0.35546875 0.95390625 0.0515625 0.0921875
0 0.17265625 0.06953125 0.0453125 0.115625
0 0.7796875 0.090625 0.046875 0.18125
0 0.1453125 0.55 0.0546875 0.346875
0 0.83515625 0.0875 0.0421875 0.175
0 0.5875 0.46171875 0.0390625 0.0828125
0 0.6453125 0.45078125 0.05 0.096875
0 0.221875 0.065625 0.0328125 0.1140625
0 0.078125 0.09453125 0.034375 0.15625
0 0.1203125 0.07265625 0.03125 0.1203125
0 0.18828125 0.546875 0.05625 0.346875
0 0.92265625 0.90390625 0.075 0.1609375
0 0.353125 0.56953125 0.0578125 0.40625
0 0.09921875 0.5546875 0.0625 0.3609375
0 0.85546875 0.56484375 0.0421875 0.3640625
0 0.35625 0.10234375 0.028125 0.1890625
0 0.04609375 0.57421875 0.0453125 0.30625
0 0.14765625 0.95703125 0.0453125 0.0859375
0 0.5109375 0.034375 0.034375 0.06875
0 0.31875 0.08203125 0.025 0.15
0 0.33515625 0.103125 0.025 0.1921875
0 0.46015625 0.590625 0.0359375 0.3640625
0 0.5328125 0.48203125 0.06875 0.14375
0 0.834375 0.57578125 0.0328125 0.34375