0 0.045237981249999996 0.0860680875 0.0082025171875 0.0863602890625 0.020123321875 0.3279542171875 0.056332743750000004 0.3260565625 0.045237981249999996 0.0860680875
0 0.18922223124999998 0.07629941875 0.1412178921875 0.0793892484375 0.14938518437499998 0.3200689921875 0.20475106406250002 0.3160564921875 0.18922223124999998 0.07629941875
0 0.3442902796875 0.0659508515625 0.28875959687499997 0.06679380625 0.30235364531250003 0.31205225468750003 0.35479167500000003 0.3087486453125 0.3442902796875 0.0659508515625
0 0.48288606562499997 0.0664655921875 0.45361674374999994 0.0664896515625 0.4549319984375 0.31072330312499996 0.49105427968750004 0.307162890625 0.48288606562499997 0.0664655921875
0 0.59547110625 0.0655652765625 0.5729953125 0.064402084375 0.5760075828125 0.302155228125 0.5966702078125 0.300516896875 0.59547110625 0.0655652765625
0 0.636682690625 0.0884075078125 0.620380084375 0.0848437265625 0.6144921265625001 0.3012502140625 0.6424862390625 0.29811578125 0.636682690625 0.0884075078125
0 0.035916446875 0.4030773015625 0.035824029687499995 0.4154702171875 0.29443745 0.4013614125 0.2898708921875 0.3849333625 0.035916446875 0.4030773015625
0 0.14616935 0.4283593375 0.0911615125 0.43213793437500003 0.11022912343749999 0.6757776234375 0.1668979109375 0.6683631703125 0.14616935 0.4283593375
0 0.311814278125 0.42186484531249996 0.2675889359375 0.422822334375 0.2806874046875 0.67628886875 0.328749475 0.674325490625 0.311814278125 0.42186484531249996
0 0.598024434375 0.648021875 0.6017236140625 0.704474978125 0.978210834375 0.691411459375 0.977291775 0.6314555171875 0.598024434375 0.648021875
0 0.703409696875 0.7147472953125 0.7147934593749999 0.7552196765625 0.9392389328125 0.73956786875 0.9105731703125001 0.7016235390625 0.703409696875 0.7147472953125
0 0.71681713125 0.7585049875000001 0.7175192 0.7789669890625001 0.9461954312499999 0.7592043375 0.940745103125 0.7400443828125 0.71681713125 0.7585049875000001
0 0.0621328875 0.77961678125 0.0628114875 0.7854994843750001 0.2772892765625 0.77759285 0.2769408125 0.7709437718750001 0.0621328875 0.77961678125
0 0.09016433125 0.7418411234375 0.0639079859375 0.778134153125 0.2784773125 0.7719741453125 0.283689090625 0.730031596875 0.09016433125 0.7418411234375
0 0.500946059375 0.8281726968750001 0.5067167796875001 0.998393025 0.5451735421875 0.996933040625 0.54592371875 0.8274388359374999 0.500946059375 0.8281726968750001
0 0.6010135546875001 0.8111182515625 0.603573071875 0.9942802359374999 0.62130915 0.9933507265625 0.6177618093749999 0.812562053125 0.6010135546875001 0.8111182515625
0 1 0.9056862015625 0.6990339640625 0.9317209234374999 0.6999903765625 0.939371784375 1 0.9113294 1 0.9056862015625
0 1 0.915469146875 0.7251741640625 0.9391638328124999 0.7246703375 0.9719695359375 1 0.947272353125 1 0.915469146875
0 0.2974963515625 1 0.2830935078125 0.8317686 0.26865536093750003 0.8320099171875001 0.2757258671875 1 0.2974963515625 1
0 0.3823279890625 1 0.3736385375 0.8203559953124999 0.3413026921875 0.8219509 0.354736234375 1 0.3823279890625 1
0 0.438612384375 1 0.427613065625 0.818082759375 0.399112675 0.8256882937500001 0.40606378593750003 1 0.438612384375 1
0 0.1785724765625 1 0.16059373906250002 0.813186503125 0.13618064218749998 0.8139437390625 0.153385559375 1 0.1785724765625 1
0 0.22856448281250002 1 0.21397490156250001 0.813722584375 0.1658842890625 0.8151662359375 0.17761555625 1 0.22856448281250002 1
0 0.4812701078125 0.379911371875 0.48162471562500003 0.40655628281249995 0.818455896875 0.39764518125000003 0.8169220546875 0.36837772812499997 0.4812701078125 0.379911371875
0 0.47872671093749997 0.41482573125 0.42592352031249997 0.416386296875 0.438658796875 0.667326384375 0.4908848984375 0.66271566875 0.47872671093749997 0.41482573125
0 0.3724808421875 0.4216426234375 0.31388036874999997 0.42381994062499995 0.331451453125 0.6716951234375 0.3913501234375 0.6704296281250001 0.3724808421875 0.4216426234375
0 0.227965625 0.42921634375 0.19336896718750002 0.42857396562499994 0.2149464203125 0.673430646875 0.24653988125 0.6723988046875 0.227965625 0.42921634375
0 0.9909715109375 0.43169041249999995 0.95876494375 0.4329656125 0.9625242796875 0.61988929375 0.9876037984374999 0.621697375 0.9909715109375 0.43169041249999995
0 0.9224912796875 0.5870185125 0.5918542437500001 0.6028854796875 0.6000613796875001 0.648251521875 0.9796238234375 0.628359496875 0.9224912796875 0.5870185125
0 0.7144438281250001 0.08158333437500001 0.6769239828125 0.08076851093750001 0.6865038 0.2953581046875 0.7163388546875 0.29254475625 0.7144438281250001 0.08158333437500001
0 0.5628232734374999 0.0489415796875 0.523266971875 0.0490011359375 0.532590265625 0.2984282671875 0.5724900890625 0.2969620859375 0.5628232734374999 0.0489415796875
0 0 0.0650606578125 0.28619811875 0.0465788703125 0.28697872343749997 0.029677940625 0 0.0465953734375 0 0.0650606578125
0 0 0.0434759046875 0.2379347859375 0.029873876562500002 0.240539065625 0.015999815625 0 0.030909215625000003 0 0.0434759046875
0 0.6946328187499999 0.059540148437499996 0.6933713046875 0.075176428125 0.9704344 0.07002251875 0.9698796078124999 0.059436460937500005 0.6946328187499999 0.059540148437499996
0 0.5534788140625 0.410793725 0.5197068140625001 0.4131982984375 0.5302173453125001 0.661818046875 0.572594878125 0.6572736375 0.5534788140625 0.410793725
0 0.32937935937499996 1 0.32122710312499997 0.8207088562499999 0.34050200468749997 0.765547340625 0.3104929109375 0.7651642453124999 0.28673574375 0.8094370234375001 0.2954680765625 1 0.32937935937499996 1
0 0.109441525 1 0.093553415625 0.8303182109374999 0.09717022187499999 0.799813678125 0.0619088234375 0.7987279421875 0.043324309374999995 0.8173041640625 0.0401389421875 0.8311617390625001 0.0652757828125 1 0.109441525 1