0 0.8602083468749999 0.42898271718750003 0.5846636593750001 0.43070531250000005 0.5894689765625001 0.492878071875 0.8625808234375001 0.4929935078125 0.8602083468749999 0.42898271718750003
0 0.8590296937499999 0.596444684375 0.5847381281249999 0.613946759375 0.5835032124999999 0.6346705515625 0.85955758125 0.616226440625 0.8590296937499999 0.596444684375
0 0 0.8810280531249999 0.0668134359375 0.89199695 0.0734303328125 0.41292227812500004 0.0145736734375 0.4105744171875 0 0.76884584375 0 0.8810280531249999
0 0.3814737921875 0.611371571875 0.156446846875 0.593381675 0.1575957875 0.640029925 0.38165667812500004 0.6509185468750001 0.3814737921875 0.611371571875
0 0.40569754375 0.5830947156249999 0.14076713125 0.5644851359375 0.1388126609375 0.585752440625 0.4066202453125 0.60280783125 0.40569754375 0.5830947156249999
0 0.3808034921875 0.6546972015625 0.121895490625 0.6478937421875 0.12327404374999999 0.653577521875 0.381108453125 0.6614548546875 0.3808034921875 0.6546972015625
0 0.398063953125 0.6817786046875 0.17049561093750001 0.6754831140625 0.1709042953125 0.706514503125 0.3975336546875 0.7121593921875 0.398063953125 0.6817786046875
0 0.3882970671875 0.7091839375 0.1582249265625 0.7132682046875 0.15496298125000002 0.7490083859375 0.387432878125 0.7586933218749999 0.3882970671875 0.7091839375
0 0.374465328125 0.775913640625 0.11445780624999999 0.7716135109375 0.1159832703125 0.82936898125 0.37629059531250003 0.8406662953125 0.374465328125 0.775913640625
0 0.394804059375 0.8443649640625001 0.16668958125 0.8330422484375 0.16774159375 0.8634767015625 0.3968252359375 0.8736651171875 0.394804059375 0.8443649640625001
0 0.5273510078125 0.5073209046875 0.5012201609375 0.5046300734375 0.4906559234375 0.89218701875 0.5179831640625 0.8988550656250001 0.5273510078125 0.5073209046875
0 0.5375661843749999 0.5570236796875 0.526188571875 0.5557311671875 0.51674365 0.9033354171875001 0.529318384375 0.9086194843750001 0.5375661843749999 0.5570236796875
0 0.865929834375 0.6544893125 0.5642486156250001 0.67320756875 0.5641487515625 0.6970584171875001 0.8671663140625 0.680398953125 0.865929834375 0.6544893125
0 0.8461491359375 0.79596511875 0.5649705843749999 0.8132545203125 0.5695764234375 0.8457278703125001 0.8493296640624999 0.8314765546875 0.8461491359375 0.79596511875
0 0.576211071875 0.7437851656250001 0.5761043328125 0.7619865953125 0.8405349578125 0.7547840421875 0.8395828062499999 0.7367581703125 0.576211071875 0.7437851656250001
0 0.62699589375 0.7671893703125 0.627235078125 0.78370256875 0.8469745546875 0.7729057 0.845610409375 0.7543100484374999 0.62699589375 0.7671893703125
0 0.5682380874999999 0.5353551578125 0.570957946875 0.5730294578125 0.8530038187500001 0.568386025 0.8503531328125 0.5266927890625 0.5682380874999999 0.5353551578125
0 0.9631168421874999 0.432326103125 0.938103253125 0.420072584375 0.9274716453125 0.8537916375 0.9667156140625 0.855039228125 0.9631168421874999 0.432326103125
0 0.9680102265625001 0.0310079328125 0.9269917875000001 0.028628940624999998 0.9557181625 0.37240269531250003 0.98777665 0.37408745 0.9680102265625001 0.0310079328125
0 0.7819010390625001 0.026071628125000003 0.7671397609375 0.025134178125 0.7787661859375 0.37498933125 0.8003413125 0.37255169375 0.7819010390625001 0.026071628125000003
0 0.7647211125 0.0185492984375 0.7267088625 0.0132679 0.7349964015625 0.3669559890625 0.773768475 0.371009575 0.7647211125 0.0185492984375
0 0.7046975078125 0.02256745625 0.6738992140625 0.0151616375 0.67931070625 0.36429623437499997 0.7096318671875 0.36876489375 0.7046975078125 0.02256745625
0 0.344175103125 0.037995271875 0.32835589062500004 0.037178699999999995 0.32308737656250003 0.351098103125 0.33868548125000003 0.352495540625 0.344175103125 0.037995271875
0 0.3865200671875 0.07925489999999999 0.3646010984375 0.07721840468749999 0.36528597343749997 0.35239726875 0.3842899671875 0.3521663984375 0.3865200671875 0.07925489999999999
0 0.42905255468750003 0.061425468750000004 0.41084613125 0.058322093750000005 0.40701365312500004 0.35650244531249997 0.428500403125 0.35912784062499997 0.42905255468750003 0.061425468750000004
0 0.196170175 0.0814149359375 0.1777428234375 0.0788820109375 0.17187392343750002 0.3364933 0.187490684375 0.336765890625 0.196170175 0.0814149359375
0 0.2285143796875 0.018385184375 0.20154720625000003 0.0152617234375 0.19416595781249998 0.34138569687500003 0.2249384015625 0.344173175 0.2285143796875 0.018385184375
0 0.17698052343749998 0.0439363015625 0.1525042640625 0.043257725000000004 0.1401488703125 0.3398789390625 0.167162334375 0.340350459375 0.17698052343749998 0.0439363015625
0 0.155032196875 0.019352890625 0.125486484375 0.018860609375 0.10973931249999999 0.3404746109375 0.139315065625 0.3393017984375 0.155032196875 0.019352890625
0 0.1238669375 0.039069796875 0.10351023906250001 0.038179232812500005 0.09165847499999999 0.33621960624999997 0.1110744625 0.3365585140625 0.1238669375 0.039069796875
0 0.293200509375 0.0358149453125 0.2645556890625 0.026460734375 0.2599276390625 0.3452071578125 0.2907032234375 0.345744346875 0.293200509375 0.0358149453125
0 0.326761003125 0.043608875000000005 0.30637318125 0.0438299140625 0.3014869890625 0.34759689374999997 0.319785959375 0.3479163046875 0.326761003125 0.043608875000000005
0 0.4732483078125 0.0883089578125 0.462171815625 0.08537691875 0.4623073953125 0.3576121546875 0.4755772140625 0.3600615640625 0.4732483078125 0.0883089578125
0 0.492185771875 0.0758862671875 0.47848011562500004 0.07456874531249999 0.4793198078125 0.3601268921875 0.492628328125 0.3603591921875 0.492185771875 0.0758862671875
0 0.5815718421875 0.079109521875 0.54091159375 0.07288463125 0.5416641609374999 0.3634342046875 0.5828559624999999 0.363043665625 0.5815718421875 0.079109521875
0 0.44843138125 0.10395765312500001 0.43015834062499997 0.10215279375 0.4323356484375 0.35875331093749996 0.4493771046875 0.3596042390625 0.44843138125 0.10395765312500001
0 0.1443053484375 0.5103993250000001 0.1434883125 0.5572073 0.396064678125 0.5776979125 0.3969161875 0.5289149796875 0.1443053484375 0.5103993250000001
0 0.102969271875 0.37961372187500003 0.0822517515625 0.3805934453125 0.071731909375 0.8899965468750001 0.10056443281250001 0.8904998203125001 0.102969271875 0.37961372187500003
0 0.894067871875 0.4420834546875 0.8763885890625 0.44313705 0.9058905625 0.8344120437500001 0.919510559375 0.8346497812499999 0.894067871875 0.4420834546875
0 0.571801059375 0.5841526375 0.5719019828125 0.60729985 0.8541543624999999 0.59675678125 0.8545182046875001 0.5759122999999999 0.571801059375 0.5841526375
0 0.4437033578125 0.5512544609375001 0.41156778125000004 0.5493977625 0.41921799374999996 0.9133549390625 0.44243421562499996 0.9130868984375 0.4437033578125 0.5512544609375001