0 0.3047573671875 0.477060846875 0.2925933203125 0.463509259375 0.05256385 0.7744603171875 0.062316306249999995 0.7898743390625 0.3047573671875 0.477060846875
0 0.32405206249999996 0.477060846875 0.313985265625 0.4702857140625 0.085595284375 0.7751666671875 0.09209724999999999 0.78309920625 0.32405206249999996 0.477060846875
0 0.335049115625 0.4806812171875 0.3305019640625 0.47456084687500005 0.1003575640625 0.780443121875 0.10636738750000001 0.7840489421875 0.335049115625 0.4806812171875
0 0.38403132812499996 0 0.273331040625 0.372560846875 0.30581434218750003 0.390387565625 0.42080550156249996 0.0030912703125 0.3953267109375 0 0.38403132812499996 0
0 0.54996735625 0 0.42519057031249996 0.415207671875 0.4383467578125 0.42273544999999996 0.5630825140625 0.0153306875 0.5504246765625 0 0.54996735625 0
0 0.4829769609375 0 0.35778487187499997 0.3862473546875 0.3636188609375 0.3887751328125 0.4937770140625 0.0007843921875 0.489916253125 0 0.4829769609375 0
0 0.63378781875 0.0349775125 0.616675834375 0.028697090624999998 0.49455500937499997 0.44036375625 0.5108899796874999 0.45157936562499995 0.63378781875 0.0349775125
0 0.8935854609374999 0.1212129625 0.8635098234375 0.1044656078125 0.7992082515625001 0.5154272484375 0.8349882125000001 0.53362830625 0.8935854609374999 0.1212129625
0 0.9081051078125 0.14284656093749998 0.8966974453125 0.1281917984375 0.838100196875 0.5217658734375 0.85313850625 0.5308373015625001 0.9081051078125 0.14284656093749998
0 0.9568497046875001 0.1651759265625 0.9319587421875 0.14982407343749998 0.8886591359375 0.5372486765625 0.9122534375000001 0.549678571875 0.9568497046875001 0.1651759265625
0 0.98433300625 0.66263624375 0.9552946953125 0.635420634375 0.8186542234375 0.9361349203125 0.8391375249999999 0.9627010578125 0.98433300625 0.66263624375
0 0.9306630640625 0.6458994703125 0.908364440625 0.62287169375 0.7531856578125 0.9291521156250001 0.7776876234375 0.9564325390624999 0.9306630640625 0.6458994703125
0 0.90058644375 0.629152115625 0.894882121875 0.620777778125 0.737629665625 0.9151865078125001 0.7460559921875001 0.9215410046875 0.90058644375 0.629152115625
0 0.676439096875 0.5698373015625 0.6681424359375 0.559369046875 0.46862671875000006 0.882019840625 0.47679469531249996 0.8936283062499999 0.676439096875 0.5698373015625
0 0.487555009375 0.53232010625 0.46525638437500005 0.50998941875 0.25990766249999997 0.8436137562500001 0.28064931249999997 0.865880953125 0.487555009375 0.53232010625
0 0.569486246875 0.541391534375 0.55444891875 0.5288306875 0.39019548125000003 0.79909920625 0.3999184671875 0.81005555625 0.569486246875 0.541391534375
0 0.537335953125 0.53232010625 0.5311129671875 0.5232486765625 0.346117878125 0.8279034390625 0.35065520625 0.8351772484375 0.537335953125 0.53232010625