0 0.9293606437499999 0.2483334046875 0.597748071875 0.24591014531250002 0.6042141937500001 0.30238702968750003 0.9347288265625 0.309100453125 0.9293606437499999 0.2483334046875
0 0.5851186984375001 0.2052976640625 0.56097365 0.20000158906249998 0.531683765625 0.6251024078125 0.54677984375 0.6329943640625 0.5851186984375001 0.2052976640625
0 0.5126279640625 0.2565965109375 0.440616375 0.258763084375 0.47264635781250003 0.78879909375 0.5282093421875 0.7834218359375 0.5126279640625 0.2565965109375
0 0.436146078125 0.2828223265625 0.39485637812499996 0.2843390578125 0.42549840781250003 0.8025341875 0.4686074765625 0.7950465703125 0.436146078125 0.2828223265625
0 0.0721352140625 0.32507126406250003 0.0344462390625 0.3300901421875 0.12593877656250002 0.88650605625 0.169359115625 0.883469809375 0.0721352140625 0.32507126406250003
0 0.14329446875000001 0.3827296671875 0.086565221875 0.3954379078125 0.1709157390625 0.9057305546875 0.225753340625 0.889965834375 0.14329446875000001 0.3827296671875
0 0.1663542734375 0.31251777187499996 0.13678327343750002 0.313610546875 0.2405101046875 0.8770038375 0.2722785671875 0.867325403125 0.1663542734375 0.31251777187499996
0 0.28103856875 0.3686232203125 0.24230481093749998 0.382682315625 0.31953024375 0.8550736671875001 0.3527225859375 0.8497701062499999 0.28103856875 0.3686232203125
0 0.30037182812499996 0.3091114046875 0.28229720468749997 0.3146226296875 0.3618091375 0.835714 0.3759712234375 0.8302492499999999 0.30037182812499996 0.3091114046875
0 0.3774483015625 0.27538704531249997 0.32727968125 0.27791361875 0.3789723859375 0.8091617078125 0.427544121875 0.7998001890624999 0.3774483015625 0.27538704531249997
0 0.9391623125 0.3404991859375 0.5800604015624999 0.3329588859375 0.580171871875 0.3745498203125 0.94085070625 0.3806458703125 0.9391623125 0.3404991859375
0 0.945049309375 0.40868561718749996 0.585769625 0.4146045671875 0.5869170859375 0.47101088593749996 0.94332251875 0.4639850484375 0.945049309375 0.40868561718749996
0 0.9486897265625001 0.5247521671875 0.5862432734375 0.5413686 0.5922468703125 0.627224053125 0.9372826796875 0.6016048828125 0.9486897265625001 0.5247521671875
0 0.93667049375 0.4808534421875 0.582350625 0.48570114843749995 0.57861404375 0.528260784375 0.9361319031249999 0.5211558546874999 0.93667049375 0.4808534421875
0 0.9343572921875 0.6077744984375 0.5484567453125 0.6409736500000001 0.5486552984374999 0.707819246875 0.92605425 0.665024396875 0.9343572921875 0.6077744984375
0 0.9234402218750001 0.67564668125 0.5383376765625 0.7162678812500001 0.54760704375 0.8048252843749999 0.9206278015624999 0.7474239609375 0.9234402218750001 0.67564668125