0 0.725112159375 0.49907062187499995 0.7380922437499999 0.5135409609375 0.9942243187500001 0.181508475 0.9838176093750001 0.165049434375 0.725112159375 0.49907062187499995
0 0.7045230609375001 0.49907062187499995 0.7152651984375 0.506305084375 0.9589769390624999 0.1807542375 0.9520387843749999 0.1722838984375 0.7045230609375001 0.49907062187499995
0 0.692788259375 0.4952048015625 0.6976404609375 0.5017401125000001 0.9432243187499999 0.17512005625 0.9368113203125 0.1712697734375 0.692788259375 0.4952048015625
0 0.643036434375 1 0.75864675 0.6106553671875 0.7239842765625 0.59162005625 0.6028139218749999 1 0.643036434375 1
0 0.46599708125 1 0.59659958125 0.56511723125 0.582560796875 0.5570790953125 0.4494570234375 0.9921045203125001 0.45597161562500005 1 0.46599708125 1
0 0.5376815203125 1 0.6685272531249999 0.5960409609374999 0.6623018875 0.5933418078125 0.525972209375 1 0.5376815203125 1
0 0.37400838593749997 0.9711257062499999 0.39226834374999997 0.9778319203124999 0.5225817609375001 0.53825565 0.50515094375 0.5262796609375 0.37400838593749997 0.9711257062499999
0 0.09678197031249999 0.8790437859375 0.1288752625 0.896926553125 0.197490565625 0.4581031078125 0.159310271875 0.4386680796875 0.09678197031249999 0.8790437859375
0 0.081288259375 0.855943503125 0.09346121562500001 0.8715918078125 0.1559895171875 0.4513347453125 0.1399423484375 0.44164830468750005 0.081288259375 0.855943503125
0 0.029273584375 0.8321002828124999 0.055834381249999995 0.8484929375 0.102038784375 0.43480225937499994 0.07686163593749999 0.4215296609375 0.029273584375 0.8321002828124999
0 0.14545594374999998 0 0 0.3008032875 0 0.30096397812500003 0.0309329140625 0.3299745765625 0.1767400421875 0.00887288125 0.1699033328125 0 0.14545594374999998 0
0 0.21415314375 0 0.05721698125 0.3187853109375 0.0810115296875 0.34337429375 0.2466006296875 0.0163290953125 0.23194438125 0 0.21415314375 0
0 0.0893113203125 0.3366680796875 0.0953983234375 0.34561016875 0.263200209375 0.031241525 0.2542085953125 0.024456214062500002 0.0893113203125 0.3366680796875
0 0.3284958078125 0.40000423749999997 0.33734905625 0.411182203125 0.5502494765625 0.0666567796875 0.54153354375 0.0542613 0.3284958078125 0.40000423749999997
0 0.5300513625 0.44006497187500004 0.5538459125 0.46390960468750003 0.77297065 0.1076666671875 0.7508375265625 0.08388983125 0.5300513625 0.44006497187500004
0 0.4426236890625 0.43037853125 0.4586698109375 0.4437909609375 0.6339423484375 0.155199153125 0.6235670859375 0.14350000000000002 0.4426236890625 0.43037853125
0 0.4769308171875 0.44006497187500004 0.483571278125 0.44975141250000006 0.6809769390625 0.124442090625 0.6761352203125 0.11667514062499999 0.4769308171875 0.44006497187500004