0 0.8589140625 0.42270703125000003 0.58344140625 0.42923828124999996 0.5893310546875 0.4913177078125 0.8624033203125 0.48666666718749996 0.8589140625 0.42270703125000003
0 0.860658203125 0.5901640625 0.5867138671875 0.6124505203124999 0.5858408203125001 0.6331927078125 0.86153125 0.60993359375 0.860658203125 0.5901640625
0 0.0719755859375 0.4203802078125 0.0130869140625 0.4190598953125 0.0021806640624999997 0.88903125 0.073720703125 0.8994973953125 0.0719755859375 0.4203802078125
0 0.38343554687500003 0.6134231765625 0.15812890625 0.5993632812499999 0.160091796875 0.645984375 0.38430859375000004 0.6529609375 0.38343554687500003 0.6134231765625
0 0.407162109375 0.5847278640625 0.14194726562499999 0.5707447921875 0.1403642578125 0.5920429687500001 0.40842871093750005 0.604421875 0.407162109375 0.5847278640625
0 0.383521484375 0.65675390625 0.1245341796875 0.6544700515625 0.12601171875 0.66012890625 0.3839443359375 0.6635052078125 0.383521484375 0.65675390625
0 0.40125195312499995 0.6835299484374999 0.1736083984375 0.68120703125 0.17455859375 0.7122265624999999 0.40125195312499995 0.7139153640625 0.40125195312499995 0.6835299484374999
0 0.39196484374999996 0.7111015625 0.1619990234375 0.7192005203125 0.15936132812499998 0.7549921875 0.39196484374999996 0.7606184890625001 0.39196484374999996 0.7111015625
0 0.3792998046875 0.7780625 0.1192568359375 0.77830078125 0.12179003906250001 0.8360208328125 0.3822548828125 0.8427734375 0.3792998046875 0.7780625
0 0.400830078125 0.8461484374999999 0.17255273437500002 0.8388085937499999 0.1741357421875 0.8692200515625 0.4033623046875 0.8754088546875 0.400830078125 0.8461484374999999
0 0.527474609375 0.5068424484375 0.50130078125 0.5046080734375 0.497501953125 0.8922903640625 0.52494140625 0.8984804687500001 0.527474609375 0.5068424484375
0 0.5385556640625 0.556359375 0.5271572265625 0.555265625 0.5237802734375 0.9029817703124999 0.5364453124999999 0.9080455734375 0.5385556640625 0.556359375
0 0.8685703124999999 0.6480794265625 0.56726171875 0.6720598953125 0.567578125 0.6959088546875 0.8702587890625001 0.6739635421875 0.8685703124999999 0.6480794265625
0 0.85126171875 0.78987890625 0.570427734375 0.8120729171875001 0.575599609375 0.8444609375000001 0.8550615234375 0.8253294265625 0.85126171875 0.78987890625
0 0.5804541015625 0.74241796875 0.5806650390625 0.7606184890625001 0.8449296875 0.7488020828125 0.8436630859375001 0.7307955734375 0.5804541015625 0.74241796875
0 0.6316396484375 0.7649322921875 0.6321669921875 0.7814388015625 0.8516845703125 0.76680859375 0.84999609375 0.7482395828125 0.6316396484375 0.7649322921875
0 0.5688447265625001 0.5341588546875 0.5722216796875 0.5717799484375 0.8541435546875 0.56221484375 0.850765625 0.52057421875 0.5688447265625001 0.5341588546875
0 0.961865234375 0.42425390625 0.9366416015624999 0.41243880156249996 0.9335810546875001 0.84627734375 0.9728408203125 0.84683984375 0.961865234375 0.42425390625
0 0.9597539062499999 0.0229114578125 0.9187001953125 0.021248698437499998 0.9534218750000001 0.36446875 0.9855048828124999 0.36559375 0.9597539062499999 0.0229114578125
0 0.7735869140625 0.0212239578125 0.7588115234374999 0.020544270312499998 0.7765419921875 0.3701432296875 0.7980712890625 0.3673294265625 0.7735869140625 0.0212239578125
0 0.7562783203125 0.0140026046875 0.7181796874999999 0.0093854171875 0.732638671875 0.362875 0.7714755859375 0.3662513015625 0.7562783203125 0.0140026046875
0 0.696333984375 0.0190677078125 0.6654111328125001 0.012200520312500001 0.6769150390625 0.3611875 0.7073095703125001 0.36512630156250003 0.696333984375 0.0190677078125
0 0.33613574218750003 0.040785156249999996 0.3203046875 0.0402447921875 0.32051562499999997 0.35420833281249997 0.33613574218750003 0.3553333328125 0.33613574218750003 0.040785156249999996
0 0.37919433593749996 0.0812994796875 0.3572431640625 0.0796458328125 0.36273046875000003 0.3547708328125 0.3817275390625 0.35420833281249997 0.37919433593749996 0.0812994796875
0 0.42140917968749997 0.06273046875 0.40315136718750005 0.0599453125 0.40452343749999997 0.3581471359375 0.42605273437499996 0.3603971359375 0.42140917968749997 0.06273046875
0 0.1889111328125 0.08678125 0.1704423828125 0.0845703125 0.1690703125 0.3422447921875 0.184689453125 0.3422447921875 0.1889111328125 0.08678125
0 0.22015039062500003 0.023196614062500003 0.1931328125 0.020544270312499998 0.19144433593750002 0.3467473953125 0.22226074218749997 0.34899739531249996 0.22015039062500003 0.023196614062500003
0 0.1690703125 0.0496432296875 0.14458593749999998 0.0493919265625 0.1374091796875 0.34618359375 0.1644267578125 0.34618359375 0.1690703125 0.0496432296875
0 0.1466962890625 0.0254466140625 0.117146484375 0.025470051562500002 0.1070146484375 0.3473098953125 0.13656542968750002 0.34562109375 0.1466962890625 0.0254466140625
0 0.11587988281249999 0.0457044265625 0.0955107421875 0.045169270312499996 0.0888623046875 0.34337109374999997 0.10828125 0.34337109374999997 0.11587988281249999 0.0457044265625
0 0.285130859375 0.0394947921875 0.2563271484375 0.030641926562499998 0.2572626953125 0.3494205734375 0.28804296875 0.3494205734375 0.285130859375 0.0394947921875
0 0.318822265625 0.0467018234375 0.29844140625 0.0472786453125 0.29885742187500003 0.3510846359375 0.3171591796875 0.3510846359375 0.318822265625 0.0467018234375
0 0.4660673828125 0.08883854218750001 0.45494140625 0.08610026093749999 0.45982812500000003 0.3582916671875 0.47313867187499997 0.36050911406249997 0.4660673828125 0.08883854218750001
0 0.48478515624999996 0.0760872390625 0.47105859375000003 0.0750091140625 0.47688183593750005 0.36050911406249997 0.4901923828125 0.36050911406249997 0.48478515624999996 0.0760872390625
0 0.5742138671875 0.07775 0.533451171875 0.07223567656249999 0.5392744140625 0.3627278640625 0.580453125 0.3616184890625 0.5742138671875 0.07775
0 0.44152734374999997 0.10491796874999999 0.4232255859375 0.10343229218750001 0.429880859375 0.3599557296875 0.44693457031249995 0.36050911406249997 0.44152734374999997 0.10491796874999999
0 0.144541015625 0.51660546875 0.144541015625 0.5634205734375 0.3974365234375 0.5795 0.3974365234375 0.5307096359375 0.144541015625 0.51660546875
0 0.1009287109375 0.38656119843750003 0.08023144531250001 0.38790234375 0.078603515625 0.8974114578125001 0.1074404296875 0.8974114578125001 0.1009287109375 0.38656119843750003
0 0.8929970703125001 0.43521484375 0.8753388671875 0.43657682343750004 0.9116650390625001 0.82727734375 0.925287109375 0.82727734375 0.8929970703125001 0.43521484375
0 0.5732587890625 0.58288671875 0.573763671875 0.6060286453125 0.8557890625000001 0.5905611984375 0.8557890625000001 0.5697135421875 0.5732587890625 0.58288671875
0 0.44460644531250004 0.5522291671875 0.412443359375 0.5509335937500001 0.4264443359375 0.9147018234375001 0.44965234374999996 0.9140286453125 0.44460644531250004 0.5522291671875