0 0.40390625 0.1046875 0.309375 0.0828125
0 0.36875 0.21640625 0.3265625 0.1109375
0 0.40859375 0.0734375 0.303125 0.065625
0 0.353125 0.3171875 0.30625 0.1
0 0.34375 0.5125 0.290625 0.10625
0 0.34921875 0.3859375 0.2984375 0.096875
0 0.403125 0.02265625 0.2875 0.0453125
0 0.33984375 0.71015625 0.309375 0.1078125
0 0.3484375 0.45078125 0.2953125 0.0984375
0 0.1421875 0.0734375 0.2171875 0.0890625
0 0.1046875 0.41484375 0.1984375 0.0765625
0 0.1 0.61953125 0.2 0.1078125
0 0.334375 0.859375 0.30625 0.1015625
0 0.115625 0.30703125 0.203125 0.06875
0 0.13046875 0.18359375 0.2140625 0.09375
0 0.10078125 0.54296875 0.2015625 0.0734375
0 0.1125 0.353125 0.2046875 0.08125
0 0.39296875 0.16796875 0.30625 0.065625