0 0.653125 0.53046875 0.24375 0.0328125
0 0.38984375 0.5703125 0.03671875 0.39921875
0 0.6453125 0.834375 0.228125 0.040625
0 0.6296875 0.59375 0.29296875 0.053125
0 0.63984375 0.8765625 0.24453125 0.06875
0 0.23984375 0.87421875 0.228125 0.05546875
0 0.6375 0.55625 0.27265625 0.03984375
0 0.66015625 0.91796875 0.23671875 0.07734375
0 0.7578125 0.37109375 0.23671875 0.07421875
0 0.628125 0.6359375 0.3046875 0.04609375
0 0.63203125 0.7171875 0.3046875 0.04140625
0 0.20625 0.13359375 0.22109375 0.0515625
0 0.62890625 0.678125 0.309375 0.05
0 0.17109375 0.728125 0.2734375 0.0625
0 0.6328125 0.75625 0.303125 0.04765625
0 0.19921875 0.18125 0.26484375 0.0515625
0 0.178125 0.7671875 0.28828125 0.040625
0 0.421875 0.84296875 0.1953125 0.0328125
0 0.4828125 0.3734375 0.26171875 0.10859375
0 0.8890625 0.58203125 0.05390625 0.3515625
0 0.29375 0.55859375 0.07578125 0.403125
0 0.18359375 0.9453125 0.0640625 0.10078125
0 0.2328125 0.53984375 0.04140625 0.3515625
0 0.8015625 0.5890625 0.03984375 0.3453125
0 0.43046875 0.575 0.03125 0.38671875
0 0.884375 0.0921875 0.040625 0.17890625
0 0.2890625 0.94921875 0.053125 0.09765625
0 0.8203125 0.0921875 0.03046875 0.184375
0 0.48515625 0.57890625 0.03828125 0.3515625
0 0.26484375 0.05625 0.02890625 0.11015625
0 0.2390625 0.94765625 0.04921875 0.09921875
0 0.7625 0.0953125 0.03671875 0.1890625
0 0.33984375 0.9515625 0.04765625 0.09453125
0 0.1875 0.05859375 0.04140625 0.11484375
0 0.79375 0.096875 0.040625 0.18828125
0 0.14375 0.5375 0.04296875 0.3453125
0 0.85 0.09453125 0.0359375 0.18359375
0 0.5890625 0.46484375 0.03671875 0.08125
0 0.646875 0.45625 0.046875 0.09453125
0 0.2375 0.05625 0.028125 0.1125
0 0.0921875 0.0796875 0.0296875 0.15546875
0 0.13515625 0.059375 0.02734375 0.11875
0 0.18671875 0.5359375 0.04453125 0.3453125
0 0.90859375 0.91875 0.06953125 0.159375
0 0.35078125 0.5640625 0.04375 0.4046875
0 0.09765625 0.540625 0.05 0.359375
0 0.853125 0.57734375 0.0296875 0.3625
0 0.3703125 0.09765625 0.021875 0.18828125
0 0.04375 0.55859375 0.034375 0.30546875
0 0.1328125 0.95 0.0421875 0.09375
0 0.52734375 0.03515625 0.03125 0.06796875
0 0.33359375 0.07578125 0.01953125 0.15
0 0.34921875 0.09765625 0.01875 0.19140625
0 0.45703125 0.5890625 0.02265625 0.36328125
0 0.53359375 0.4828125 0.06328125 0.1421875
0 0.83125 0.5875 0.02109375 0.34296875