0 0.4515625 0.2296875 0.44609375 0.040625
0 0.46484375 0.18671875 0.43359375 0.0359375
0 0.484375 0.49375 0.40859375 0.0359375
0 0.47890625 0.14453125 0.4390625 0.03984375
0 0.47890625 0.525 0.41796875 0.04140625
0 0.4875 0.64140625 0.38046875 0.04453125
0 0.44765625 0.3515625 0.42734375 0.04453125
0 0.4765625 0.46875 0.38828125 0.028125
0 0.4984375 0.56328125 0.375 0.03359375
0 0.43046875 0.309375 0.4140625 0.03828125
0 0.43046875 0.40390625 0.45703125 0.0671875
0 0.459375 0.27421875 0.44296875 0.0421875
0 0.44921875 0.70546875 0.384375 0.040625
0 0.50390625 0.10859375 0.3703125 0.03359375
0 0.46015625 0.6671875 0.378125 0.04921875
0 0.459375 0.7546875 0.4234375 0.071875