0 0.0675247390625 0.06283496093749999 0.0305247390625 0.061188476562500003 0.02978515625 0.3030751953125 0.0660442703125 0.3030751953125 0.0675247390625 0.06283496093749999
0 0.2118229171875 0.06061523437500001 0.16372265625 0.061188476562500003 0.15928255156249999 0.3019658203125 0.2147825515625 0.3008564453125 0.2118229171875 0.06061523437500001
0 0.36722005156250004 0.058396484375 0.3117213546875 0.056332031250000004 0.3124609375 0.3019658203125 0.365 0.3014111328125 0.36722005156250004 0.058396484375
0 0.5055989578125 0.0661640625 0.4763684890625 0.06465625 0.46489973906250004 0.3086240234375 0.5011588546875 0.306958984375 0.5055989578125 0.0661640625
0 0.6180768234375 0.0711572265625 0.5956927078125 0.0688193359375 0.5862578125 0.306404296875 0.6069778640625 0.305849609375 0.6180768234375 0.0711572265625
0 0.6580364578125 0.096125 0.6419427078125 0.091712890625 0.6247369796875 0.3075146484375 0.6528567703125 0.305849609375 0.6580364578125 0.096125
0 0.041625 0.37892187499999996 0.0408841140625 0.39129296875 0.29988151093750004 0.39073828125 0.2961809890625 0.37409375 0.041625 0.37892187499999996
0 0.1504036453125 0.40993945312499996 0.0952734375 0.41083398437499996 0.1015638015625 0.6551376953125 0.15854296875 0.65069921875 0.1504036453125 0.40993945312499996
0 0.3161614578125 0.412123046875 0.2719466140625 0.41076464843749994 0.27176171875 0.6645693359375 0.3198606765625 0.6651240234375 0.3161614578125 0.412123046875
0 0.5901432296875 0.65294921875 0.5908828125000001 0.7095185546875 0.9675377609375 0.7161767578125 0.9697578124999999 0.6562548828125 0.5901432296875 0.65294921875
0 0.6918919265625 0.7250986328125 0.7011419265625001 0.7661113281249999 0.9260989578125001 0.7622275390625 0.8994583328125 0.7228349609375 0.6918919265625 0.7250986328125
0 0.7029908859375 0.769498046875 0.70262109375 0.78996875 0.9320182296875 0.7822011718749999 0.9275781249999999 0.7627822265625 0.7029908859375 0.769498046875
0 0.048098957812499996 0.7563173828124999 0.04846875 0.7622275390625 0.26306640625 0.7655566406250001 0.26306640625 0.7588984375 0.048098957812499996 0.7563173828124999
0 0.0780690109375 0.720060546875 0.04994921875 0.7549296875 0.264546875 0.7600078124999999 0.2719466140625 0.7183955078125 0.0780690109375 0.720060546875
0 0.48376953125 0.8277724609374999 0.4806236984375 0.9980615234375 0.5191041671875001 0.9986162109375 0.5287239578125 0.8293935546875 0.48376953125 0.8277724609374999
0 0.5845924484375 0.8159785156250001 0.5775625 0.9990234375 0.5953229171875 0.9990234375 0.6012421875 0.818296875 0.5845924484375 0.8159785156250001
0 0.9889973953125001 0.9309277343750001 0.6761666671875 0.9415458984375 0.6767213546875 0.949236328125 0.9889973953125001 0.9364755859375 0.9889973953125001 0.9309277343750001
0 0.7018815109375 0.9503466796875 0.6996614578125 0.9830810546875 0.9986171875000001 0.9719843750000001 0.9986171875000001 0.9403593750000001 0.7018815109375 0.9503466796875
0 0.26602734375 0.8199619140625 0.2515963546875 0.8194472656249999 0.2497473953125 0.9990234375 0.2719466140625 0.9990234375 0.26602734375 0.8199619140625
0 0.3570455734375 0.8133037109375 0.3246705734375 0.8132041015624999 0.32892578125 0.9986162109375 0.3563059890625 0.9969521484375001 0.3570455734375 0.8133037109375
0 0.41106510468749996 0.8138583984375 0.3822057296875 0.8199619140625 0.3799856765625 0.9975068359374999 0.41254427031249996 0.9980615234375 0.41106510468749996 0.8138583984375
0 0.14466796875000001 0.794994140625 0.1202486984375 0.79447265625 0.12838802031250002 0.9986162109375 0.1535481765625 0.9986162109375 0.14466796875000001 0.794994140625
0 0.1979479171875 0.7983232421875 0.14984765625000002 0.797248046875 0.1520677078125 0.9986162109375 0.2031276046875 0.9990234375 0.1979479171875 0.7983232421875
0 0.4875807296875 0.379095703125 0.4865403640625 0.40572265625000004 0.8233763015625 0.4144521484375 0.8233763015625 0.38514453125000003 0.4875807296875 0.379095703125
0 0.4832135421875 0.41382910156249997 0.43040104218749997 0.41262402343750004 0.4299856765625 0.6638867187499999 0.48238151093750004 0.662015625 0.4832135421875 0.41382910156249997
0 0.3767565109375 0.415076171875 0.3181223953125 0.41418359374999997 0.3226966140625 0.662638671875 0.3825794265625 0.664509765625 0.3767565109375 0.415076171875
0 0.23204296875 0.415076171875 0.19752734375 0.41262402343750004 0.2062604171875 0.6582744140625 0.23786458281249998 0.6588974609375 0.23204296875 0.415076171875
0 0.9938736984375 0.4574794921875 0.9616445312499999 0.4570673828125 0.9556158859374999 0.643931640625 0.98056640625 0.6470498046875 0.9938736984375 0.4574794921875
0 0.9173580734375 0.6090107421875001 0.5863437499999999 0.6075517578125 0.5921653640625 0.65328515625 0.9722486984375 0.65328515625 0.9173580734375 0.6090107421875001
0 0.7360481765625 0.09337988281250001 0.6986223953125 0.0906025390625 0.6969583328125 0.3053994140625 0.7268997390624999 0.3041513671875 0.7360481765625 0.09337988281250001
0 0.5863437499999999 0.05284765625 0.5468385421875 0.0508369140625 0.5430950515624999 0.30041015625 0.5830169265625 0.3010341796875 0.5863437499999999 0.05284765625
0 0.31188541718749996 0.019173828125 0 0.0212080078125 0.0017460937499999998 0.039751953125 0.3102213546875 0.0360107421875 0.31188541718749996 0.019173828125
0 0.2662252609375 0.003083984375 0.0011223953125 0.0056142578125000005 0.0000833328125 0.0180498046875 0.26289843749999997 0.016802734375 0.2662252609375 0.003083984375
0 0.71741796875 0.070330078125 0.71533984375 0.08587890625 0.99229296875 0.095232421875 0.99229296875 0.0846318359375 0.71741796875 0.070330078125
0 0.5580742187500001 0.41371484374999995 0.52422265625 0.4143486328125 0.52170703125 0.6631777343749999 0.5642643234375 0.6608574218750001 0.5580742187500001 0.41371484374999995
0 0.3046875 0.8109130859375 0.3268229171875 0.7568359375 0.296875 0.7548828125 0.2708333328125 0.7978515625 0.26953125 0.99609375 0.2708333328125 0.9990234375 0.3033854171875 0.9990234375 0.3046875 0.8109130859375
0 0.07682291718749999 0.80859375 0.08203125 0.7783203125 0.046875 0.775390625 0.02734375 0.79296875 0.0234375 0.806640625 0.0416666671875 0.9970703125 0.08463541718749999 0.9990234375 0.07682291718749999 0.80859375