0 0.36953125 0.11484375 0.30546875 0.05625
0 0.34453125 0.22890625 0.3203125 0.08359375
0 0.371875 0.0828125 0.3015625 0.03984375
0 0.3375 0.33046875 0.3015625 0.0734375
0 0.3453125 0.52578125 0.284375 0.08125
0 0.33984375 0.39921875 0.29375 0.07109375
0 0.3609375 0.02265625 0.28515625 0.040625
0 0.35859375 0.7234375 0.303125 0.08125
0 0.34453125 0.4640625 0.290625 0.07265625
0 0.10625 0.10625 0.2125 0.07109375
0 0.0984375 0.45 0.19375 0.06015625
0 0.10390625 0.65546875 0.2078125 0.090625
0 0.36640625 0.87265625 0.30078125 0.07578125
0 0.1 0.34140625 0.2 0.0515625
0 0.1046875 0.2171875 0.20859375 0.0765625
0 0.10234375 0.578125 0.2046875 0.05546875
0 0.1015625 0.3875 0.2 0.06328125
0 0.36484375 0.17890625 0.30390625 0.03984375