0 0.03003003003003003 0.7896959459459459 0.06006006006006006 0.1891891891891892
0 0.07825825825825826 0.794831081081081 0.06725225225225229 0.19149493243243246
0 0.13675675675675678 0.5607263513513513 0.059909909909909874 0.20510979729729722
0 0.0838888888888889 0.5596452702702702 0.061606606606606565 0.20026182432432424
0 0.2508708708708709 0.5585726351351351 0.06815315315315314 0.21954391891891897
0 0.53496996996997 0.5569510135135135 0.06993993993994001 0.23977195945945953
0 0.03153153153153153 0.559543918918919 0.06306306306306306 0.19341216216216217
0 0.32423423423423425 0.2980320945945946 0.056066066066066116 0.17787162162162165
0 0.590105105105105 0.8471621621621621 0.05489489489489481 0.24273648648648657
0 0.6471621621621622 0.8547128378378378 0.056486486486486326 0.25326013513513523
0 0.6922372372372372 0.25271959459459464 0.07372372372372359 0.20538006756756752
0 0.40885885885885886 0.5553293918918919 0.05843843843843838 0.22682432432432428
0 0.3551651651651652 0.5553293918918919 0.05337837837837831 0.22358952702702703
0 0.13507507507507507 0.8018496621621621 0.06993993993993991 0.19608108108108116
0 0.8243243243243243 0.8695101351351351 0.07207207207207207 0.2609797297297297
0 0.008258258258258258 0.5625 0.016516516516516516 0.19256756756756757
0 0.3832132132132133 0.2910135135135135 0.06773273273273275 0.1832685810810811
0 0.3067267267267267 0.5585726351351351 0.058228228228228186 0.2160388513513513
0 0.47024024024024025 0.5569510135135135 0.06647147147147145 0.23208614864864863
0 0.603048048048048 0.5542567567567568 0.07552552552552545 0.24867398648648653
0 0.4735885885885886 0.8385304054054054 0.06951951951951946 0.23249155405405403
0 0.8538288288288288 0.5510135135135135 0.09506006006005997 0.27429054054054053
0 0.24319819819819818 0.8120945945945945 0.05406906906906905 0.21239864864864866
0 0.7612762762762763 0.8681925675675676 0.06749249249249256 0.2632347972972974
0 0.8202552552552552 0.23667229729729733 0.0741441441441443 0.21199324324324326
0 0.8858858858858859 0.8699324324324325 0.06906906906906907 0.26013513513513514
0 0.7670420420420421 0.5510135135135135 0.0902552552552551 0.26566722972972967
0 0.19525525525525525 0.8066976351351351 0.055105105105105086 0.20376689189189187
0 0.27436936936936934 0.3058530405405405 0.05226726726726727 0.17504222972972974
0 0.6260660660660661 0.26054054054054054 0.06148648648648655 0.19701858108108106
0 0.6807357357357358 0.5526351351351352 0.08235735735735722 0.2566300675675677
0 0.6999099099099099 0.8590287162162161 0.05468468468468479 0.2516385135135136
0 0.04121621621621622 0.33282094594594597 0.06138138138138138 0.16249999999999998
0 0.13076576576576576 0.3206841216216216 0.051066066066066056 0.16681587837837836
0 0.4467417417417417 0.2842736486486486 0.06785285285285293 0.18812500000000001
0 0.5368918918918919 0.8433783783783784 0.05274774774774774 0.23532094594594585
0 0.3508408408408409 0.823420608108108 0.07180180180180187 0.21981418918918919
0 0.9474474474474475 0.8724662162162162 0.07507507507507508 0.25506756756756754
0 0.7584084084084084 0.24570945945945946 0.06713213213213219 0.20605574324324327
0 0.19453453453453454 0.5580320945945946 0.07384384384384385 0.21131756756756762
0 0.008258258258258258 0.33488175675675674 0.016516516516516516 0.15962837837837837
0 0.02252252252252252 0.10684121621621621 0.04504504504504504 0.11739864864864864