0 0.5961923076923077 0.25131799163179913 0.019015384615384635 0.16865062761506278
0 0.022723076923076922 0.47407949790794984 0.01976153846153846 0.15553347280334734
0 0.7187538461538462 0.2526464435146443 0.02700769230769223 0.16632845188284515
0 0.6655307692307693 0.251652719665272 0.026353846153846148 0.16491631799163184
0 0.9497076923076923 0.23720711297071134 0.02399999999999986 0.16408995815899585
0 0.5805692307692307 0.2503242677824268 0.01799230769230777 0.16550209205020924
0 0.04733076923076923 0.2538075313807531 0.04714615384615384 0.17562761506276148
0 0.011684615384615384 0.2604497907949791 0.023369230769230767 0.16632845188284517
0 0.9667999999999999 0.23853556485355648 0.024046153846154016 0.17396443514644352
0 0.9311538461538461 0.2383682008368201 0.02136153846153845 0.15529288702928873
0 0.8764615384615385 0.23638075313807527 0.02041538461538459 0.14682008368200836
0 0.03860769230769231 0.47441422594142263 0.017299999999999996 0.1549581589958159
0 0.0788 0.2597803347280334 0.053192307692307685 0.1601882845188284
0 0.0072923076923076926 0.4780648535564853 0.013846153846153847 0.15287656903765695
0 0.5561538461538461 0.06062761506276151 0.025707692307692365 0.11910041841004185
0 0.3132307692307692 0.062123430962343094 0.022246153846153815 0.12009414225941423
0 0.23107692307692307 0.06403765690376569 0.020692307692307677 0.12316945606694561
0 0.9145538461538462 0.23571129707112967 0.022415384615384518 0.1520502092050209
0 0.15332307692307692 0.0625 0.02474615384615386 0.12167364016736401
0 0.8125 0.25180962343096236 0.013738461538461637 0.14407949790794983
0 0.9877923076923077 0.24135983263598326 0.022538461538461677 0.17097280334728035