0 0.59296875 0.90546875 0.7703125 0.08984375
0 0.60546875 0.8140625 0.74140625 0.08046875
0 0.590625 0.6578125 0.75703125 0.09453125
0 0.5828125 0.58984375 0.7546875 0.08671875
0 0.60390625 0.7359375 0.75234375 0.0875
0 0.59765625 0.28515625 0.77421875 0.0984375
0 0.5734375 0.43515625 0.7640625 0.0890625
0 0.5921875 0.36171875 0.77421875 0.09609375
0 0.5921875 0.5140625 0.73828125 0.0859375
0 0.60390625 0.1953125 0.77109375 0.10859375
0 0.60703125 0.11796875 0.75859375 0.08046875
0 0.609375 0.04921875 0.75859375 0.07578125