0 0.8007692307692308 0.5043929912390488 0.03264540337711065 0.16162703379224028
0 0.35994371482176357 0.5053692115143931 0.035628517823639794 0.1652816020025032
0 0.2589305816135084 0.5097622027534419 0.036116322701688554 0.15893617021276596
0 0.9464352720450281 0.7060575719649562 0.03504690431519691 0.181514392991239
0 0.1622138836772983 0.7197246558197746 0.04393996247654782 0.16564455569461822
0 0.5423827392120074 0.7226533166458072 0.032964352720450375 0.15478097622027542
0 0.732701688555347 0.7182603254067584 0.03803001876172604 0.1602753441802252
0 0.44502814258911816 0.7226533166458072 0.03716697936210132 0.15685857321652055
0 0.675234521575985 0.7197246558197746 0.035909943714821736 0.15819774718398003
0 0.8417636022514072 0.7177722152690864 0.03996247654784232 0.16162703379224022
0 0.8066228893058162 0.7187484355444305 0.03913696060037526 0.16320400500625787
0 0.22288930581613509 0.5039048811013768 0.04757973733583487 0.1661326658322904
0 0.5994746716697936 0.7163078848560701 0.037804878048780445 0.1639424280350438
0 0.18180112570356474 0.4953566958698373 0.04812382739212009 0.18188986232790993
0 0.295891181988743 0.721188986232791 0.039061913696060026 0.16186483103879848
0 0.2298311444652908 0.7192365456821026 0.036247654784240135 0.16211514392991236
0 0.4787054409005629 0.7231414267834793 0.03412757973733583 0.15429286608260323
0 0.7956472795497186 0.29735919899874846 0.03530956848030028 0.15637046307884855
0 0.2946153846153846 0.29224030037546933 0.036904315196998154 0.16186483103879856
0 0.5800750469043152 0.5082978723404256 0.039587242026266456 0.16320400500625779
0 0.49992495309568474 0.29565707133917396 0.03632270168855537 0.15356695869837295
0 0.6606003752345216 0.5053692115143931 0.03191369606003751 0.15770963704630786
0 0.8307879924953095 0.2966332916145181 0.03412757973733594 0.15819774718397994
0 0.33176360225140716 0.721188986232791 0.036547842401500975 0.16003754693366695
0 0.7045215759849907 0.7187484355444305 0.033358348968105016 0.15819774718398003
0 0.8966604127579738 0.29735919899874846 0.0331519699812382 0.15234042553191485
0 0.9032457786116322 0.5048811013767208 0.03803001876172604 0.16320400500625779
0 0.2902251407129456 0.5097622027534419 0.03431519699812387 0.15819774718397994
0 0.7352532833020637 0.5126908635794744 0.04142589118198882 0.1584480600750939
0 0.5035834896810507 0.511226533166458 0.03831144465290799 0.15819774718397994
0 0.32352720450281425 0.5058573216520651 0.03619136960600379 0.16296620775969967
0 0.7678236397748592 0.7153316645807258 0.04378986866791751 0.16528160200250305
0 0.8768855534709193 0.7172841051314143 0.04135084427767348 0.16162703379224036
0 0.9120262664165103 0.7182603254067584 0.04287054409005633 0.16430538172715892
0 0.5434896810506566 0.5122027534418022 0.03711069418386487 0.15770963704630786
0 0.9735084427767354 0.7167959949937422 0.03675422138836768 0.16918648310387993
0 0.570562851782364 0.721188986232791 0.03071294559099438 0.15429286608260323
0 0.19671669793621013 0.7202127659574469 0.0380300187617261 0.16235294117647062
0 0.509812382739212 0.7226533166458072 0.03378986866791743 0.15454317897371717
0 0.400750469043152 0.4982853566958698 0.04174484052532833 0.18127659574468089
0 0.6939024390243903 0.5097622027534419 0.03973733583489672 0.15942428035043804
0 0.44028142589118197 0.500488110137672 0.03966228893058159 0.17981226533166453
0 0.07045028142589117 0.5097622027534419 0.03696060037523453 0.15405506883604508
0 0.07772983114446529 0.7192365456821026 0.04538461538461538 0.16699624530663337
0 0.6378986866791745 0.7143554443053817 0.045722326454033776 0.1694367959949938
0 0.6865853658536585 0.28392991239048815 0.03352720450281427 0.17614518147684607
0 0.5771482176360225 0.2937046307884856 0.040356472795497166 0.1602753441802253
0 0.649249530956848 0.29224030037546933 0.040637898686679115 0.1663829787234043
0 0.10073170731707316 0.5082978723404256 0.03392120075046904 0.152828535669587
0 0.6214446529080676 0.5097622027534419 0.04504690431519698 0.15662077596996243
0 0.3681801125703565 0.2946808510638298 0.0369606003752345 0.16455569461827285
0 0.12150093808630395 0.7197246558197746 0.050825515947467176 0.16723404255319144
0 0.4124577861163227 0.9116270337922403 0.03469043151969983 0.16528160200250305
0 0.8293058161350844 0.4936545682102628 0.031069418386491455 0.1787108886107634
0 0.8629831144465291 0.4970713391739675 0.04328330206378996 0.1752941176470589
0 0.4593058161350844 0.2937046307884856 0.04360225140712947 0.16052565707133912
0 0.9778986866791746 0.5058573216520651 0.04041275797373352 0.16345431789737175
0 0.4728517823639775 0.4982853566958698 0.0303564727954972 0.17981226533166453
0 0.18848030018761724 0.29101376720901123 0.035778611632270155 0.15893617021276593
0 0.365984990619137 0.7080100125156447 0.04125703564727957 0.1827409261576971
0 0.1533395872420263 0.29175219023779725 0.03716697936210132 0.15710888610763452
0 0.9398499061913697 0.5058573216520651 0.03840525328330212 0.16101376720901123
0 0.40660412757973735 0.7065456821026282 0.044784240150093815 0.18384230287859815
0 0.03973733583489681 0.7177722152690864 0.04831144465290807 0.16833541927409262
0 0.8644465290806754 0.2929662077596996 0.03604127579737343 0.16345431789737166
0 0.9273921200750469 0.30151439299123906 0.027373358348968164 0.1409887359198999
0 0.8285741088180113 0.9126032540675845 0.05594746716697946 0.16320400500625792
0 0.7619699812382739 0.29321652065081355 0.03517823639774859 0.16723404255319152
0 0.20356472795497185 0.9161451814768461 0.04690431519699812 0.1677096370463079
0 0.1293808630393996 0.9174843554443054 0.049868667917448414 0.16211514392991236
0 0.44429643527204504 0.9209011264080099 0.04287054409005633 0.15282853566958685
0 0.9061726078799249 0.9150438047559449 0.05228893058161352 0.16296620775969967
0 0.7198874296435271 0.9091739674593241 0.04504690431519698 0.16211514392991236
0 0.8183302063789869 0.0765331664580726 0.0408818011257035 0.14807259073842302
0 0.0850844277673546 0.9140675844806008 0.05228893058161352 0.16638297872340432
0 0.25581613508442774 0.29224030037546933 0.03936210131332083 0.16345431789737175
0 0.9039774859287054 0.07599499374217772 0.04174484052532833 0.14367959949937423
0 0.7854033771106942 0.915531914893617 0.050731707317073105 0.1618648310387984
0 0.9427767354596623 0.9174843554443054 0.05439024390243904 0.15710888610763452
0 0.9398499061913697 0.07531914893617021 0.038180112570356514 0.14586983729662079
0 0.7773545966228893 0.07586983729662078 0.03921200750469039 0.14612015018773467
0 0.7509943714821763 0.9106382978723404 0.044596622889305784 0.16235294117647062
0 0.38208255159474674 0.9174843554443054 0.036547842401500975 0.15795994993742182
0 0.9778424015009382 0.9184605757196496 0.04431519699812373 0.15637046307884864
0 0.48712945590994366 0.9218773466833542 0.05380863039399621 0.1538047559449313
0 0.11071294559099437 0.29150187734668337 0.051106941838649146 0.16662077596996247
0 0.22050656660412757 0.29345431789737175 0.03405253283302065 0.15770963704630792
0 0.3140150093808631 0.0765331664580726 0.04151969981238273 0.14586983729662079
0 0.5383677298311444 0.2976095118898623 0.039587242026266456 0.15454317897371714
0 0.3487804878048781 0.9160200250312891 0.03896810506566601 0.16369211514392987
0 0.7700187617260789 0.5048811013767208 0.031238273921200706 0.16186483103879856
0 0.7231894934333958 0.29052565707133915 0.04041275797373352 0.1639424280350438
0 0.02889305816135084 0.5068335419274093 0.046585365853658536 0.15588235294117642
0 0.6788930581613509 0.9126032540675845 0.05347091932457786 0.16455569461827285
0 0.1379737335834897 0.4948685857321652 0.04793621013133209 0.18481852315394237
0 0.04694183864915572 0.9067334167709638 0.056041275797373356 0.18042553191489372
0 0.8629831144465291 0.9160200250312891 0.05754221388367722 0.1674843554443053
0 0.9566791744840526 0.2814893617021277 0.03489681050656665 0.1829787234042553
0 0.409906191369606 0.2941927409261577 0.04529080675422136 0.16320400500625779
0 0.2649718574108818 0.9158322903629537 0.054071294559099425 0.16833541927409262
0 0.5899624765478424 0.0748936170212766 0.04151969981238273 0.14563204005006258
0 0.33176360225140716 0.27856070087609514 0.039737335834896824 0.1928660826032541
0 0.3099812382739212 0.9160200250312891 0.04677298311444654 0.1658948685857321
0 0.6774296435272045 0.07519399249061326 0.04213883677298318 0.14586983729662076
0 0.27412757973733587 0.07451814768460575 0.03913696060037526 0.1448936170212766
0 0.6342401500938086 0.07629536921151439 0.04581613508442769 0.14709637046307886
0 0.9859474671669793 0.29712140175219026 0.028067542213883745 0.15478097622027537
0 0.5478799249530957 0.0748936170212766 0.04454033771106944 0.14563204005006258
0 0.3952532833020638 0.07610763454317898 0.04767354596622894 0.14782227784730914
0 0.971313320825516 0.0755569461827284 0.026435272045028095 0.14294117647058824
0 0.8607879924953096 0.07544430538172717 0.0454784240150094 0.14684605757196495
0 0.20787992495309568 0.07531914893617021 0.04183864915572235 0.14660826032540675
0 0.019549718574108817 0.2890613266583229 0.03909943714821763 0.16162703379224025
0 0.2616697936210131 0.7202127659574469 0.03538461538461541 0.16137672090112648
0 0.24191369606003751 0.07239048811013768 0.035103189493433384 0.14478097622027536
0 0.23495309568480302 0.9189111389236546 0.0330956848030019 0.1621652065081351
0 0.49699812382739206 0.07586983729662078 0.05461538461538464 0.14684605757196495
0 0.6133771106941839 0.2934543178973717 0.0366228893058161 0.16211514392991241
0 0.17 0.9160200250312891 0.045984990619136946 0.16369211514392987
0 0.06135084427767355 0.28173967459324156 0.04894934333958725 0.17785982478097623
0 0.444671669793621 0.07519399249061326 0.0532082551594747 0.14563204005006256
0 0.7305065666041276 0.0772090112640801 0.05448405253283295 0.14953692115143932
0 0.06300187617260787 0.07366708385481852 0.04968105065666042 0.14147684605757196
0 0.6316885553470919 0.9272465581977472 0.08065666041275799 0.14440550688360435
0 0.5522701688555347 0.9267584480600751 0.08033771106941848 0.1446558197747183
0 0.11373358348968104 0.07317897371714643 0.05397748592870543 0.14514392991239047
0 0.3522514071294559 0.07586983729662078 0.0377485928705441 0.14586983729662079
0 0.16386491557223265 0.07409261576971214 0.047936210131332105 0.14733416770963703
0 0.5017636022514071 0.5688485607008761 0.980093808630394 0.04996245306633287
0 0.4896810506566604 0.7817396745932416 0.9596060037523453 0.05136420525657067
0 0.012063789868667917 0.9140675844806008 0.024108818011257038 0.16918648310387993
0 0.019362101313320827 0.07519399249061326 0.03870544090056284 0.1406257822277847
0 0.49151969981238275 0.34473091364205255 0.9705816135084431 0.06110137672090115