0 0.5334346504559271 0.8874695863746959 0.05167173252279635 0.22506082725060828
0 0.3220820668693009 0.3425547445255474 0.03863221884498474 0.32953771289537714
0 0.8050911854103343 0.35266423357664234 0.04463525835866245 0.3172384428223844
0 0.2838449848024316 0.342007299270073 0.04089665653495436 0.33227493917274936
0 0.7491033434650456 0.34418491484184915 0.04106382978723402 0.33172749391727485
0 0.23623100303951367 0.34363746958637476 0.04779635258358661 0.3339051094890511
0 0.5367933130699087 0.3425547445255474 0.0372036474164134 0.3404622871046229
0 0.9115957446808511 0.34418491484184915 0.05018237082066866 0.3377372262773723
0 0.8453647416413373 0.3450121654501217 0.051124620060790424 0.33527980535279805
0 0.05164133738601824 0.3444647201946472 0.04322188449848024 0.32899026763990274
0 0.6890273556231002 0.3447323600973236 0.030334346504559326 0.32407542579075427
0 0.5661398176291793 0.34527980535279806 0.028100303951367794 0.32844282238442823
0 0.6098328267477203 0.346654501216545 0.031762917933130665 0.32543795620437954
0 0.493161094224924 0.8880778588807786 0.044072948328267476 0.22384428223844283
0 0.709726443768997 0.8856447688564477 0.08814589665653495 0.22871046228710462
0 0.6641337386018237 0.8965936739659367 0.0425531914893617 0.20681265206812652
0 0.7156534954407294 0.3381751824817518 0.03872340425531918 0.3404622871046229
0 0.24088145896656535 0.8868613138686131 0.05927051671732523 0.22627737226277372
0 0.13980243161094227 0.33052311435523113 0.037993920972644375 0.35495133819951336
0 0.5866261398176292 0.3450121654501217 0.025835866261398176 0.32489051094890503
0 0.4046808510638297 0.3286131386861314 0.055638297872340446 0.36396593673965943
0 0.3829787234042553 0.8923357664233577 0.0547112462006079 0.21532846715328466
0 0.18314589665653494 0.3403649635036496 0.059392097264437664 0.3404622871046229
0 0.4572492401215806 0.32916058394160586 0.04395136778115495 0.3634184914841849
0 0.09729483282674774 0.3417274939172749 0.05179331306990879 0.3330900243309002
0 0.32674772036474165 0.8905109489051095 0.0668693009118541 0.21897810218978103
0 0.8801823708206686 0.34610705596107055 0.04813069908814601 0.3330900243309002
0 0.17401215805471124 0.8874695863746959 0.08662613981762918 0.22506082725060828
0 0.2765957446808511 0.8923357664233577 0.03951367781155015 0.21532846715328466