0 0.29281250000000003 0.177 0.030171875000000004 0.11694375000000001
0 0.09565625 0.556425 0.017828124999999993 0.09909999999999997
0 0.1424453125 0.55598125 0.015914062500000003 0.09693124999999995
0 0.15557812499999998 0.55585625 0.015117187500000018 0.09413124999999994
0 0.1192109375 0.55878125 0.014007812500000005 0.08725625000000008
0 0.337171875 0.54885 0.018625000000000023 0.10813749999999998
0 0.4100625 0.5469437500000001 0.030718749999999996 0.10686875000000001
0 0.09024218750000002 0.44115000000000004 0.019734375000000005 0.09136875000000004
0 0.0311953125 0.430075 0.019414062500000002 0.10741249999999994
0 0.2848046875 0.78503125 0.009390624999999986 0.0890187499999999
0 0.401546875 0.7835 0.015281249999999958 0.09105625000000003
0 0.44205468750000004 0.7820374999999999 0.005570312500000086 0.09194999999999993
0 0.4248671875 0.7833125 0.009390624999999986 0.08940625000000012
0 0.4771484375 0.784325 0.016867187499999936 0.10162499999999994
0 0.2256796875 0.78388125 0.016867187500000026 0.08927500000000009
0 0.1793671875 0.6755437499999999 0.016554687499999998 0.08905624999999993
0 0.3126640625 0.6688625 0.03644531249999998 0.10242500000000007
0 0.4753984375 0.6653625 0.016554687500000043 0.10433124999999997
0 0.40728125000000004 0.67191875 0.020374999999999987 0.09325625000000003
0 0.35217187499999997 0.546875 0.021156250000000033 0.10540625000000006
0 0.3723125 0.5473625 0.020828124999999975 0.10412499999999994
0 0.27328125000000003 0.6655249999999999 0.01640625 0.10247500000000002
0 0.2856484375 0.6704125000000001 0.020124999999999994 0.09997500000000002
0 0.44006249999999997 0.5463875 0.030289062499999984 0.10266249999999999
0 0.04864062499999999 0.78125 0.021726562499999998 0.09979375000000004
0 0.4678359375 0.5483375 0.027812499999999928 0.10357500000000001
0 0.46020312499999994 0.7793000000000001 0.014382812500000064 0.09844999999999998
0 0.220640625 0.18518125000000002 0.028609375000000003 0.1037625
0 0.3149453125 0.555175 0.020023437499999998 0.09771874999999994
0 0.0566875 0.6660187500000001 0.028937499999999994 0.10089374999999996
0 0.1618984375 0.6650375 0.026703125000000005 0.10339374999999996
0 0.31128125 0.30859375 0.022867187499999986 0.10723749999999999
0 0.0648125 0.7827124999999999 0.025179687499999992 0.09997500000000002
0 0.7659921875 0.6621125000000001 0.0205078125 0.10070625000000007
0 0.4754609375 0.05541875000000001 0.011765624999999957 0.09741250000000001
0 0.4470859375 0.66894375 0.037765624999999935 0.09979375000000004
0 0.464171875 0.430175 0.027601562499999944 0.10650625000000005
0 0.13572656249999998 0.6660187500000001 0.018624999999999982 0.10394374999999996
0 0.0939921875 0.6655249999999999 0.018062500000000002 0.10394374999999996
0 0.8605937499999999 0.8886750000000001 0.0182734374999999 0.09399374999999992
0 0.073625 0.18603750000000002 0.015601562499999999 0.10266249999999999
0 0.6640625 0.05270624999999999 0.02073437499999997 0.09789999999999999
0 0.08399999999999999 0.1838375 0.018765625000000008 0.10229374999999997
0 0.82825 0.5556625 0.02147656249999983 0.08898750000000007
0 0.8453359375 0.88769375 0.02073437499999997 0.09301874999999996
0 0.8935546875 0.0538 0.019796875000000113 0.09771875
0 0.791625 0.55615 0.01869531249999996 0.08898749999999993
0 0.25589062500000004 0.18445 0.018984374999999963 0.10302500000000002
0 0.5108671874999999 0.3103 0.01596093750000005 0.10107500000000001
0 0.55725 0.05340625000000001 0.015656249999999972 0.09753125000000001
0 0.11382812499999999 0.890625 0.02296093749999999 0.08178750000000008
0 0.8435078125000001 0.555175 0.02027343749999986 0.08849999999999994
0 0.861203125 0.555175 0.022312499999999957 0.08849999999999994
0 0.0159609375 0.30395625000000004 0.018984374999999998 0.11517500000000001
0 0.6207265625 0.05520625 0.016593750000000008 0.09704375000000001
0 0.5755625 0.0548125 0.01590624999999992 0.09845000000000001
0 0.4293828125 0.05243124999999999 0.012867187500000021 0.10266249999999999
0 0.6372109375 0.05450625 0.01646093749999995 0.09826874999999999
0 0.539859375 0.051175 0.014664062499999986 0.1021125
0 0.7476796875 0.780275 0.02204687500000002 0.09619374999999991
0 0.4568515625 0.05551249999999999 0.012367187499999942 0.09789999999999999
0 0.8422890625000001 0.77783125 0.038640625000000026 0.10052500000000009
0 0.09971875 0.1838375 0.014835937499999997 0.09911875000000002
0 0.7061796874999999 0.77685625 0.0244140625 0.10302500000000009
0 0.6039453124999999 0.0538 0.01724218749999995 0.09845000000000001
0 0.3369140625 0.05243125000000001 0.023765624999999967 0.10449375
0 0.8917265625 0.5546875 0.017984374999999986 0.08929374999999994
0 0.8258046875 0.8881812499999999 0.02019531249999993 0.08947499999999992
0 0.859375 0.43579375 0.020351562500000142 0.09106250000000003
0 0.5154453125 0.05749375 0.011953124999999964 0.09515625
0 0.13153125000000002 0.8901375 0.01833593750000002 0.07861250000000013
0 0.5902109375 0.053406249999999995 0.014492187499999965 0.09875624999999999
0 0.1977578125 0.19873125000000003 0.02428125000000001 0.07806249999999998
0 0.30929687499999997 0.7793000000000001 0.040437499999999994 0.10015625
0 0.7293671875000001 0.78125 0.01995312499999997 0.09570625000000006
0 0.6628437500000001 0.55224375 0.015781250000000035 0.09448125000000004
0 0.6506328124999999 0.43432499999999996 0.02399218750000003 0.09436250000000002
0 0.8093281250000001 0.55664375 0.022562500000000086 0.08947500000000005
0 0.877078125 0.88965 0.01913281249999983 0.08227499999999992
0 0.6500234375 0.55126875 0.01928125000000005 0.09655625000000001
0 0.4470859375 0.17150625000000003 0.023765625000000058 0.12042499999999999
0 0.192875 0.88671875 0.026398437499999993 0.08770624999999996
0 0.470578125 0.17236249999999997 0.02300000000000004 0.12292500000000002
0 0.5252109375 0.05770625 0.01222656250000007 0.09075625000000001
0 0.9814453125 0.5537125 0.021976562500000085 0.08630624999999995
0 0.4391484375 0.05530000000000001 0.011765624999999957 0.09930624999999998
0 0.5874609375000001 0.77685625 0.022960937500000077 0.09966874999999988
0 0.146484375 0.8891625000000001 0.01979687499999998 0.07849375000000008
0 0.7543984375 0.5542 0.02904687500000005 0.09026875000000004
0 0.6750468749999999 0.66845625 0.023898437499999935 0.09436250000000002
0 0.6237812500000001 0.55078125 0.023898437499999935 0.09637500000000003
0 0.586546875 0.66748125 0.01869531250000005 0.09417499999999997
0 0.4013046875 0.053893750000000004 0.022523437499999986 0.10467499999999999
0 0.36071875000000003 0.053006250000000005 0.02385937499999997 0.1037625
0 0.6506328124999999 0.054506249999999985 0.013734374999999943 0.09655625000000001
0 0.1879921875 0.052918749999999994 0.020578124999999982 0.10449375
0 0.041046875 0.30346874999999995 0.021054687500000002 0.11498749999999998
0 0.6063828124999999 0.55078125 0.0205078125 0.09771874999999994
0 0.380859375 0.0525 0.02421875 0.105
0 0.673828125 0.555175 0.015367187500000056 0.09088125000000005
0 0.41839843749999994 0.05358749999999999 0.014273437499999986 0.10394375
0 0.9118671875000001 0.05389375000000001 0.0229609374999999 0.09741250000000001
0 0.9191874999999999 0.782225 0.01698437499999983 0.09875625000000014
0 0.512390625 0.17443750000000002 0.017921875000000042 0.11517499999999999
0 0.8734140625 0.77831875 0.032250000000000154 0.10321249999999992
0 0.018546874999999997 0.05270624999999999 0.0360859375 0.10070625
0 0.223390625 0.88623125 0.053593750000000016 0.09088124999999991
0 0.16540625 0.051756250000000004 0.02395312500000002 0.10125624999999999
0 0.5075078125 0.056031250000000005 0.008140625000000058 0.09893750000000001
0 0.12565625 0.780275 0.06061718749999999 0.10211250000000006
0 0.801390625 0.18359375 0.05874999999999995 0.10229374999999997
0 0.3884921875 0.86279375 0.04260937499999997 0.04708750000000009
0 0.2183515625 0.051756250000000004 0.02575000000000003 0.10125624999999999
0 0.1702890625 0.20129375 0.0390078125 0.07018749999999997
0 0.9014921875 0.18346875 0.03307031249999994 0.10394375000000002
0 0.7263203125000001 0.18432500000000002 0.06950000000000003 0.1021125
0 0.12855468750000001 0.18371875 0.028078125 0.09893750000000003
0 0.6182890624999999 0.6665062500000001 0.06801562499999995 0.09088124999999998
0 0.98815625 0.3161625 0.022484375000000157 0.09234375
0 0.2685546875 0.06805625 0.08705468750000005 0.07653750000000001
0 0.69275 0.43555 0.07121875000000007 0.09301874999999996
0 0.5212421875000001 0.44140625 0.033265624999999945 0.08331249999999997
0 0.6988515625 0.546875 0.06614843750000006 0.08209374999999994
0 0.1402265625 0.44067500000000004 0.07373437499999999 0.09448125000000004
0 0.9796171875 0.66015625 0.04074218750000007 0.07989374999999996
0 0.5886875 0.44091875 0.03224999999999998 0.0834375
0 0.9796171875 0.7793000000000001 0.03885156250000001 0.09875625000000014