0 0.45625 0.30546875 0.04453125 0.1671875
0 0.41875 0.30703125 0.0484375 0.16328125
0 0.34296875 0.309375 0.04140625 0.16171875
0 0.5453125 0.3046875 0.05390625 0.16640625
0 0.3734375 0.309375 0.0390625 0.16171875
0 0.50078125 0.30546875 0.0515625 0.16484375
0 0.18515625 0.30390625 0.04453125 0.16640625
0 0.22109375 0.30546875 0.03984375 0.16328125
0 0.30390625 0.3078125 0.04140625 0.16171875
0 0.25859375 0.30703125 0.04140625 0.165625
0 0.20859375 0.76484375 0.0390625 0.1765625
0 0.7609375 0.06953125 0.053125 0.1328125
0 0.3 0.54765625 0.04765625 0.171875
0 0.41640625 0.54296875 0.05 0.16953125
0 0.121875 0.528125 0.04453125 0.1921875
0 0.0828125 0.52890625 0.04140625 0.18828125
0 0.7953125 0.06875 0.05234375 0.1328125
0 0.16484375 0.52890625 0.04921875 0.19375
0 0.27265625 0.54921875 0.046875 0.17265625
0 0.61796875 0.06953125 0.04609375 0.13203125
0 0.24453125 0.0703125 0.04921875 0.13828125
0 0.11015625 0.29296875 0.05546875 0.18828125
0 0.575 0.540625 0.05078125 0.17421875
0 0.7546875 0.3078125 0.05 0.16796875
0 0.17421875 0.07109375 0.05703125 0.13828125
0 0.64765625 0.06796875 0.04765625 0.13203125
0 0.04765625 0.53046875 0.040625 0.19140625
0 0.70390625 0.3046875 0.05078125 0.1703125
0 0.55703125 0.76796875 0.04765625 0.184375
0 0.67890625 0.07109375 0.0484375 0.1328125
0 0.1984375 0.53203125 0.05234375 0.18828125
0 0.5828125 0.0703125 0.0421875 0.13203125
0 0.765625 0.54765625 0.084375 0.16640625
0 0.515625 0.76796875 0.04375 0.1796875
0 0.35859375 0.54921875 0.0421875 0.1625
0 0.83046875 0.06875 0.04453125 0.134375
0 0.240625 0.76484375 0.0390625 0.17578125
0 0.384375 0.55234375 0.04296875 0.15546875
0 0.53203125 0.06875 0.06796875 0.134375
0 0.67265625 0.30703125 0.04765625 0.16640625
0 0.63125 0.54140625 0.04375 0.17109375
0 0.50859375 0.54453125 0.0484375 0.16796875
0 0.33359375 0.54921875 0.04140625 0.1671875
0 0.11796875 0.7671875 0.03671875 0.1703125
0 0.18515625 0.76484375 0.0359375 0.1765625
0 0.54140625 0.54296875 0.040625 0.1703125
0 0.86015625 0.30859375 0.065625 0.175
0 0.45078125 0.54375 0.0453125 0.16796875
0 0.48828125 0.0671875 0.03359375 0.1328125
0 0.271875 0.76640625 0.0359375 0.17421875
0 0.86328125 0.06953125 0.0515625 0.13359375
0 0.09296875 0.76328125 0.0375 0.1734375
0 0.84609375 0.5484375 0.04296875 0.1671875
0 0.68828125 0.54609375 0.03671875 0.1625
0 0.48359375 0.7671875 0.03359375 0.17734375
0 0.30390625 0.7671875 0.0359375 0.17734375
0 0.9015625 0.06953125 0.04296875 0.1359375
0 0.059375 0.76875 0.05 0.1671875
0 0.89609375 0.3046875 0.05234375 0.17578125
0 0.234375 0.5484375 0.0453125 0.15625
0 0.78984375 0.2984375 0.0796875 0.18828125
0 0.9640625 0.31015625 0.04453125 0.16640625
0 0.0703125 0.0703125 0.04296875 0.13515625
0 0.3609375 0.06953125 0.05078125 0.13671875
0 0.1515625 0.759375 0.05078125 0.184375
0 0.021875 0.7625 0.0421875 0.17265625
0 0.3375 0.7671875 0.03984375 0.17890625
0 0.60703125 0.54765625 0.0328125 0.16015625
0 0.43828125 0.76796875 0.0421875 0.18203125
0 0.93671875 0.06953125 0.0484375 0.13515625
0 0.64296875 0.3125 0.04140625 0.15625
0 0.19921875 0.94296875 0.059375 0.1109375
0 0.93046875 0.3046875 0.059375 0.175
0 0.403125 0.76953125 0.04375 0.17890625
0 0.71875 0.06796875 0.05859375 0.1328125
0 0.609375 0.76875 0.06484375 0.18046875
0 0.8434425921875001 0.7015864578125 0.78783148125 0.6893343749999999 0.6603888890625 0.8448687500000001 0.717159259375 0.8611510421874999 0.8434425921875001 0.7015864578125
0 0.9141166671875001 0.7126583328125 0.8906555562499999 0.7080708328124999 0.7994166671875 0.8598489578124999 0.816796296875 0.8605 0.9141166671875001 0.7126583328125