0 0.9090678734375001 0.53271728125 0.371513575 0.6132496828125 0.37022171875 0.6415444734375 0.917143665625 0.5612979671875 0.9090678734375001 0.53271728125
0 0 0.700935215625 0.225495475 0.742391359375 0.5718042984375 0.7061156296875 0.34050113125000003 0.6574574328125 0 0.6998884125 0 0.700935215625
0 0 0.7007887625 0.33727149375 0.6574574328125 0.3353325796875 0.6408189328125 0 0.685350471875 0 0.7007887625
0 0.9364343890625 0.44852096562500005 0.362383484375 0.56073189375 0.366635746875 0.6108684875 0.9486595015624999 0.5107318937499999 0.9364343890625 0.44852096562500005
0 0.8939128953125 0.3780914859375 0.3347432125 0.5010451078125 0.34750000000000003 0.5487947906249999 0.9194253390625 0.43162388749999997 0.8939128953125 0.3780914859375
0 0.9002907234374999 0.29572426875 0.396401584375 0.4353900890625 0.39214932187499996 0.46284625156250003 0.9087952484375 0.333112453125 0.9002907234374999 0.29572426875
0 0.8917861984375 0.24320012656249998 0.3857703625 0.394803684375 0.387897059375 0.43180940312500005 0.8901911765625 0.2943043203125 0.8917861984375 0.24320012656249998
0 0.9321821265624999 0.20738818281250002 0.379392534375 0.374510165625 0.379392534375 0.395997459375 0.9220837109375 0.23460038125 0.9321821265624999 0.20738818281250002
0 0.8960384609375 0.15367026718750001 0.3687613125 0.331535578125 0.3687613125 0.36615374843750004 0.9114524890625001 0.1942998734375 0.8960384609375 0.15367026718750001
0 0 0.645627453125 0.3318122171875 0.5855851328125 0.3376798640625 0.565721728125 0 0.6278299109375001 0 0.645627453125
0 0.0032319000000000002 0.6006416765625 0.0032319000000000002 0.6217261749999999 0.3376798640625 0.56334116875 0.33650678749999996 0.534095934375 0.0032319000000000002 0.6006416765625
0 0.332986425 0.5083996187500001 0.0290497734375 0.576922490625 0.031395928125 0.5920768734374999 0.3332794125 0.5295641671875 0.332986425 0.5083996187500001
0 0.3318122171875 0.4642554 0.031395928125 0.5630864046874999 0.027875565624999998 0.5788989828125 0.3318122171875 0.4883723 0.3318122171875 0.4642554
0 0.34472171875 0.43658259218750006 0.0231821265625 0.5281658203124999 0.0208348421875 0.5492496828125 0.3318122171875 0.45953811875 0.34472171875 0.43658259218750006
0 0.02552828125 0.5051054640625 0.0208348421875 0.51894155 0.3435475109375 0.42823189375000004 0.3505882359375 0.4108862765625 0.02552828125 0.5051054640625
0 0.0360904984375 0.48731575625 0.0360904984375 0.5024695046875001 0.35234841562499997 0.40434116875 0.357630090625 0.3884847515625 0.0360904984375 0.48731575625
0 0.7361504531249999 0.694194409375 0.7185904984375 0.6985076234375 0.7449309953125 0.895690596875 0.7682522625 0.895520965625 0.7361504531249999 0.694194409375
0 0.7888303171875 0.6892649296875 0.76248981875 0.69296188125 0.792122171875 0.9030851328124999 0.8327296375 0.903226175 0.7888303171875 0.6892649296875
0 0.8755316734375 0.6806384999999999 0.8448020359375 0.6837191875 0.887604071875 0.899387546875 0.927388009375 0.8993735703124999 0.8755316734375 0.6806384999999999
0 0.930406109375 0.6757083859375 0.88101923125 0.6806384999999999 0.9391855203125001 0.9018526046875 0.9877499999999999 0.9016848796874999 0.930406109375 0.6757083859375
0 0.6746911765625 0.7028214734375 0.6351821265625001 0.710215375 0.6538393671875 0.9055495546874999 0.6996595015625 0.9039961875 0.6746911765625 0.7028214734375
0 0.6274988687499999 0.7095997453125 0.603354071875 0.71268043125 0.6143291859375 0.90246886875 0.6434128953125 0.9024555265625 0.6274988687499999 0.7095997453125