0 0.6356385869565218 0.695802752293578 0.39222826086956514 0.0451987767584097
0 0.5874728260869565 0.4067354740061162 0.4273777173913043 0.033600917431192694
0 0.5293342391304348 0.28539755351681956 0.4128396739130435 0.04400611620795111
0 0.6308559782608696 0.6689449541284403 0.3939673913043477 0.041383792048929745
0 0.6000543478260869 0.44433486238532116 0.4221603260869566 0.028103975535168187
0 0.8696059782608695 0.2814908256880734 0.2607744565217392 0.04595565749235475
0 0.6377989130434782 0.6020489296636086 0.4121875 0.02737767584097855
0 0.5488586956521739 0.3464373088685015 0.41717391304347834 0.03747706422018347
0 0.6148097826086957 0.4763990825688073 0.4483695652173913 0.03077217125382263
0 0.6182744565217392 0.5302752293577981 0.4221603260869564 0.031146788990825694
0 0.6417119565217392 0.7670871559633028 0.4473369565217392 0.045259938837920524
0 0.5071467391304347 0.23924311926605504 0.41779891304347827 0.04201070336391441