0 0.59375 0.465625 0.4234375 0.03046875
0 0.5 0.5859375 0.346875 0.03046875
0 0.2546875 0.64921875 0.34765625 0.03359375
0 0.1625 0.784375 0.325 0.0375
0 0.14140625 0.50234375 0.28046875 0.0296875
0 0.4703125 0.4390625 0.30546875 0.03203125
0 0.32734375 0.3671875 0.31953125 0.02890625
0 0.51640625 0.340625 0.31796875 0.0203125
0 0.85390625 0.43125 0.28515625 0.02265625
0 0.64375 0.55859375 0.33515625 0.021875
0 0.428125 0.665625 0.32734375 0.02578125
0 0.53359375 0.790625 0.33359375 0.0328125
0 0.52890625 0.85078125 0.2984375 0.03515625
0 0.1625 0.85 0.31640625 0.03984375
0 0.46328125 0.4953125 0.32734375 0.0296875
0 0.47578125 0.13828125 0.33671875 0.02578125
0 0.21015625 0.01171875 0.3078125 0.0234375
0 0.128125 0.03671875 0.253125 0.0296875
0 0.365625 0.19921875 0.3328125 0.02109375
0 0.5625 0.9171875 0.340625 0.0359375
0 0.17578125 0.96484375 0.33828125 0.01953125
0 0.26171875 0.60546875 0.32734375 0.02578125
0 0.8546875 0.49140625 0.271875 0.0328125
0 0.75859375 0.15625 0.325 0.01875
0 0.534375 0.3046875 0.3234375 0.01640625
0 0.5328125 0.3828125 0.31640625 0.02421875
0 0.75703125 0.28359375 0.2828125 0.0171875