0 0.8265625 0.71484375 0.203125 0.1953125
0 0.4953125 0.8 0.1859375 0.203125
0 0.6984375 0.78515625 0.0921875 0.1875
0 0.53359375 0.69375 0.234375 0.1328125
0 0.815625 0.92265625 0.2875 0.0875
0 0.615625 0.31875 0.028125 0.1171875
0 0.58359375 0.30625 0.0296875 0.14375
0 0.65078125 0.30234375 0.0375 0.15
0 0.75234375 0.30234375 0.053125 0.1546875
0 0.525 0.30390625 0.0296875 0.14375
0 0.3859375 0.275 0.0375 0.115625
0 0.6984375 0.30390625 0.0453125 0.1578125
0 0.8171875 0.3046875 0.05625 0.1546875
0 0.4546875 0.3109375 0.0328125 0.13125
0 0.48359375 0.3078125 0.03125 0.13125
0 0.328125 0.2765625 0.0296875 0.109375
0 0.290625 0.27734375 0.025 0.10625
0 0.8640625 0.30390625 0.05625 0.15625