0 0.42020089285714285 0.28732698961937714 0.8013392857142857 0.07292387543252592
0 0.46193080357142857 0.3544723183391003 0.8148214285714287 0.0752681660899654
0 0.47402901785714285 0.21457612456747405 0.7893191964285714 0.07178200692041524
0 0.5364732142857143 0.6423788927335641 0.8180915178571428 0.11056228373702418
0 0.5050892857142857 0.16262975778546712 0.7716629464285714 0.04656574394463667
0 0.5227455357142857 0.5455622837370242 0.8259375 0.09383217993079587
0 0.5096651785714286 0.4829671280276816 0.8403236607142857 0.06377162629757788
0 0.5364732142857144 0.780242214532872 0.7572767857142857 0.12741349480968855
0 0.4835044642857143 0.42290657439446366 0.851439732142857 0.08401384083044992
0 0.5245535714285714 0.9359861591695502 0.7142857142857143 0.12802768166089964
0 0.5273214285714286 0.8658996539792387 0.7056138392857143 0.09383217993079568
0 0.5256919642857143 0.7163754325259516 0.7932366071428572 0.08236159169550177