0 0.686199460916442 0.24172506738544478 0.4170485175202157 0.033194070080862524
0 0.2829784366576819 0.64322102425876 0.38126684636118596 0.04994609164420478
0 0.6995283018867924 0.27084905660377356 0.4113746630727763 0.027830188679245253
0 0.6970619946091644 0.33030997304582205 0.4113746630727763 0.035876010781671165
0 0.28444743935309974 0.7290970350404313 0.38349056603773596 0.03467654986522913
0 0.6950808625336927 0.36017520215633425 0.42123989218328833 0.033194070080862524
0 0.28371967654986524 0.6930727762803235 0.3871832884097035 0.04121293800539074
0 0.6960646900269541 0.2967520215633423 0.4079110512129381 0.03640161725067384
0 0.7093935309973046 0.3897843665768194 0.4118598382749328 0.03396226415094346
0 0.28692722371967655 0.8366981132075473 0.38768194070080864 0.028153638814016307
0 0.6970619946091644 0.49664420485175204 0.4261725067385445 0.032210242587601044
0 0.6935983827493262 0.46505390835579513 0.42420485175202155 0.03099730458221024
0 0.6985444743935311 0.5874528301886792 0.425687331536388 0.031590296495956946
0 0.6955795148247979 0.4179245283018868 0.4237061994609166 0.029730458221024186
0 0.28420485175202154 0.8717385444743936 0.4012533692722372 0.04121293800539074
0 0.6970619946091644 0.5568463611859839 0.4318463611859839 0.031064690026954115
0 0.6940970350404312 0.64322102425876 0.4432075471698115 0.03136118598382747
0 0.28692722371967655 0.8021428571428573 0.38619946091644203 0.04222371967654977
0 0.7014959568733153 0.733544474393531 0.4478975741239891 0.0444204851752022
0 0.6916307277628033 0.6170619946091644 0.42863881401617243 0.02694070080862535
0 0.6921159029649595 0.43865229110512133 0.4200134770889489 0.02874663072776286
0 0.702978436657682 0.87322102425876 0.46171159029649583 0.04152291105121286
0 0.705943396226415 0.7024528301886793 0.4439487870619947 0.025835579514824895
0 0.702978436657682 0.8243530997304581 0.44591644204851766 0.04229110512129395
0 0.7084097035040431 0.7937601078167116 0.44591644204851766 0.02777628032345
0 0.7039622641509434 0.6738274932614555 0.4353099730458221 0.03932614555256073
0 0.28692722371967655 0.7666037735849057 0.38349056603773585 0.02598382749326142
0 0.6950808625336927 0.5297035040431267 0.4301212938005392 0.028207547169811255
0 0.7024932614555256 0.7735175202156335 0.4432075471698115 0.02885444743935321
0 0.4430053908355795 0.3626145552560647 0.07547169811320754 0.5038140161725068
0 0.29901617250673856 0.401388140161725 0.0748921832884097 0.42518867924528303
0 0.23090296495956875 0.4023719676549865 0.059285714285714296 0.432843665768194
0 0.36835579514824796 0.39719676549865235 0.056536388140161785 0.4338274932614555
0 0.17575471698113207 0.5040431266846361 0.05663072776280321 0.23874663072776278