0 0.6328125 0.37091928251121076 0.015131250000000023 0.11769058295964127
0 0.1438 0.78957399103139 0.014337499999999998 0.11385650224215241
0 0.363525 0.506670403587444 0.016662500000000052 0.11966367713004486
0 0.14355625 0.37004484304932733 0.017581249999999996 0.11429372197309422
0 0.18127500000000002 0.3674103139013453 0.01353749999999998 0.1157174887892377
0 0.2254625 0.792634529147982 0.013900000000000006 0.10565022421524664
0 0.32275624999999997 0.2214798206278027 0.02386250000000004 0.11835201793721972
0 0.19067499999999998 0.5071076233183857 0.016787500000000007 0.10958520179372197
0 0.17333749999999998 0.5084304932735426 0.017106250000000003 0.11079596412556059
0 0.2556125 0.36960762331838565 0.015306250000000006 0.11922645739910316
0 0.3442375 0.3720179372197309 0.027006250000000023 0.11922645739910316
0 0.2712375 0.2204932735426009 0.01994374999999998 0.11364349775784754
0 0.20508125 0.7891367713004483 0.012524999999999977 0.10855381165919274
0 0.59130625 0.37726457399103136 0.018125 0.1242600896860987
0 0.257325 0.22355381165919283 0.019087499999999976 0.10997757847533629
0 0.167725 0.36763452914798206 0.016787500000000007 0.12207399103139012
0 0.21838125000000003 0.5084304932735426 0.012868750000000019 0.11286995515695074
0 0.28418125 0.221804932735426 0.02161875000000002 0.11594170403587446
0 0.22155625 0.22399103139013454 0.01666249999999998 0.10838565022421526
0 0.27075 0.3693834080717489 0.016525000000000033 0.12141255605381161
0 0.3244625 0.3717937219730942 0.01646249999999995 0.11812780269058297
0 0.36059375000000005 0.2248766816143498 0.02551249999999996 0.12272421524663674
0 0.34033125 0.07849775784753363 0.02211250000000007 0.11966367713004482
0 0.3652375 0.37332959641255603 0.026306249999999948 0.11528026905829601
0 0.70215 0.22443946188340805 0.013956249999999955 0.11659192825112108
0 0.24048124999999998 0.22399103139013454 0.01898125 0.10914798206278029
0 0.23864999999999997 0.7865022421524663 0.013218749999999986 0.11769058295964127
0 0.10540625 0.6424327354260089 0.014231249999999989 0.11550448430493271
0 0.19128125 0.22301569506726457 0.014900000000000019 0.10658071748878924
0 0.9165062500000001 0.2294730941704036 0.01302500000000009 0.10914798206278029
0 0.92626875 0.22924887892376683 0.01384999999999991 0.11178251121076231
0 0.0775125 0.36917040358744396 0.020018750000000002 0.11550448430493271
0 0.6245125 0.07751121076233183 0.013375000000000057 0.11659192825112108
0 0.11736875 0.925762331838565 0.013374999999999986 0.11057174887892389
0 0.23010000000000003 0.37245515695067266 0.02232500000000002 0.11473094170403592
0 0.22778125 0.5106165919282512 0.009562499999999972 0.1050448430493274
0 0.2058125 0.22443946188340805 0.013793750000000032 0.10838565022421526
0 0.66845625 0.37091928251121076 0.014956249999999898 0.11878923766816148
0 0.6967749999999999 0.07806053811659193 0.012768749999999898 0.11659192825112108
0 0.17065625 0.6441816143497758 0.025037500000000035 0.12119955156950661
0 0.671875 0.07619955156950672 0.013737500000000012 0.11900224215246638
0 0.3088375 0.07663677130044844 0.019681250000000004 0.11856502242152468
0 0.06890625 0.2220291479820628 0.019243749999999993 0.1151681614349776
0 0.80078125 0.9292713004484304 0.015600000000000024 0.12053811659192823
0 0.6494125 0.2227914798206278 0.013537499999999909 0.11966367713004486
0 0.13110625 0.22334080717488788 0.017518750000000017 0.11117713004484307
0 0.26025625 0.788262331838565 0.015775000000000004 0.11900224215246646
0 0.6308625000000001 0.2248766816143498 0.019268749999999956 0.11812780269058297
0 0.70703125 0.07986547085201794 0.011506249999999909 0.11309417040358744
0 0.3147 0.37091928251121076 0.008443749999999995 0.11747757847533628
0 0.12378125000000001 0.6454932735426009 0.016099999999999993 0.1157174887892377
0 0.20532499999999998 0.5044843049327354 0.014900000000000019 0.11408071748878923
0 0.96581875 0.22881165919282512 0.019350000000000023 0.1097533632286996
0 0.32885624999999996 0.5119282511210762 0.016018750000000068 0.0994058295964125
0 0.11798125000000001 0.2281614349775785 0.016724999999999993 0.10504484304932735
0 0.07171875 0.785627802690583 0.02123750000000001 0.11286995515695074
0 0.14245625 0.9266367713004484 0.013900000000000006 0.11594170403587452
0 0.6860375000000001 0.37486547085201793 0.019837499999999862 0.1149551569506726
0 0.7338875 0.07910313901345292 0.012524999999999977 0.11725336322869956
0 0.8686499999999999 0.5132399103139014 0.01384999999999991 0.11429372197309422
0 0.328125 0.08413677130044843 0.02036874999999995 0.10739910313901344
0 0.97314375 0.6485650224215247 0.022931250000000035 0.11385650224215241
0 0.22436250000000002 0.0763677130044843 0.018725000000000023 0.11812780269058297
0 0.053587499999999996 0.785627802690583 0.02069374999999999 0.1136434977578474
0 0.10430624999999999 0.5057959641255606 0.016524999999999998 0.11987668161434972
0 0.85595625 0.9318946188340808 0.01666249999999991 0.11550448430493271
0 0.81640625 0.08588565022421525 0.026156249999999943 0.10350896860986548
0 0.8774437500000001 0.07942825112107622 0.016981250000000045 0.1194394618834081
0 0.13879375 0.646804932735426 0.016218749999999994 0.11309417040358756
0 0.2937 0.37091928251121076 0.022631250000000023 0.11725336322869959
0 0.63623125 0.6525 0.013168750000000102 0.12634529147982068
0 0.6308624999999999 0.7921973094170404 0.020718750000000057 0.11725336322869946
0 0.21045000000000003 0.3711322869955157 0.019299999999999998 0.11550448430493271
0 0.8032250000000001 0.6511883408071749 0.030275000000000035 0.12053811659192823
0 0.7558625000000001 0.07751121076233183 0.020093750000000056 0.11495515695067264
0 0.8920874999999999 0.08539237668161435 0.011731249999999988 0.11019058295964125
0 0.92480625 0.07942825112107622 0.015668750000000103 0.11702914798206276
0 0.9126000000000001 0.09196188340807175 0.014787499999999908 0.0983183856502242
0 0.1442875 0.2224663677130045 0.018874999999999992 0.11221973094170407
0 0.90283125 0.23997757847533632 0.016725000000000136 0.09228699551569505
0 0.74706875 0.22443946188340805 0.015900000000000036 0.1157174887892377
0 0.10376250000000001 0.08227578475336322 0.011331249999999998 0.10466367713004483
0 0.0357375 0.7834417040358744 0.01785 0.11178251121076237
0 0.2692875 0.07591928251121076 0.020493749999999977 0.11681614349775783
0 0.7748999999999999 0.22334080717488788 0.017912499999999908 0.11594170403587446
0 0.6694312499999999 0.6551345291479821 0.019087499999999976 0.1227242152466368
0 0.7421875 0.08117713004484305 0.012481249999999874 0.10658071748878924
0 0.40283125 0.6490022421524664 0.031312499999999945 0.11966367713004486
0 0.79199375 0.5145515695067264 0.01890625 0.123822869955157
0 0.120425 0.5040470852017938 0.015249999999999986 0.11309417040358744
0 0.6015625 0.38252242152466365 0.017987499999999983 0.10718609865470853
0 0.28881875 0.07591928251121076 0.021287499999999966 0.11702914798206276
0 0.59033125 0.6476793721973094 0.022981249999999988 0.12163677130044843
0 0.10913125000000001 0.37902466367713 0.014175000000000004 0.10443946188340804
0 0.624025 0.6507511210762332 0.013631249999999966 0.12010089686098667
0 0.06371875 0.6437443946188341 0.01785 0.11594170403587452
0 0.9555687500000001 0.23232062780269058 0.017381249999999966 0.10658071748878924
0 0.0208 0.7834417040358744 0.01601875 0.11615470852017926
0 0.028806250000000002 0.3731053811659193 0.0258 0.10718609865470853
0 0.8569312499999999 0.3737668161434977 0.01991250000000008 0.11791479820627809
0 0.6577124999999999 0.07718609865470852 0.016725000000000136 0.11987668161434978
0 0.237425 0.515 0.010693750000000009 0.09902466367713009
0 0.42284999999999995 0.6494394618834081 0.02941874999999996 0.12141255605381161
0 0.90234375 0.08571748878923766 0.012056249999999977 0.10855381165919284
0 0.046293749999999995 0.6428699551569508 0.01785 0.11702914798206289
0 0.5058625 0.9318946188340808 0.016924999999999954 0.11835201793721965
0 0.009818750000000001 0.22859865470852017 0.014956249999999999 0.10329596412556052
0 0.66699375 0.9310201793721974 0.014556249999999977 0.11747757847533628
0 0.78466875 0.6503139013452915 0.026456249999999955 0.11341928251121085
0 0.9399437500000001 0.2283744394618834 0.0252687499999999 0.11702914798206276
0 0.56543125 0.9275112107623319 0.017518749999999982 0.12798206278026916
0 0.726075 0.08474215246636772 0.010368750000000091 0.10975336322869955
0 0.80908125 0.37223094170403587 0.019793750000000044 0.12141255605381161
0 0.45923125 0.37289237668161435 0.0401625 0.11835201793721965
0 0.9043000000000001 0.6555717488789238 0.018537499999999908 0.1114013452914797
0 0.85546875 0.5128026905829597 0.015900000000000036 0.11812780269058297
0 0.08880625 0.37902466367713 0.017775 0.10580717488789237
0 0.2401125 0.07619955156950672 0.014450000000000003 0.11495515695067267
0 0.12054375 0.3844955156950673 0.014006250000000015 0.09721973094170407
0 0.6538062499999999 0.9292713004484304 0.015362499999999954 0.11725336322869946
0 0.019943749999999996 0.07504484304932735 0.03515625 0.10778026905829595
0 0.66845625 0.2224663677130045 0.014787499999999908 0.1151681614349776
0 0.253175 0.07707399103139013 0.014668750000000017 0.11364349775784754
0 0.7597687500000001 0.7957062780269059 0.02021874999999994 0.11265695067264575
0 0.1379375 0.5097421524663677 0.02208124999999999 0.11178251121076237
0 0.8803687499999999 0.515 0.017987500000000125 0.11702914798206276
0 0.35326875 0.9327690582959641 0.01815624999999997 0.11286995515695074
0 0.6508812500000001 0.791322869955157 0.018343749999999943 0.12163677130044843
0 0.8691437500000001 0.2279372197309417 0.02174374999999998 0.10975336322869952
0 0.05251875 0.37946188340807174 0.02395624999999999 0.09634529147982068
0 0.9370125 0.09131165919282512 0.014449999999999932 0.095414798206278
0 0.8774437500000001 0.934517937219731 0.03768750000000012 0.10937219730941698
0 0.1296375 0.3816479820627803 0.011825000000000009 0.09267937219730937
0 0.95605625 0.08254484304932735 0.016018750000000068 0.11019058295964128
0 0.8295874999999999 0.5119282511210762 0.019193750000000023 0.11812780269058297
0 0.819825 0.7891367713004483 0.020293749999999874 0.11987668161434985
0 0.09350625000000001 0.08320627802690583 0.016343749999999987 0.10312780269058297
0 0.37573124999999996 0.5114910313901345 0.012193749999999995 0.1103587443946189
0 0.0816625 0.5053587443946188 0.02655000000000001 0.1159417040358744
0 0.44238124999999995 0.6472421524663677 0.02975624999999994 0.12163677130044843
0 0.89795 0.5128026905829597 0.022887499999999932 0.11878923766816148
0 0.80175625 0.08698430493273543 0.024793750000000045 0.1042825112107623
0 0.64501875 0.38383408071748876 0.015131250000000023 0.10088565022421525
0 0.97363125 0.9318946188340808 0.018874999999999885 0.1136434977578474
0 0.72314375 0.6520627802690583 0.017181249999999863 0.12141255605381161
0 0.7045874999999999 0.7908856502242153 0.017775000000000034 0.12097533632287005
0 0.78418125 0.7908856502242153 0.01916249999999991 0.11659192825112108
0 0.76123125 0.2248766816143498 0.016281250000000115 0.11615470852017938
0 0.303225 0.9371524663677131 0.014337500000000034 0.0973878923766815
0 0.9043000000000001 0.38098654708520174 0.030500000000000114 0.102365470852018
0 0.8891625000000001 0.6538116591928251 0.021212500000000033 0.11100896860986545
0 0.94238125 0.6546860986547085 0.024568749999999966 0.11265695067264575
0 0.921875 0.6533744394618833 0.02555624999999992 0.1114013452914797
0 0.8730500000000001 0.6520627802690583 0.021818749999999908 0.11286995515695074
0 0.23901250000000002 0.9248878923766816 0.01073749999999997 0.1071860986547084
0 0.70654375 0.6511883408071749 0.019087499999999976 0.12097533632287005
0 0.82715 0.6520627802690583 0.019837499999999862 0.11473094170403578
0 0.984375 0.2325336322869955 0.02665625000000006 0.11550448430493276
0 0.58545 0.9310201793721974 0.022462500000000035 0.11747757847533628
0 0.31640625 0.9371524663677131 0.015900000000000036 0.09792600896860976
0 0.2712375 0.9424103139013453 0.015962499999999977 0.0886210762331838
0 0.1422125 0.07707399103139013 0.02241250000000001 0.11079596412556052
0 0.8574250000000001 0.6525 0.02161875000000009 0.11309417040358756
0 0.71533125 0.5123654708520179 0.024518750000000013 0.12163677130044843
0 0.9165062500000001 0.9354035874439461 0.03137499999999989 0.11161434977578469
0 0.025175 0.6459304932735426 0.025999999999999995 0.11243273542600893
0 0.63135 0.930145739910314 0.016281249999999973 0.11528026905829589
0 0.9433625000000001 0.792634529147982 0.028656249999999942 0.11385650224215241
0 0.1202375 0.07893497757847533 0.02381875000000001 0.11117713004484307
0 0.9707062500000001 0.08288116591928252 0.017775000000000034 0.10958520179372197
0 0.7666 0.6485650224215247 0.02060000000000002 0.12031390134529141
0 0.7832062500000001 0.930145739910314 0.021699999999999876 0.12075112107623323
0 0.7397437499999999 0.515 0.024706250000000124 0.11747757847533628
0 0.88769375 0.2397645739910314 0.018587499999999865 0.09437219730941705
0 0.9370125 0.9389013452914798 0.02306874999999991 0.10219730941704044
0 0.2868625 0.9432847533632287 0.01666249999999998 0.0845739910313902
0 0.69140625 0.2336322869955157 0.009931249999999921 0.09957399103139013
0 0.10485625000000001 0.7865022421524663 0.020693750000000007 0.11341928251121085
0 0.36425624999999995 0.07718609865470852 0.03390625 0.12294843049327356
0 0.6796875 0.930145739910314 0.017849999999999967 0.11747757847533628
0 0.9555687500000001 0.5158744394618834 0.020918749999999875 0.10937219730941711
0 0.9863312500000001 0.930145739910314 0.013168750000000102 0.11199551569506737
0 0.9160187500000001 0.5272533632286995 0.014668749999999875 0.09196188340807172
0 0.18359375 0.08649103139013453 0.043699999999999975 0.10367713004484307
0 0.98875 0.08632286995515695 0.0225 0.09417040358744394
0 0.18701250000000003 0.9450336322869956 0.05194375000000001 0.07910313901345285
0 0.859375 0.09146860986547085 0.026918750000000102 0.09721973094170404
0 0.29150625 0.6428699551569508 0.08465624999999996 0.12545964125560546
0 0.20226875 0.6441816143497758 0.08600000000000002 0.12228699551569498
0 0.0367125 0.5513452914798206 0.065125 0.030213004484304983
0 0.29711875 0.7865022421524663 0.09436250000000002 0.1252466367713005