0 0.7265625 0.41484375 0.09375 0.25546875
0 0.865625 0.36953125 0.26015625 0.24140625
0 0.55859375 0.740625 0.03828125 0.153125
0 0.5953125 0.74453125 0.0453125 0.17265625
0 0.40078125 0.74296875 0.0625 0.1609375
0 0.453125 0.9125 0.0453125 0.15
0 0.66015625 0.915625 0.04140625 0.14765625
0 0.7125 0.74921875 0.0765625 0.1921875
0 0.45546875 0.74453125 0.06171875 0.16015625
0 0.309375 0.74765625 0.05859375 0.1671875
0 0.0328125 0.746875 0.065625 0.165625
0 0.5078125 0.91015625 0.02734375 0.14140625
0 0.34296875 0.9109375 0.04765625 0.1515625
0 0.51640625 0.74453125 0.05546875 0.1640625
0 0.2125 0.909375 0.06328125 0.153125
0 0.128125 0.746875 0.078125 0.17265625
0 0.41640625 0.91328125 0.04375 0.15078125
0 0.0390625 0.90078125 0.059375 0.1234375
0 0.59453125 0.9140625 0.028125 0.15
0 0.53046875 0.91328125 0.03359375 0.14453125
0 0.35234375 0.74453125 0.05390625 0.15859375
0 0.5625 0.9125 0.03828125 0.15
0 0.271875 0.746875 0.05 0.16953125
0 0.0875 0.75 0.0609375 0.1703125
0 0.68828125 0.915625 0.03828125 0.14375
0 0.77734375 0.9203125 0.0703125 0.15390625
0 0.65234375 0.3859375 0.0703125 0.31953125
0 0.646875 0.74765625 0.06484375 0.178125
0 0.24140625 0.7484375 0.05 0.16796875
0 0.30703125 0.91328125 0.05 0.15078125
0 0.6265625 0.91640625 0.04140625 0.15078125
0 0.26171875 0.9109375 0.059375 0.15078125
0 0.37890625 0.91171875 0.04453125 0.15
0 0.83671875 0.74453125 0.09453125 0.171875
0 0.17578125 0.75234375 0.0703125 0.17734375
0 0.8765625 0.91328125 0.05703125 0.1375
0 0.78046875 0.7484375 0.05625 0.18515625
0 0.11015625 0.903125 0.05546875 0.13203125
0 0.83359375 0.915625 0.065625 0.14921875
0 0.45703125 0.37578125 0.16796875 0.08515625