0 0.2534055118110236 0.3880808950086058 0.04362204724409454 0.10409638554216871
0 0.2990944881889764 0.22984509466437175 0.03171259842519688 0.09013769363166954
0 0.3253346456692914 0.22808089500860582 0.029586614173228293 0.0893115318416523
0 0.6843307086614173 0.721867469879518 0.046574803149606235 0.11913080895008611
0 0.9115551181102363 0.7390103270223752 0.039035433070866224 0.11018072289156625
0 0.45076771653543307 0.3878055077452668 0.035610236220472394 0.10217728055077455
0 0.48163385826771654 0.3888123924268503 0.029251968503937034 0.10148020654044747
0 0.44413385826771656 0.2250602409638554 0.030866141732283477 0.08912220309810666
0 0.354744094488189 0.3880550774526678 0.030767716535433063 0.0990189328743546
0 0.38070866141732285 0.39108433734939757 0.029251968503937034 0.09826161790017207
0 0.37320866141732284 0.22265920826161792 0.029035433070866142 0.09776247848537008
0 0.23767716535433073 0.2215318416523236 0.04072834645669291 0.10715146299483648
0 0.3236023622047244 0.6674096385542169 0.0992716535433071 0.1082874354561101
0 0.4934448818897638 0.2217814113597246 0.02891732283464578 0.08805507745266786
0 0.7368110236220473 0.7284251290877797 0.04639763779527569 0.11351979345955257
0 0.40318897637795276 0.5166437177280551 0.2468307086614173 0.013192771084337286
0 0.5525590551181102 0.3898192771084338 0.029586614173228293 0.08912220309810666
0 0.779488188976378 0.7324612736660929 0.044488188976378 0.1048881239242684
0 0.39915354330708663 0.673459552495697 0.07438976377952759 0.10305507745266781
0 0.8051181102362205 0.979776247848537 0.03543307086614173 0.04044750430292599
0 0.46403543307086614 0.8126333907056799 0.049625984251968465 0.11194492254733213
0 0.559488188976378 0.8161617900172118 0.034133858267716595 0.1082874354561101
0 0.2751574803149606 0.22354561101549053 0.03602362204724412 0.10148020654044747
0 0.2555511811023622 0.6669104991394148 0.0459645669291339 0.10582616179001723
0 0.521988188976378 0.22191049913941482 0.03124015748031497 0.08994836488812391
0 0.5528543307086614 0.21976764199655766 0.035314960629921364 0.0922117039586919
0 0.529488188976378 0.8176764199655766 0.032578740157480225 0.10273666092943191
0 0.7939173228346457 0.8111187607573149 0.2582283464566928 0.021445783132530184
0 0.411259842519685 0.5347934595524957 0.25779527559055115 0.016626506024096332
0 0.5153543307086614 0.3898192771084338 0.04120078740157471 0.09776247848536998
0 0.4620275590551181 0.6744664371772806 0.029586614173228293 0.09984509466437176
0 0.5237204724409449 0.674974182444062 0.03769685039370074 0.10292598967297754
0 0.8608070866141733 0.7364888123924268 0.047224409448818915 0.10544750430292596