0 0.2703125 0.44453125 0.1015625 0.27578125
0 0.13125 0.3953125 0.2625 0.26171875
0 0.453125 0.79609375 0.04140625 0.16484375
0 0.41328125 0.8 0.04921875 0.18671875
0 0.62265625 0.79921875 0.0671875 0.17421875
0 0.56796875 0.95 0.04921875 0.1
0 0.34375 0.95234375 0.04453125 0.0953125
0 0.28671875 0.80546875 0.08203125 0.2078125
0 0.5640625 0.8 0.0671875 0.1734375
0 0.721875 0.80390625 0.06328125 0.18046875
0 0.99296875 0.803125 0.0140625 0.178125
0 0.50859375 0.95078125 0.0296875 0.0984375
0 0.6859375 0.9484375 0.0515625 0.103125
0 0.4984375 0.8 0.06015625 0.17734375
0 0.828125 0.94765625 0.06796875 0.1046875
0 0.9171875 0.803125 0.084375 0.18671875
0 0.60703125 0.95078125 0.04765625 0.0984375
0 0.4140625 0.95078125 0.03046875 0.0984375
0 0.48359375 0.95234375 0.0359375 0.0953125
0 0.67578125 0.80078125 0.05859375 0.17109375
0 0.44921875 0.95 0.04140625 0.1
0 0.7625 0.803125 0.05390625 0.18359375
0 0.96171875 0.80625 0.06640625 0.18359375
0 0.3140625 0.953125 0.040625 0.09375
0 0.2171875 0.953125 0.0765625 0.09375
0 0.3515625 0.41328125 0.07578125 0.34453125
0 0.35703125 0.80390625 0.06953125 0.19296875
0 0.7953125 0.8046875 0.05390625 0.18203125
0 0.725 0.95078125 0.0546875 0.0984375
0 0.3796875 0.9515625 0.04453125 0.09609375
0 0.775 0.9484375 0.065625 0.103125
0 0.64765625 0.95 0.04765625 0.1
0 0.1515625 0.8 0.1015625 0.1859375
0 0.86640625 0.80859375 0.07578125 0.19140625
0 0.11015625 0.953125 0.0609375 0.09375
0 0.2125 0.8046875 0.0609375 0.2
0 0.93828125 0.94921875 0.06015625 0.10078125
0 0.15546875 0.95234375 0.071875 0.0953125
0 0.56171875 0.4015625 0.18125 0.0921875