0 0.4809583333333334 0.7947175141242937 0.016979166666666618 0.09762711864406796
0 0.5595416666666666 0.6783615819209039 0.018833333333333258 0.09451977401129953
0 0.5874166666666666 0.6834180790960452 0.015958333333333265 0.08878531073446314
0 0.31631250000000005 0.1218361581920904 0.014499999999999957 0.09129943502824861
0 0.37675000000000003 0.688135593220339 0.017916666666666713 0.09468926553672312
0 0.7112708333333334 0.22494350282485875 0.017708333333333333 0.09519774011299431
0 0.3884375 0.11338983050847458 0.017499999999999953 0.10480225988700563
0 0.5177708333333333 0.22714689265536722 0.017354166666666632 0.09923728813559321
0 0.6968541666666667 0.2259604519774011 0.016979166666666618 0.09468926553672319
0 0.18012499999999998 0.3293220338983051 0.021083333333333343 0.10293785310734463
0 0.18460416666666665 0.22443502824858758 0.019791666666666666 0.08980225988700563
0 0.044270833333333336 0.11720338983050849 0.015229166666666672 0.08059322033898306
0 0.33545833333333336 0.6901694915254237 0.021812500000000058 0.09644067796610166
0 0.38495833333333335 0.24045197740112995 0.015291666666666615 0.0976271186440678
0 0.13014583333333332 0.3283050847457627 0.015583333333333312 0.09677966101694913
0 0.5013541666666667 0.7967514124293785 0.030666666666666724 0.09536723163841805
0 0.7271875 0.22257062146892656 0.023416666666666686 0.09728813559322033
0 0.4886666666666667 0.23152542372881355 0.01577083333333332 0.09677966101694913
0 0.6635208333333333 0.7926836158192091 0.014166666666666572 0.08853107344632777
0 0.8157291666666667 0.1140677966101695 0.016645833333333353 0.09384180790960452
0 0.5242291666666666 0.677005649717514 0.017166666666666684 0.098135593220339
0 0.7052916666666668 0.5707909604519774 0.015416666666666618 0.09079096045197736
0 0.400125 0.24163841807909606 0.01512499999999998 0.10000000000000002
0 0.71325 0.79 0.03160416666666658 0.08963276836158197
0 0.017708333333333333 0.672316384180791 0.035416666666666666 0.096045197740113
0 0.5416458333333334 0.11627118644067795 0.013520833333333352 0.08562146892655367
0 0.7774375 0.6807344632768362 0.018187500000000037 0.09906779661016947
0 0.7212291666666667 0.5674011299435029 0.015354166666666676 0.0903107344632769
0 0.22777083333333334 0.5657344632768362 0.017416666666666636 0.1021751412429379
0 0.5282083333333334 0.11584745762711864 0.013020833333333334 0.08423728813559324
0 0.4752291666666667 0.22847457627118642 0.013520833333333352 0.09618644067796614
0 0.8027916666666666 0.12014124293785311 0.01295833333333339 0.08042372881355932
0 0.546625 0.6868079096045198 0.02066666666666658 0.08562146892655352
0 0.593875 0.5680790960451977 0.034166666666666616 0.08980225988700571
0 0.5132916666666667 0.11121468926553671 0.01577083333333344 0.0907909604519774
0 0.41331249999999997 0.24265536723163844 0.013895833333333366 0.09855932203389826
0 0.20425000000000001 0.32999999999999996 0.028541666666666642 0.09553672316384179
0 0.5063333333333333 0.6780225988700566 0.018833333333333376 0.09999999999999994
0 0.180625 0.6834180790960452 0.015541666666666683 0.08451977401129931
0 0.5316875 0.34045197740113 0.017562499999999894 0.09146892655367231
0 0.5386666666666666 0.22714689265536722 0.018708333333333372 0.09587570621468926
0 0.22029166666666666 0.3340395480225989 0.026041666666666668 0.08717514124293789
0 0.3453958333333333 0.4574576271186441 0.027312500000000028 0.08717514124293789
0 0.35908333333333337 0.1215819209039548 0.014937500000000032 0.09129943502824861
0 0.5496041666666667 0.3407909604519774 0.016458333333333287 0.09031073446327684
0 0.19568750000000001 0.6827401129943502 0.0186875 0.08299435028248586
0 0.9895833333333334 0.748587570621469 0.020833333333333332 0.1016949152542373
0 0.5650208333333333 0.3411299435028249 0.015645833333333314 0.0901412429378531
0 0.37327083333333333 0.11878531073446327 0.015354166666666676 0.09661016949152543
0 0.5809375 0.11449152542372881 0.012854166666666582 0.08717514124293785
0 0.6087916666666667 0.11228813559322035 0.01608333333333339 0.08895480225988699
0 0.011458333333333333 0.11440677966101695 0.022916666666666665 0.08192090395480225
0 0.157 0.2240960451977401 0.01974999999999998 0.09214689265536724
0 0.5033333333333333 0.23084745762711864 0.014937500000000032 0.09711864406779659
0 0.07529166666666667 0.1215819209039548 0.013999999999999997 0.07612994350282487
0 0.4095833333333333 0.12757062146892653 0.01410416666666663 0.07926553672316385
0 0.12691666666666668 0.5707909604519774 0.017708333333333333 0.09146892655367231
0 0.1444375 0.3320056497175141 0.014333333333333325 0.09745762711864407
0 0.20822916666666666 0.4530790960451977 0.023270833333333307 0.0842372881355932
0 0.6983333333333334 0.11652542372881355 0.014374999999999952 0.08485875706214686
0 0.7983125 0.45477401129943507 0.023062500000000104 0.09644067796610166
0 0.5142916666666667 0.34045197740113 0.015583333333333371 0.09129943502824857
0 0.666 0.5748305084745763 0.013791666666666676 0.08406779661016947
0 0.7585208333333333 0.7893220338983051 0.019187500000000076 0.09451977401129953
0 0.886875 0.7589548022598871 0.029312500000000106 0.08785310734463284
0 0.7918541666666666 0.12443502824858756 0.012229166666666676 0.0748587570621469
0 0.9152291666666666 0.7542372881355932 0.028104166666666687 0.09711864406779659
0 0.7784166666666666 0.1253672316384181 0.015958333333333265 0.0769774011299435
0 0.021875 0.8135593220338984 0.04375 0.1016949152542373
0 0.1193125 0.3284745762711864 0.010312500000000006 0.09197740112994351
0 0.8286666666666667 0.45579096045197737 0.017708333333333333 0.09618644067796614
0 0.5908958333333333 0.910734463276836 0.053499999999999895 0.08059322033898297
0 0.24741666666666667 0.33084745762711865 0.025208333333333322 0.09502824858757059
0 0.593375 0.11228813559322035 0.01410416666666663 0.0885310734463277
0 0.301125 0.1248587570621469 0.01416666666666669 0.08596045197740115
0 0.05683333333333333 0.12132768361581922 0.012666666666666663 0.07432203389830509
0 0.5545833333333333 0.11338983050847458 0.013895833333333248 0.08997175141242936
0 0.4267291666666667 0.2456779661016949 0.013937499999999995 0.09644067796610166
0 0.47100000000000003 0.6868079096045198 0.01466666666666671 0.09014124293785301
0 0.9182083333333334 0.12612994350282486 0.018437500000000048 0.09045197740112994
0 0.07572916666666667 0.5522316384180791 0.017354166666666664 0.0909604519774011
0 0.5670208333333334 0.11245762711864407 0.013374999999999915 0.08895480225988699
0 0.32875000000000004 0.12655367231638417 0.013020833333333334 0.08624293785310735
0 0.9916666666666667 0.3771186440677966 0.016666666666666666 0.08757062146892655
0 0.6834166666666667 0.23237288135593223 0.012812499999999952 0.08330508474576273
0 0.6227291666666667 0.11245762711864407 0.013062499999999961 0.08836158192090396
0 0.5003541666666667 0.12341807909604519 0.011916666666666723 0.06926553672316384
0 0.1705625 0.2269774011299435 0.016145833333333335 0.08734463276836163
0 0.12579166666666666 0.21449152542372885 0.020791666666666646 0.1064971751412429
0 0.018520833333333334 0.5583050847457627 0.03333333333333333 0.07638418079096052
0 0.8858750000000001 0.12638418079096045 0.017708333333333333 0.09112994350282487
0 0.4764791666666667 0.339774011299435 0.01652083333333335 0.09112994350282483
0 0.61875 0.45005649717514123 0.014374999999999952 0.08946327683615823
0 0.156 0.3387570621468927 0.012666666666666692 0.08548022598870055
0 0.4264791666666667 0.12782485875706215 0.013625000000000043 0.07870056497175142
0 0.1408333333333333 0.2259604519774011 0.017916666666666654 0.08912429378531077
0 0.9659583333333334 0.5050282485875707 0.04368750000000006 0.09957627118644068
0 0.0726875 0.22392655367231637 0.013729166666666674 0.08347457627118647
0 0.16645833333333335 0.33706214689265535 0.01285416666666664 0.0831638418079096
0 0.6824166666666667 0.11946327683615819 0.010979166666666628 0.07971751412429379
0 0.9500416666666667 0.12655367231638417 0.017708333333333333 0.08895480225988703
0 0.021875 0.2245762711864407 0.04375 0.03672316384180791
0 0.9858541666666666 0.12418079096045198 0.023625000000000066 0.08870056497175138
0 0.9017916666666667 0.12680790960451976 0.018041666666666602 0.09112994350282483
0 0.8719374999999999 0.5063841807909605 0.01941666666666677 0.0904519774011299
0 0.8296666666666667 0.1192090395480226 0.010312500000000094 0.0772598870056497
0 0.28968750000000004 0.12209039548022599 0.011374999999999958 0.08895480225988699
0 0.6625208333333333 0.12014124293785311 0.01047916666666661 0.07655367231638416
0 0.20835416666666667 0.22898305084745763 0.012708333333333321 0.07901129943502824
0 0.6590416666666666 0.4577966101694915 0.008583333333333342 0.09180790960451977
0 0.2431875 0.5741525423728814 0.014500000000000016 0.08271186440677958
0 0.8311458333333334 0.9053389830508475 0.014604166666666647 0.09618644067796597
0 0.7565416666666667 0.6908474576271186 0.013270833333333343 0.07901129943502833
0 0.08158333333333333 0.222909604519774 0.011583333333333338 0.08468926553672314
0 0.6913750000000001 0.11759887005649718 0.009916666666666648 0.08624293785310735
0 0.4841875 0.1292372881355932 0.010187499999999971 0.06036723163841809
0 0.6724791666666667 0.23875706214689266 0.011229166666666639 0.08836158192090396
0 0.2924375 0.5701129943502825 0.013020833333333334 0.10901129943502834
0 0.2901875 0.34853107344632767 0.011583333333333338 0.0887853107344633
0 0.6610208333333334 0.22612994350282484 0.01472916666666677 0.08895480225988703
0 0.9895833333333334 0.2542372881355932 0.020833333333333332 0.0903954802259887
0 0.9152291666666666 0.3930508474576271 0.08922916666666675 0.021638418079096115
0 0.06522916666666667 0.45443502824858756 0.043520833333333335 0.07570621468926557
0 0.32899999999999996 0.25833333333333336 0.08349999999999996 0.025564971751412462
0 0.33097916666666666 0.28209039548022596 0.08791666666666664 0.022824858757062184
0 0.6968541666666667 0.4753389830508475 0.07020833333333343 0.02257062146892658
0 0.0621875 0.3347175141242938 0.0273125 0.0831638418079096
0 0.9979166666666667 0.12429378531073447 0.004166666666666667 0.0847457627118644
0 0.1606041666666667 0.9073446327683615 0.09066666666666669 0.06466101694915251
0 0.6565624999999999 0.12324858757062147 0.008000000000000066 0.07418079096045199
0 0.7893749999999999 0.34853107344632767 0.0865624999999999 0.0228248587570621
0 0.48070833333333335 0.5674011299435029 0.0340208333333333 0.09248587570621472
0 0.0403125 0.33909604519774017 0.02902083333333332 0.0769774011299435
0 0.07877083333333333 0.3347175141242938 0.019999999999999987 0.08177966101694913
0 0.46529166666666666 0.23033898305084746 0.009291666666666623 0.07824858757062143
0 0.788375 0.36271186440677966 0.08393749999999993 0.01601694915254242