0 0.5185245901639344 0.0196875 0.3011475409836065 0.01778125
0 0.5155971896955504 0.286625 0.47971896955503507 0.029984374999999997
0 0.5108430913348946 0.066828125 0.3629976580796253 0.032656249999999984
0 0.5060655737704918 0.0391875 0.33573770491803273 0.024703125000000003
0 0.5075409836065573 0.39428125 0.5254800936768149 0.038968749999999996
0 0.5089929742388759 0.189703125 0.41496487119437936 0.053984375000000015
0 0.4969320843091335 0.5415 0.5755971896955503 0.04082812499999999
0 0.4994847775175644 0.11359375000000001 0.3871428571428571 0.06335937499999998
0 0.5100936768149883 0.24584375 0.4142388758782201 0.057062499999999974
0 0.5013114754098361 0.46948437500000006 0.5510772833723654 0.03540624999999995
0 0.49875878220140507 0.702640625 0.6542857142857142 0.05193750000000001
0 0.5046135831381734 0.75390625 0.6744028103044497 0.056640625
0 0.498384074941452 0.43529687499999997 0.528758782201405 0.04281249999999996
0 0.4972833723653396 0.6586875 0.618407494145199 0.04321874999999995
0 0.5035128805620609 0.8510781250000001 0.7486885245901641 0.057062499999999974
0 0.509367681498829 0.3200625 0.5016861826697893 0.04360937500000004
0 0.5049882903981264 0.797859375 0.6612177985948476 0.03223437500000008
0 0.49620608899297425 0.60009375 0.5902341920374706 0.07934374999999996
0 0.4841217798594848 0.9560625 0.7881967213114754 0.060968749999999974