0 0.76328125 0.41796875 0.09921875 0.26953125
0 0.8859375 0.36953125 0.228125 0.25546875
0 0.5859375 0.76171875 0.040625 0.16171875
0 0.62421875 0.765625 0.04765625 0.1828125
0 0.41953125 0.76484375 0.065625 0.16953125
0 0.47265625 0.93125 0.0484375 0.1375
0 0.6921875 0.93359375 0.04375 0.1328125
0 0.7484375 0.77109375 0.08046875 0.203125
0 0.4765625 0.765625 0.065625 0.16875
0 0.32265625 0.76953125 0.06171875 0.1765625
0 0.03203125 0.7671875 0.0640625 0.175
0 0.53203125 0.9328125 0.0296875 0.134375
0 0.3578125 0.9296875 0.05078125 0.13984375
0 0.54140625 0.765625 0.059375 0.1734375
0 0.21796875 0.92890625 0.0671875 0.1421875
0 0.13125 0.76875 0.0828125 0.18203125
0 0.434375 0.93203125 0.04609375 0.13515625
0 0.03671875 0.93046875 0.0625 0.13046875
0 0.6234375 0.93203125 0.0296875 0.13515625
0 0.5546875 0.93359375 0.034375 0.1328125
0 0.36796875 0.76640625 0.05703125 0.1671875
0 0.5890625 0.93125 0.040625 0.1375
0 0.2828125 0.76875 0.053125 0.17890625
0 0.08828125 0.771875 0.06484375 0.17890625
0 0.721875 0.93515625 0.040625 0.1296875
0 0.81640625 0.934375 0.075 0.13046875
0 0.68515625 0.3875 0.07421875 0.33671875
0 0.67890625 0.76953125 0.06796875 0.18828125
0 0.25078125 0.7703125 0.053125 0.17734375
0 0.31953125 0.93203125 0.05390625 0.13515625
0 0.65703125 0.93359375 0.04375 0.1328125
0 0.27109375 0.93046875 0.06328125 0.1390625
0 0.39453125 0.93125 0.0453125 0.1375
0 0.8796875 0.765625 0.09921875 0.18125
0 0.18125 0.77421875 0.07421875 0.1875
0 0.92109375 0.93515625 0.059375 0.1296875
0 0.8203125 0.7703125 0.059375 0.1953125
0 0.1109375 0.93125 0.059375 0.1375
0 0.87578125 0.93359375 0.0703125 0.1328125
0 0.47890625 0.3765625 0.17734375 0.08984375