0 0.2999778761061947 0.0669277108433735 0.015221238938053088 0.09593373493975901
0 0.46873893805309735 0.17876506024096384 0.014535398230088481 0.10256024096385545
0 0.5144469026548673 0.17927710843373493 0.018163716814159247 0.10644578313253013
0 0.37610619469026546 0.05421686746987952 0.017699115044247787 0.10843373493975904
0 0.01139380530973451 0.061716867469879526 0.01515486725663717 0.08512048192771086
0 0.5260619469026548 0.0605421686746988 0.01334070796460171 0.08930722891566263
0 0.5398008849557522 0.06072289156626505 0.014026548672566442 0.09165662650602412
0 0.8308628318584071 0.05810240963855422 0.016946902654867185 0.09897590361445784
0 0.15535398230088496 0.28789156626506024 0.021659292035398212 0.10876506024096382
0 0.580995575221239 0.05855421686746987 0.013871681415929163 0.09231927710843375
0 0.5366371681415929 0.1785843373493976 0.01973451327433619 0.10355421686746986
0 0.5096902654867257 0.055512048192771085 0.016371681415929155 0.0964457831325301
0 0.3604646017699115 0.06072289156626505 0.01623893805309729 0.1052710843373494
0 0.4970132743362832 0.7869879518072288 0.03325221238938047 0.10355421686746986
0 0.1025442477876106 0.28753012048192766 0.015818584070796473 0.10445783132530123
0 0.7373672566371682 0.1744277108433735 0.024358407079645997 0.10060240963855423
0 0.722566371681416 0.7783734939759036 0.034004424778761075 0.09421686746987944
0 0.39929203539823005 0.0716867469879518 0.014690265486725633 0.08316265060240964
0 0.8171238938053097 0.06512048192771083 0.013407079646017579 0.08481927710843372
0 0.18150442477876108 0.2896987951807229 0.03030973451327431 0.10186746987951806
0 0.8055088495575221 0.06942771084337349 0.012853982300884834 0.08015060240963855
0 0.3456637168141593 0.0669277108433735 0.01539823008849553 0.09716867469879516
0 0.596858407079646 0.5421084337349398 0.03816371681415929 0.09484939759036147
0 0.4959513274336283 0.0686144578313253 0.01245575221238937 0.07358433734939761
0 0.04422566371681416 0.06593373493975904 0.014535398230088512 0.08027108433734942
0 0.1306637168141593 0.17731927710843376 0.020818584070796453 0.0987951807228916
0 0.7061946902654866 0.06072289156626505 0.015221238938053088 0.08867469879518071
0 0.6259070796460178 0.05981927710843373 0.01424778761061959 0.09349397590361444
0 0.5535398230088495 0.05737951807228915 0.013915929203539743 0.0946686746987952
0 0.1183849557522124 0.29093373493975905 0.014026548672566379 0.10132530120481924
0 0.690353982300885 0.1855722891566265 0.013097345132743273 0.08999999999999998
0 0.47059734513274337 0.29975903614457833 0.016946902654867313 0.09915662650602405
0 0.5667477876106195 0.056656626506024106 0.013407079646017579 0.0943975903614458
0 0.5952654867256637 0.05692771084337349 0.013827433628318585 0.09349397590361448
0 0.8477654867256638 0.6740963855421687 0.012345132743362922 0.09195783132530112
0 0.7912389380530973 0.06969879518072289 0.01668141592920346 0.07981927710843373
0 0.13 0.29903614457831323 0.013340707964601772 0.09385542168674706
0 0.6892920353982301 0.06295180722891566 0.011482300884955873 0.08316265060240964
0 0.02495575221238938 0.06593373493975904 0.01323008849557523 0.07762048192771083
0 0.09103982300884955 0.288433734939759 0.010420353982300871 0.09843373493975906
0 0.9402212389380531 0.07150602409638555 0.019469026548672465 0.09557228915662652
0 0.09858407079646019 0.16509036144578315 0.022079646017699094 0.11524096385542167
0 0.4616150442477876 0.787710843373494 0.012212389380530934 0.10427710843373496
0 0.9042920353982301 0.06987951807228916 0.01909292035398229 0.09734939759036143
0 0.2841150442477876 0.06987951807228916 0.01409292035398231 0.09012048192771085
0 0.4167256637168142 0.0716867469879518 0.013915929203539868 0.08316265060240964
0 0.6649999999999999 0.06412650602409638 0.011880530973451337 0.07996987951807229
0 0.9729646017699114 0.07150602409638553 0.018230088495575242 0.0943975903614458
0 0.6211504424778761 0.417710843373494 0.014535398230088606 0.09557228915662656
0 0.8456637168141593 0.06566265060240963 0.010530973451327414 0.0846987951807229
0 0.9222566371681417 0.0719578313253012 0.018716814159292116 0.09644578313253015
0 0.9900442477876106 0.06927710843373494 0.01991150442477876 0.0963855421686747
0 0.2722345132743363 0.06611445783132532 0.011615044247787611 0.09331325301204821
0 0.04502212389380531 0.5248493975903614 0.017477876106194702 0.10060240963855414
0 0.04159292035398229 0.1744277108433735 0.014424778761061938 0.086566265060241
0 0.47878318584070795 0.07481927710843375 0.010619469026548698 0.06373493975903613
0 0.47508849557522126 0.5417469879518073 0.03696902654867252 0.10024096385542161
0 0.16356194690265488 0.17156626506024095 0.1405088495575221 0.10391566265060241
0 0.27249999999999996 0.3080120481927711 0.011836283185840759 0.09295180722891562
0 0.3144911504424779 0.21183734939759036 0.08913716814159296 0.02722891566265058
0 0.7584955752212389 0.17569277108433734 0.1768362831858406 0.10319277108433732