0 0.6166533546325879 0.2589782608695652 0.019744408945686923 0.17525000000000002
0 0.02119808306709265 0.49045652173913046 0.02051916932907348 0.16161956521739138
0 0.7439137380191694 0.2603586956521739 0.028043130990415256 0.1728369565217391
0 0.688650159744409 0.25932608695652176 0.02736421725239616 0.17136956521739133
0 0.9837220447284344 0.24431521739130438 0.024920127795527013 0.1705108695652174
0 0.6004313099041534 0.257945652173913 0.018682108626198162 0.17197826086956525
0 0.046749201277955274 0.26156521739130434 0.04895367412140574 0.18249999999999997
0 0.010782747603833865 0.26793478260869563 0.02156549520766773 0.17282608695652174
0 0.994408945686901 0.2451086956521739 0.011182108626198083 0.1815217391304348
0 0.9644568690095847 0.2455217391304348 0.022180511182108613 0.16136956521739135
0 0.9076677316293931 0.2434565217391304 0.021198083067092623 0.15256521739130435
0 0.03769169329073482 0.490804347826087 0.017963258785942487 0.16102173913043477
0 0.07942492012779552 0.2677717391304347 0.05523162939297123 0.16645652173913042
0 0.0059904153354632585 0.4940217391304348 0.011980830670926517 0.15978260869565217
0 0.5746805111821086 0.06086956521739131 0.026357827476038338 0.12173913043478261
0 0.3222843450479233 0.06195652173913044 0.0231629392971246 0.12391304347826088
0 0.2375399361022364 0.0643695652173913 0.02148562300319487 0.1279891304347826
0 0.9472204472843451 0.24276086956521736 0.02327476038338648 0.158
0 0.15654952076677317 0.0625 0.025559105431309903 0.125
0 0.8412539936102237 0.2594891304347826 0.014265175718849941 0.14971739130434783