0 0.4950555555555555 0.15049844236760127 0.8532777777777778 0.07366043613707164
0 0.5026111111111111 0.2087538940809969 0.8412777777777778 0.04029595015576325
0 0.4816944444444444 0.6187383177570094 0.834138888888889 0.04066978193146419
0 0.5070555555555555 0.394221183800623 0.88175 0.06448598130841118
0 0.4999444444444444 0.7744080996884736 0.8710833333333332 0.08587227414330217
0 0.46969444444444447 0.5813239875389408 0.8532777777777778 0.046090342679127774
0 0.508388888888889 0.263006230529595 0.8621666666666666 0.07528037383177567
0 0.48794444444444446 0.44487538940809973 0.8568333333333332 0.03757009345794393
0 0.4825833333333333 0.6626479750778816 0.8359166666666666 0.05619937694704056
0 0.5079444444444445 0.319392523364486 0.8430555555555556 0.03953271028037383
0 0.48927777777777776 0.7185358255451714 0.8412777777777778 0.06006230529595025
0 0.4981666666666667 0.8457632398753895 0.834138888888889 0.06345794392523366
0 0.5083888888888889 0.9126168224299065 0.8515 0.08693146417445474
0 0.4999444444444444 0.36728971962616824 0.8216944444444445 0.03242990654205606
0 0.5021666666666667 0.34833333333333333 0.7794166666666666 0.03087227414330217
0 0.4959444444444444 0.12230529595015575 0.8568333333333332 0.026931464174454817