0 0.7349708454810496 0.8309426229508197 0.03623906705539344 0.12589344262295094
0 0.6520553935860058 0.06595901639344262 0.03610787172011659 0.12039344262295082
0 0.6752915451895044 0.06807377049180328 0.03743440233236144 0.11213114754098362
0 0.39809037900874633 0.32504918032786884 0.051763848396501444 0.10092622950819671
0 0.32862973760932945 0.3240245901639344 0.02438775510204084 0.10022131147540982
0 0.9212827988338192 0.07255737704918033 0.032434402332361514 0.10886065573770493
0 0.9732215743440233 0.06614754098360655 0.03142857142857135 0.1117459016393443
0 0.6256413994169097 0.06486885245901639 0.03590379008746355 0.12205737704918031
0 0.5112973760932945 0.20018032786885248 0.045495626822157485 0.11001639344262297
0 0.10346938775510205 0.569672131147541 0.028892128279883373 0.10546721311475415
0 0.7244897959183674 0.06320491803278688 0.06571428571428561 0.12378688524590165
0 0.7969241982507289 0.06281967213114753 0.041603498542274 0.11955737704918033
0 0.03481049562682216 0.3240245901639344 0.026034985422740523 0.1080983606557377
0 0.07534985422740524 0.6977459016393442 0.024766763848396513 0.11309016393442625
0 0.7349708454810496 0.6992868852459017 0.033935860058308995 0.11193442622950815
0 0.12443148688046647 0.5706967213114754 0.025830903790087463 0.1079016393442622
0 0.9927113702623906 0.06147540983606557 0.014577259475218658 0.12295081967213115
0 0.5386297376093294 0.19915573770491807 0.04680758017492714 0.1117459016393443
0 0.0641399416909621 0.95 0.04081632653061224 0.1
0 0.14629737609329446 0.06922131147540983 0.035218658892128274 0.1146885245901639
0 0.05188046647230321 0.6982622950819672 0.030043731778425675 0.11354098360655736
0 0.011661807580174927 0.7004098360655737 0.023323615160349854 0.1139344262295082
0 0.09721574344023323 0.7013360655737705 0.02845481049562684 0.11327868852459021
0 0.036107871720116626 0.5691639344262295 0.031311953352769685 0.10732786885245905
0 0.9477113702623907 0.06980327868852458 0.03169096209912538 0.11117213114754099
0 0.42064139941690964 0.20018032786885248 0.043279883381924275 0.10828688524590165
0 0.47986880466472304 0.1989016393442623 0.04199708454810488 0.11097540983606556
0 0.45208454810495624 0.20018032786885248 0.04247813411078715 0.10924590163934424
0 0.8269825072886297 0.06807377049180328 0.04513119533527702 0.11231967213114752
0 0.27396501457725947 0.20171311475409834 0.042215743440233204 0.10585245901639344
0 0.3406997084548105 0.1973606557377049 0.04651603498542269 0.10867213114754101
0 0.019620991253644315 0.4444180327868853 0.029548104956268216 0.10022131147540982
0 0.351399416909621 0.32991803278688525 0.028673469387755043 0.09432786885245904
0 0.3898979591836735 0.1989016393442623 0.042055393586005865 0.10790163934426228
0 0.0792128279883382 0.44621311475409836 0.042215743440233246 0.10418852459016385
0 0.26348396501457727 0.8309426229508197 0.03205539358600584 0.11898360655737693
0 0.5103935860058308 0.8329918032786885 0.04540816326530609 0.11590983606557365
0 0.18432944606413992 0.4423688524590164 0.041428571428571453 0.1107868852459017
0 0.8907580174927113 0.06980327868852458 0.0427113702623906 0.10732786885245901
0 0.1590524781341108 0.4456967213114754 0.0411078717201166 0.10655737704918032
0 0.44615160349854227 0.06371311475409837 0.057682215743440304 0.12723770491803277
0 0.3730466472303207 0.4472377049180328 0.039344023323615175 0.10508196721311479
0 0.3001603498542274 0.8304344262295082 0.029781341107871732 0.11917213114754088
0 0.11588921282798834 0.0731311475409836 0.03316326530612245 0.10694262295081965
0 0.26940233236151606 0.06634426229508196 0.05690962099125368 0.12103278688524588
0 0.5896501457725948 0.07409016393442622 0.04008746355685131 0.10309836065573769
0 0.09037900874635568 0.95 0.04081632653061224 0.1
0 0.714008746355685 0.3206967213114754 0.0280174927113703 0.10457377049180332
0 0.19059766763848396 0.07210655737704919 0.04088921282798835 0.11078688524590166
0 0.2493586005830904 0.19928688524590163 0.03823615160349857 0.10713114754098364
0 0.05091836734693876 0.07434426229508195 0.02932944606413995 0.10604918032786885
0 0.015364431486880466 0.5676229508196722 0.029241982507288634 0.10566393442622958
0 0.7654956268221574 0.7079918032786885 0.032434402332361514 0.09535245901639339
0 0.2277259475218659 0.07255737704918033 0.04672011661807582 0.11117213114754099
0 0.3379591836734694 0.07095081967213115 0.047142857142857104 0.1179590163934426
0 0.03189504373177843 0.07274590163934426 0.025247813411078728 0.10867213114754101
0 0.7604810495626823 0.5676229508196722 0.03004373177842551 0.10828688524590174
0 0.019023323615160345 0.33222131147540984 0.02189504373177842 0.09849180327868849
0 0.130466472303207 0.448516393442623 0.0446938775510204 0.10418852459016385
0 0.08275510204081632 0.32121311475409836 0.046268221574344036 0.10604918032786885
0 0.09572886297376093 0.07652459016393444 0.028892128279883373 0.10604918032786885
0 0.01239067055393586 0.06721311475409836 0.02478134110787172 0.11639344262295082
0 0.07158892128279884 0.07229508196721311 0.035072886297376094 0.10790163934426228
0 0.04488338192419824 0.4456967213114754 0.03316326530612245 0.09951639344262302
0 0.7919096209912536 0.7003114754098361 0.034387755102040694 0.11673770491803284
0 0.351399416909621 0.6967213114754098 0.09498542274052474 0.11814754098360646
0 0.747274052478134 0.3222377049180328 0.027274052478134164 0.1062377049180328
0 0.3734985422740525 0.5686475409836066 0.02400874635568517 0.10418852459016385
0 0.40424198250728866 0.06768852459016395 0.04814868804664719 0.12064754098360655
0 0.3814723032069971 0.07531147540983606 0.041195335276967913 0.1062377049180328
0 0.01020408163265306 0.9528688524590164 0.02040816326530612 0.0942622950819672
0 0.872536443148688 0.8509262295081969 0.24348396501457722 0.02489344262295073
0 0.11734693877551021 0.8717213114754099 0.23469387755102042 0.030327868852459017
0 0.8848396501457726 0.5668032786885245 0.2303206997084548 0.023770491803278688
0 0.6727113702623907 0.4450491803278689 0.2291399416909622 0.015106557377049232
0 0.54 0.3263360655737705 0.22549562682215735 0.01674590163934422
0 0.6939650145772595 0.1632950819672131 0.23346938775510198 0.01740163934426231
0 0.8928571428571429 0.6004098360655737 0.21428571428571427 0.018852459016393444
0 0.5422740524781341 0.3142950819672131 0.22128279883381918 0.013663934426229474
0 0.6875947521865889 0.18954918032786885 0.2137609329446064 0.013713114754098376
0 0.5167638483965015 0.5338114754098361 0.22935860058309043 0.015819672131147502
0 0.5418221574344023 0.30020491803278687 0.22788629737609337 0.01575409836065576
0 0.8884839650145773 0.5512295081967213 0.2230320699708455 0.013934426229508197
0 0.8965014577259475 0.5418032786885246 0.20699708454810495 0.013114754098360656
0 0.6652769679300291 0.45773770491803284 0.22322157434402315 0.01644262295081963
0 0.5090233236151603 0.7141393442622951 0.2089795918367347 0.01781967213114755
0 0.673469387755102 0.22797540983606557 0.2309620991253645 0.016122950819672098
0 0.49581632653061225 0.6890409836065574 0.2051020408163266 0.011885245901639344
0 0.20927113702623906 0.3191639344262295 0.21865889212827988 0.018647540983606558
0 0.5409037900874636 0.28458196721311474 0.22902332361516037 0.01968852459016392
0 0.24435860058309036 0.5292049180327869 0.2301603498542274 0.01754918032786892
0 0.10223032069970844 0.22387704918032786 0.19224489795918367 0.01245901639344266
0 0.8899416909620991 0.3401639344262295 0.22011661807580174 0.019672131147540985
0 0.21291545189504374 0.6849426229508196 0.2071574344023324 0.01949999999999997
0 0.5245043731778426 0.5543032786885246 0.21342565597667634 0.013819672131147459
0 0.2108746355685131 0.7049180327868853 0.2122886297376093 0.02060655737704926
0 0.21338192419825072 0.7192622950819673 0.20682215743440233 0.02124590163934432
0 0.5427259475218659 0.34708196721311474 0.22355685131195338 0.014090163934426274
0 0.20448979591836736 0.3668032786885246 0.23505830903790087 0.019278688524590148
0 0.49809037900874636 0.7013360655737705 0.20431486880466468 0.01392622950819673
0 0.2500437317784256 0.5548196721311476 0.21865889212827988 0.014303278688524627
0 0.6707434402332362 0.43109836065573776 0.23938775510204086 0.016188524590163934
0 0.24502915451895044 0.5665983606557377 0.22275510204081633 0.012311475409836051
0 0.6730174927113701 0.21887704918032785 0.21752186588921288 0.013352459016393413
0 0.9016034985422741 0.4331967213114754 0.1967930029154519 0.018852459016393444
0 0.5245043731778426 0.5809426229508197 0.21411078717201165 0.01324590163934433
0 0.5144897959183673 0.7300245901639344 0.210466472303207 0.016893442622950738
0 0.8972303206997084 0.4594262295081967 0.2055393586005831 0.02540983606557377
0 0.21291545189504374 0.3009754098360656 0.21011661807580173 0.015270491803278686
0 0.6871428571428572 0.9590163934426229 0.20978134110787183 0.027139344262295185
0 0.4784985422740525 0.4667049180327869 0.16569970845481044 0.01949999999999997
0 0.21223032069970846 0.33734426229508196 0.2116034985422741 0.014360655737704902
0 0.8935860058309038 0.2168032786885246 0.21282798833819241 0.01721311475409836
0 0.2063119533527697 0.34938524590163933 0.22514577259475216 0.015688524590163924
0 0.4967201166180758 0.6639344262295082 0.21193877551020407 0.015040983606557302
0 0.8934985422740526 0.17226229508196722 0.19634110787172018 0.01661475409836064
0 0.9037900874635568 0.6979508196721311 0.1924198250728863 0.020491803278688523
0 0.2197521865889213 0.7540983606557377 0.23061224489795917 0.014983606557377026
0 0.89067055393586 0.5872950819672131 0.21865889212827988 0.01557377049180328
0 0.8884839650145773 0.4864754098360656 0.2230320699708455 0.023770491803278688
0 0.6620845481049563 0.46977868852459015 0.21820699708454802 0.015688524590164017
0 0.24206997084548104 0.5809426229508197 0.210466472303207 0.018155737704918108
0 0.6944314868804665 0.17917213114754096 0.21558309037900888 0.014475409836065548
0 0.8980466472303206 0.1924918032786885 0.20145772594752193 0.013500000000000022
0 0.5404518950437318 0.36245081967213116 0.22322157434402332 0.017016393442622943
0 0.9001457725947521 0.7213114754098361 0.19970845481049562 0.019672131147540985
0 0.9001457725947521 0.41680327868852457 0.19970845481049562 0.022131147540983605
0 0.4753061224489796 0.4257213114754098 0.1717346938775511 0.01781967213114755
0 0.8948688046647231 0.20133606557377048 0.20431486880466485 0.014475409836065548
0 0.6880466472303207 0.20491803278688525 0.20715743440233256 0.02065573770491807
0 0.8953206997084548 0.18481147540983608 0.1980466472303209 0.01236065573770495
0 0.9059766763848397 0.9594262295081967 0.1880466472303207 0.01721311475409836
0 0.8707142857142857 0.834532786885246 0.2366472303206996 0.020254098360655767
0 0.21201166180758016 0.6685491803278688 0.20043731778425655 0.02220491803278682
0 0.1151603498542274 0.1864754098360656 0.2303206997084548 0.022131147540983605
0 0.668002915451895 0.4943688524590164 0.2093148688046646 0.013188524590163868
0 0.7012536443148688 0.15227868852459017 0.21524781341107868 0.013040983606557397
0 0.8720845481049563 0.3012295081967213 0.2093148688046646 0.01721311475409836
0 0.1217201166180758 0.8495901639344262 0.2434402332361516 0.02540983606557377
0 0.875728862973761 0.31941803278688524 0.22241982507288618 0.023467213114754096
0 0.8892128279883382 0.3536885245901639 0.22157434402332363 0.01557377049180328
0 0.10393586005830903 0.20748360655737705 0.19565597667638485 0.018795081967213075
0 0.2536880466472303 0.6162950819672132 0.2148979591836735 0.01837704918032793
0 0.8972303206997084 0.9459016393442623 0.2055393586005831 0.018032786885245903
0 0.8950437317784257 0.2389344262295082 0.2099125364431487 0.023770491803278688
0 0.4803206997084548 0.4912950819672131 0.16695335276967926 0.018508196721311414
0 0.9076239067055394 0.5338114754098361 0.18392128279883393 0.011483606557377042
0 0.8957725947521866 0.1584262295081967 0.19258017492711388 0.015213114754098362
0 0.23728862973760928 0.9687540983606558 0.23141399416909622 0.025778688524590015
0 0.89067055393586 0.36721311475409835 0.21865889212827988 0.01639344262295082