0 0.82265625 0.7203125 0.19921875 0.1921875
0 0.48984375 0.8 0.18203125 0.2
0 0.69375 0.78828125 0.0890625 0.1859375
0 0.53046875 0.69453125 0.2328125 0.128125
0 0.8078125 0.928125 0.2859375 0.08203125
0 0.61875 0.32109375 0.02578125 0.11640625
0 0.58671875 0.3078125 0.0265625 0.14296875
0 0.65390625 0.3046875 0.034375 0.15
0 0.75546875 0.30703125 0.05 0.15390625
0 0.528125 0.3046875 0.02734375 0.14375
0 0.38984375 0.27265625 0.0359375 0.11484375
0 0.7015625 0.30703125 0.04296875 0.15703125
0 0.8203125 0.31015625 0.05390625 0.153125
0 0.4578125 0.31015625 0.03125 0.13125
0 0.48671875 0.3078125 0.02890625 0.13125
0 0.33203125 0.2734375 0.02734375 0.10859375
0 0.29453125 0.2734375 0.0234375 0.10546875
0 0.8671875 0.31015625 0.05390625 0.1546875