0 0.565625 0.46640625 0.29296875 0.053125
0 0.5765625 0.4671875 0.309375 0.0609375
0 0.43225311718750004 0.5459496015624999 0.42560224375000005 0.5812944296875 0.729011221875 0.597259284375 0.7248541140625 0.549484084375 0.43225311718750004 0.5459496015624999
0 0.43557730625 0.3745278515625 0.41895261875 0.4187088859375 0.7248541140625 0.3904330234375 0.7248541140625 0.35853249374999996 0.43557730625 0.3745278515625
0 0.7182044890625 0.26849403125000004 0.42892768124999997 0.31974336875 0.44222817968749994 0.35411140625000004 0.7281795515625 0.3056061015625 0.7182044890625 0.26849403125000004
0 0.694928928125 0.1536233421875 0.42227805468749996 0.23138196249999998 0.4339152125 0.274535809375 0.714879053125 0.21017506562500002 0.694928928125 0.1536233421875
0 0.6749788031249999 0.038753315625 0.3923528671875 0.158925065625 0.42892768124999997 0.20487334218750003 0.7082294265625 0.09707228125 0.6749788031249999 0.038753315625
0 0.7348291765625 0.8976293109375 0.42892768124999997 0.82694031875 0.4131334171875 0.8536690984374999 0.7481296765625001 0.9435775859375 0.7348291765625 0.8976293109375
0 0.7281795515625 0.7562506625000001 0.43225311718750004 0.7103023875 0.42560224375000005 0.745358090625 0.7315049874999999 0.79866445625 0.7281795515625 0.7562506625000001
0 0.7115548625 0.6696564984375 0.4123029921875 0.6360789125 0.42975935156249995 0.66578249375 0.7182044890625 0.6996989390625 0.7115548625 0.6696564984375
0 0.704903990625 0.2207785140625 0.40565212031250003 0.2861664453125 0.42560224375000005 0.32095490781249997 0.721529925 0.2578905828125 0.704903990625 0.2207785140625
0 0.7248541140625 0.7067679046875 0.42227805468749996 0.666122015625 0.42560224375000005 0.7055702921875 0.7248541140625 0.749181696875 0.7248541140625 0.7067679046875
0 0.7196196140625 1 0.44222817968749994 0.917068965625 0.42560224375000005 0.95755968125 0.5917370828124999 1 0.7196196140625 1
0 0.6982543640625 0.104141246875 0.42227805468749996 0.20487334218750003 0.42227805468749996 0.22961472187499998 0.699916459375 0.1573826265625 0.6982543640625 0.104141246875