0 0.5725081433224756 0.14856227106227107 0.05838762214983717 0.18887362637362637
0 0.4894951140065147 0.1545970695970696 0.08271986970684034 0.1749267399267399
0 0.841628664495114 0.16130952380952382 0.07175895765472304 0.166474358974359
0 0.9327524429967428 0.6023717948717948 0.07687296416938118 0.10550366300366304
0 0.5057166123778501 0.6002289377289378 0.0379641693811074 0.10516483516483509
0 0.7877035830618893 0.16171245421245423 0.07848534201954406 0.16405677655677658
0 0.8063192182410424 0.602912087912088 0.047442996742671 0.10570512820512826
0 0.9657980456026058 0.15979853479853479 0.06840390879478828 0.16941391941391942
0 0.8769381107491857 0.5970054945054944 0.04192182410423454 0.11804945054945062
0 0.6965798045602606 0.6007600732600732 0.06960912052117266 0.10007326007326005
0 0.8607491856677525 0.804945054945055 0.2785016286644951 0.018315018315018316
0 0.7461889250814333 0.5986172161172162 0.051416938110749266 0.10348901098901098
0 0.6848534201954397 0.9056776556776557 0.07980456026058631 0.18864468864468864
0 0.6286644951140065 0.907051282051282 0.0749185667752443 0.1858974358974359
0 0.8599348534201955 0.8241758241758241 0.28013029315960913 0.029304029304029304
0 0.7085016286644951 0.16184065934065933 0.1095114006514658 0.167948717948718
0 0.9198697068403908 0.15674908424908424 0.08654723127035847 0.17586080586080588
0 0.6359771986970684 0.6002289377289378 0.053403908794788214 0.10255494505494506