0 0.5191387559808612 0.007987220447284345 0.3062200956937799 0.01597444089456869
0 0.5171291866028708 0.2802555910543131 0.49004784688995207 0.030654952076677313
0 0.5122727272727272 0.05554313099041534 0.3708133971291866 0.03338658146964855
0 0.5073923444976076 0.02728434504792332 0.34296650717703353 0.025255591054313103
0 0.5088995215311004 0.39031948881789136 0.5367942583732057 0.03984025559105431
0 0.5103827751196173 0.1811661341853035 0.4238995215311005 0.05519169329073484
0 0.4980622009569378 0.5408306709265176 0.5879904306220095 0.04174121405750798
0 0.5006698564593302 0.10335463258785943 0.39547846889952154 0.06477635782747601
0 0.5115071770334928 0.23856230031948883 0.4231578947368421 0.058338658146964824
0 0.5025358851674642 0.4672044728434505 0.5629425837320575 0.0361980830670926
0 0.4999282296650717 0.7055750798722045 0.6683732057416267 0.05309904153354634
0 0.505909090909091 0.7579872204472844 0.6889234449760766 0.057907348242811504
0 0.49954545454545457 0.43225239616613415 0.5401435406698564 0.04376996805111817
0 0.49842105263157893 0.6606389776357827 0.6317224880382775 0.044185303514376946
0 0.5047846889952153 0.8573322683706072 0.7648086124401915 0.058338658146964824
0 0.5107655502392344 0.3144408945686901 0.512488038277512 0.04458466453674125
0 0.5062918660287081 0.802923322683706 0.6754545454545453 0.03295527156549538
0 0.49732057416267944 0.6007348242811502 0.6029425837320573 0.08111821086261976
0 0.4849760765550239 0.964664536741214 0.8051674641148325 0.062332268370607