0 0.2767916666666667 0.08635474860335195 0.4126944444444444 0.04301675977653633
0 0.286875 0.12452513966480447 0.41827777777777775 0.038086592178770966
0 0.28737500000000005 0.20878491620111733 0.4165277777777777 0.042695530726256974
0 0.7403472222222222 0.13424581005586592 0.4422361111111112 0.03337988826815643
0 0.2836388888888889 0.2506983240223464 0.4150277777777778 0.03660614525139662
0 0.287875 0.5406843575418995 0.40454166666666663 0.044231843575418935
0 0.28338888888888886 0.35822625698324023 0.4062916666666666 0.033561452513966444
0 0.7388472222222222 0.16135474860335194 0.43973611111111127 0.03967877094972071
0 0.288875 0.28344972067039104 0.4092916666666667 0.029902234636871545
0 0.6964166666666666 0.7168575418994413 0.3785972222222221 0.049748603351955155
0 0.2861388888888889 0.16951117318435754 0.41252777777777777 0.04175977653631282
0 0.288375 0.6781983240223464 0.39780555555555563 0.04128491620111724
0 0.6999166666666667 0.6772067039106145 0.4015555555555554 0.03874301675977655
0 0.2838888888888889 0.5848463687150838 0.3978055555555556 0.04928770949720665
0 0.7278611111111111 0.37078212290502793 0.42426388888888894 0.03688547486033515
0 0.7453333333333333 0.2071508379888268 0.43350000000000016 0.03195530726256983
0 0.6979166666666666 0.8001675977653631 0.38558333333333317 0.049567039106145266
0 0.7448333333333333 0.24516759776536312 0.42526388888888894 0.041913407821229036
0 0.7388472222222222 0.33689944134078215 0.42426388888888894 0.040530726256983216
0 0.711388888888889 0.49675977653631287 0.40454166666666663 0.06430167597765359
0 0.7009166666666666 0.8383100558659218 0.3865833333333332 0.04840782122905039
0 0.7029027777777779 0.6460754189944133 0.40205555555555555 0.03592178770949724
0 0.7273611111111111 0.4510893854748604 0.41252777777777777 0.03425977653631281
0 0.7458333333333333 0.3010055865921788 0.4280000000000001 0.035851955307262595
0 0.7288611111111111 0.08543296089385476 0.3958055555555556 0.06384078212290505
0 0.6999166666666667 0.7600139664804468 0.3808333333333334 0.04407821229050272
0 0.7099027777777778 0.8734497206703911 0.3855833333333335 0.03829608938547496
0 0.7074027777777778 0.93268156424581 0.39056944444444447 0.03902234636871516
0 0.292375 0.8679329608938549 0.38033333333333325 0.033631284916201015
0 0.288375 0.7429469273743018 0.3878194444444445 0.04106145251396661
0 0.291625 0.9075837988826816 0.38508333333333333 0.047779329608938596
0 0.2836388888888889 0.332877094972067 0.4102916666666667 0.02659217877094975
0 0.7433333333333334 0.27516759776536315 0.43199999999999994 0.028254189944134103
0 0.290375 0.7108240223463688 0.3963055555555556 0.03425977653631281
0 0.7278611111111111 0.424231843575419 0.41976388888888894 0.031117318435754153
0 0.2848888888888889 0.6244972067039106 0.3930694444444444 0.032555865921787636
0 0.2866388888888889 0.49776536312849157 0.40504166666666663 0.04310055865921789
0 0.7054027777777777 0.5707960893854749 0.40105555555555555 0.05231843575418999
0 0.2821388888888889 0.4018994413407821 0.40504166666666663 0.04652234636871501
0 0.291125 0.775572625698324 0.39630555555555547 0.040153631284916204
0 0.2858888888888889 0.46765363128491616 0.40454166666666663 0.03413407821229058
0 0.28638888888888886 0.6460754189944133 0.3910694444444445 0.03381284916201122