0 0.7199784482758621 0.11416666666666665 0.375603448275862 0.0658045977011494
0 0.2510775862068966 0.04454022988505747 0.39870689655172414 0.08908045977011494
0 0.23788793103448275 0.229051724137931 0.4419396551724138 0.09511494252873562
0 0.24734913793103447 0.13586206896551725 0.42099137931034486 0.11988505747126436
0 0.6860560344827585 0.29422413793103447 0.40428879310344834 0.07129310344827587
0 0.24112068965517242 0.3550862068965517 0.4424353448275861 0.08712643678160918
0 0.23650862068965517 0.29540229885057473 0.449676724137931 0.0761781609195402
0 0.6925431034482759 0.6111206896551724 0.4157543103448275 0.09120689655172416
0 0.6646120689655173 0.47977011494252875 0.3793318965517241 0.07221264367816091
0 0.24635775862068965 0.42758620689655175 0.42971982758620686 0.10408045977011503
0 0.6910344827586207 0.6759770114942529 0.40603448275862064 0.08836206896551724
0 0.6895474137931035 0.5386494252873563 0.3751077586206898 0.09037356321839077
0 0.6970258620689656 0.23951149425287355 0.38433189655172423 0.06666666666666664
0 0.26355603448275866 0.809655172413793 0.34316810344827586 0.07037356321839083
0 0.7229741379310345 0.1836494252873563 0.39803879310344814 0.07873563218390807
0 0.6735775862068966 0.9559770114942528 0.39480603448275847 0.08505747126436788
0 0.6845474137931035 0.7424712643678161 0.3853232758620689 0.09037356321839093
0 0.26232758620689656 0.685287356321839 0.3805818965517241 0.12229885057471265
0 0.2481034482758621 0.4917528735632184 0.4292241379310344 0.09678160919540232
0 0.27254310344827587 0.8595402298850575 0.35713362068965515 0.0805172413793103