0 0.8153137254901961 0.5078459530026109 0.03411764705882348 0.1685900783289817
0 0.3546078431372549 0.5088642297650131 0.037235294117647075 0.17240208877284602
0 0.2490392156862745 0.5134464751958224 0.037745098039215684 0.1657832898172324
0 0.9675490196078431 0.7181984334203655 0.03662745098039206 0.18933420365535245
0 0.14796078431372547 0.7324543080939947 0.045921568627450955 0.17278067885117482
0 0.5452745098039216 0.735509138381201 0.03445098039215696 0.16144908616188
0 0.7441764705882352 0.7309268929503916 0.03974509803921565 0.16718015665796337
0 0.44352941176470584 0.735509138381201 0.03884313725490197 0.16361618798955604
0 0.6841176470588235 0.7324543080939947 0.03752941176470585 0.16501305483028733
0 0.8581568627450981 0.7304177545691906 0.04176470588235285 0.16859007832898157
0 0.8214313725490197 0.7314360313315926 0.040901960784313754 0.17023498694516984
0 0.21137254901960784 0.5073368146214099 0.0497254901960784 0.173289817232376
0 0.6049411764705882 0.7288903394255876 0.03950980392156858 0.1710052219321149
0 0.16843137254901963 0.49842036553524804 0.050294117647058836 0.18972584856396874
0 0.2876666666666667 0.7339817232375979 0.04082352941176469 0.16883812010443855
0 0.21862745098039216 0.7319451697127937 0.03788235294117646 0.16909921671018274
0 0.47872549019607846 0.7360182767624021 0.03566666666666666 0.16093994778067883
0 0.8099607843137254 0.2918929503916449 0.03690196078431383 0.1631070496083551
0 0.28633333333333333 0.28655352480417756 0.03856862745098042 0.1688381201044387
0 0.5846666666666667 0.5119190600522193 0.041372549019607886 0.17023498694516967
0 0.5009019607843137 0.29011749347258486 0.037960784313725515 0.16018276762402087
0 0.6688235294117647 0.5088642297650131 0.03335294117647057 0.16450391644908616
0 0.8466862745098039 0.29113577023498693 0.03566666666666678 0.16501305483028716
0 0.3251568627450981 0.7339817232375979 0.038196078431372585 0.1669321148825064
0 0.7147254901960785 0.7314360313315926 0.03486274509803916 0.16501305483028733
0 0.9155294117647059 0.2918929503916449 0.03464705882352933 0.15890339425587463
0 0.9224117647058824 0.508355091383812 0.03974509803921565 0.17023498694516967
0 0.28174509803921566 0.5134464751958224 0.03586274509803926 0.16501305483028716
0 0.7468431372549019 0.5165013054830287 0.043294117647058906 0.16527415143603136
0 0.5047254901960785 0.5149738903394256 0.04003921568627443 0.16501305483028716
0 0.31654901960784315 0.5093733681462141 0.03782352941176475 0.16998694516971283
0 0.7808823529411765 0.7278720626631853 0.045764705882353006 0.17240208877284588
0 0.8948627450980392 0.7299086161879895 0.04321568627450973 0.16859007832898185
0 0.9315882352941177 0.7309268929503916 0.044803921568627496 0.17138381201044384
0 0.5464313725490196 0.5159921671018277 0.03878431372549014 0.16450391644908616
0 0.9882352941176471 0.72911227154047 0.023529411764705882 0.1762402088772846
0 0.5747254901960784 0.7339817232375979 0.03209803921568628 0.16093994778067883
0 0.18401960784313726 0.7329634464751958 0.03974509803921571 0.16934725848563972
0 0.5112352941176471 0.735509138381201 0.03531372549019606 0.161201044386423
0 0.3972549019607843 0.5014751958224543 0.043627450980392155 0.1890861618798956
0 0.7036274509803923 0.5134464751958224 0.04152941176470579 0.1662924281984334
0 0.43856862745098035 0.5037728459530026 0.04145098039215683 0.1875587467362924
0 0.05205882352941176 0.5134464751958224 0.038627450980392164 0.16069190600522198
0 0.059666666666666666 0.7319451697127937 0.0474313725490196 0.1741906005221933
0 0.6450980392156863 0.7268537859007833 0.047784313725490205 0.17673629242819858
0 0.6959803921568627 0.2778851174934726 0.03503921568627452 0.183733681462141
0 0.5816078431372549 0.28808093994778067 0.042176470588235274 0.16718015665796346
0 0.6569607843137255 0.28655352480417756 0.04247058823529406 0.17355091383812019
0 0.08370588235294117 0.5119190600522193 0.03545098039215686 0.15941253263707575
0 0.6279019607843137 0.5134464751958224 0.047078431372549 0.1633681462140992
0 0.36321568627450984 0.28909921671018274 0.038627450980392136 0.171644908616188
0 0.10541176470588236 0.7324543080939947 0.05311764705882353 0.17443864229765
0 0.4088235294117647 0.922976501305483 0.03725490196078431 0.15404699738903394
0 0.8451372549019608 0.496644908616188 0.03247058823529401 0.18640992167101822
0 0.8803333333333334 0.5002088772845953 0.04523529411764716 0.18284595300261106
0 0.45845098039215687 0.2880809399477806 0.04556862745098041 0.16744125326370757
0 0.9892156862745098 0.508485639686684 0.021568627450980392 0.17101827676240208
0 0.4726078431372549 0.5014751958224543 0.03172549019607845 0.1875587467362924
0 0.17541176470588235 0.2852741514360313 0.037392156862745086 0.1657832898172324
0 0.36092156862745095 0.7202349869451697 0.043117647058823545 0.19061357702349868
0 0.13868627450980392 0.2860443864229765 0.03884313725490197 0.16387728459530024
0 0.9606666666666667 0.5093733681462141 0.04013725490196084 0.16795039164490858
0 0.40337254901960784 0.7187075718015665 0.04680392156862746 0.19176240208877268
0 0.022549019607843137 0.7297650130548303 0.045098039215686274 0.17493472584856398
0 0.8818627450980392 0.28731070496083555 0.03766666666666674 0.1704960835509138
0 0.9476470588235294 0.2962271540469974 0.028607843137254965 0.14706266318537864
0 0.8431372549019608 0.9236292428198434 0.058823529411764705 0.15274151436031333
0 0.7747647058823529 0.2875718015665797 0.03676470588235294 0.17443864229765013
0 0.19117647058823528 0.924934725848564 0.049019607843137254 0.15013054830287206
0 0.11274509803921569 0.9268929503916449 0.052941176470588235 0.1462140992167102
0 0.442156862745098 0.9308093994778068 0.045098039215686274 0.13838120104438642
0 0.9245098039215687 0.9255874673629243 0.052941176470588235 0.14882506527415143
0 0.7294117647058823 0.9223237597911227 0.047058823529411764 0.15535248041775457
0 0.8333333333333334 0.06919060052219321 0.043137254901960784 0.13838120104438642
0 0.06666666666666667 0.9236292428198434 0.054901960784313725 0.15274151436031333
0 0.24578431372549017 0.28655352480417756 0.04113725490196082 0.17049608355091386
0 0.9215686274509803 0.06788511749347259 0.043137254901960784 0.13577023498694518
0 0.7990196078431373 0.9255874673629243 0.052941176470588235 0.14882506527415143
0 0.9627450980392157 0.9281984334203656 0.054901960784313725 0.14360313315926893
0 0.9598039215686275 0.06788511749347259 0.041176470588235294 0.13577023498694518
0 0.7892156862745098 0.06788511749347259 0.041176470588235294 0.13577023498694518
0 0.7627450980392156 0.922976501305483 0.047058823529411764 0.15404699738903394
0 0.3764705882352941 0.9275456919060052 0.0392156862745098 0.14490861618798956
0 0.9882352941176471 0.9288511749347258 0.023529411764705882 0.1422976501305483
0 0.48627450980392156 0.9314621409921671 0.054901960784313725 0.1370757180156658
0 0.09413725490196077 0.2857832898172324 0.053411764705882346 0.17379895561357703
0 0.20888235294117646 0.2878198433420366 0.03558823529411766 0.16450391644908616
0 0.3058823529411765 0.0685378590078329 0.043137254901960784 0.1370757180156658
0 0.541078431372549 0.292154046997389 0.041372549019607886 0.161201044386423
0 0.34215686274509804 0.9255874673629243 0.041176470588235294 0.14882506527415143
0 0.7831764705882354 0.508355091383812 0.03264705882352937 0.1688381201044387
0 0.734235294117647 0.28476501305483026 0.04223529411764699 0.1710052219321149
0 0.01568627450980392 0.5097911227154047 0.03137254901960784 0.16318537859007834
0 0.6872549019607843 0.9236292428198434 0.056862745098039215 0.15274151436031333
0 0.12262745098039217 0.49791122715404695 0.0500980392156863 0.1927806788511749
0 0.027450980392156862 0.9164490861618799 0.054901960784313725 0.1671018276762402
0 0.8794117647058823 0.9242819843342036 0.060784313725490195 0.1514360313315927
0 0.9782549019607844 0.2753394255874674 0.036470588235294164 0.1908616187989556
0 0.4068235294117647 0.2885900783289817 0.047333333333333304 0.17023498694516967
0 0.25392156862745097 0.9242819843342036 0.056862745098039215 0.1514360313315927
0 0.5941176470588235 0.06788511749347259 0.043137254901960784 0.13577023498694518
0 0.3251568627450981 0.2722845953002611 0.0415294117647059 0.2011749347258486
0 0.30098039215686273 0.924934725848564 0.049019607843137254 0.15013054830287206
0 0.6852941176470588 0.06788511749347259 0.045098039215686274 0.13577023498694518
0 0.26372549019607844 0.06723237597911227 0.041176470588235294 0.13446475195822455
0 0.6401960784313725 0.0685378590078329 0.049019607843137254 0.1370757180156658
0 0.9970588235294118 0.29112271540469975 0.0058823529411764705 0.1618798955613577
0 0.55 0.06788511749347259 0.045098039215686274 0.13577023498694518
0 0.39019607843137255 0.0685378590078329 0.050980392156862744 0.1370757180156658
0 0.9892156862745098 0.06723237597911227 0.021568627450980392 0.13446475195822455
0 0.8764705882352941 0.06788511749347259 0.047058823529411764 0.13577023498694518
0 0.19411764705882353 0.06788511749347259 0.043137254901960784 0.13577023498694518
0 0.008823529411764706 0.28263707571801566 0.01764705882352941 0.16840731070496084
0 0.2519019607843137 0.7329634464751958 0.036980392156862774 0.16832898172323768
0 0.23039215686274508 0.06592689295039164 0.03725490196078431 0.13185378590078328
0 0.2235294117647059 0.9275456919060052 0.03529411764705882 0.14490861618798956
0 0.4970588235294118 0.0685378590078329 0.056862745098039215 0.1370757180156658
0 0.6194705882352941 0.28781984334203653 0.03827450980392153 0.1690992167101828
0 0.15490196078431373 0.9255874673629243 0.047058823529411764 0.14882506527415143
0 0.042549019607843144 0.2756005221932115 0.05115686274509804 0.18552219321148827
0 0.442156862745098 0.06788511749347259 0.056862745098039215 0.13577023498694518
0 0.7401960784313726 0.06984334203655353 0.056862745098039215 0.13968668407310705
0 0.043137254901960784 0.06592689295039164 0.050980392156862744 0.13185378590078328
0 0.638235294117647 0.9366840731070496 0.08431372549019608 0.12663185378590078
0 0.553921568627451 0.9360313315926893 0.08431372549019608 0.1279373368146214
0 0.09705882352941177 0.06657963446475196 0.056862745098039215 0.13315926892950392
0 0.34509803921568627 0.06788511749347259 0.0392156862745098 0.13577023498694518
0 0.14901960784313725 0.06788511749347259 0.050980392156862744 0.13577023498694518
0 0.5 0.5744125326370757 1 0.05221932114882506
0 0.4950980392156863 0.7969973890339426 0.9901960784313726 0.05352480417754569
0 0.008823529411764706 0.06657963446475196 0.01764705882352941 0.13315926892950392
0 0.49901960784313726 0.34073107049608353 0.9980392156862745 0.06266318537859007