0 0.648 0.014264264264264264 0.596 0.028528528528528527
0 0.6651 0.13519519519519518 0.57972 0.08096096096096099
0 0.6686 0.1753153153153153 0.5618 0.06861861861861861
0 0.6686 0.3326276276276276 0.5670800000000001 0.06294294294294288
0 0.65736 0.5746546546546547 0.5502 0.12734234234234226
0 0.6447 0.0671021021021021 0.6113600000000001 0.11375375375375374
0 0.6686 0.24156156156156156 0.5491400000000001 0.04678678678678683
0 0.66228 0.4717117117117117 0.5698800000000002 0.08875375375375377
0 0.6658 0.27983483483483484 0.55442 0.04740240240240239
0 0.65104 0.6796996996996997 0.54458 0.1202852852852853
0 0.6636799999999999 0.3917417417417417 0.56356 0.06216216216216213