0 0.8022744360902255 0.5050250626566416 0.03270676691729319 0.16182957393483707
0 0.3606203007518797 0.5060025062656642 0.03569548872180453 0.16548872180451135
0 0.2594172932330827 0.5104010025062656 0.03618421052631579 0.15913533834586469
0 0.9482142857142857 0.7069423558897243 0.03511278195488712 0.18174185463659145
0 0.1625187969924812 0.7206265664160401 0.04402255639097742 0.16585213032581442
0 0.5434022556390977 0.7235588972431077 0.03302631578947378 0.1549749373433585
0 0.734078947368421 0.7191604010025062 0.03810150375939846 0.1604761904761904
0 0.4458646616541353 0.7235588972431077 0.037236842105263165 0.15705513784461145
0 0.6765037593984962 0.7206265664160401 0.03597744360902253 0.15839598997493745
0 0.8433458646616542 0.718671679197995 0.04003759398496232 0.16182957393483693
0 0.8081390977443609 0.7196491228070175 0.0392105263157895 0.16340852130325825
0 0.22330827067669173 0.5045363408521303 0.0476691729323308 0.16634085213032582
0 0.6006015037593985 0.7172055137844612 0.037875939849624014 0.1641478696741855
0 0.18214285714285716 0.4959774436090226 0.04821428571428572 0.1821177944862156
0 0.2964473684210526 0.722092731829574 0.03913533834586465 0.16206766917293225
0 0.23026315789473684 0.7201378446115287 0.0363157894736842 0.16231829573934833
0 0.47960526315789476 0.724047619047619 0.034191729323308266 0.1544862155388471
0 0.7971428571428572 0.29773182957393485 0.03537593984962415 0.15656641604010024
0 0.2951691729323308 0.2926065162907268 0.036973684210526346 0.1620676691729324
0 0.5811654135338346 0.5089348370927318 0.03966165413533839 0.16340852130325811
0 0.5008646616541353 0.29602756892230575 0.03639097744360905 0.1537593984962406
0 0.6618421052631579 0.5060025062656642 0.0319736842105263 0.15790726817042605
0 0.8323496240601503 0.2970050125313283 0.03419172932330837 0.1583959899749373
0 0.3323872180451128 0.722092731829574 0.03661654135338349 0.1602380952380951
0 0.7058458646616541 0.7196491228070175 0.03342105263157889 0.15839598997493745
0 0.8983458646616541 0.29773182957393485 0.03321428571428564 0.15253132832080196
0 0.9049436090225564 0.5055137844611528 0.03810150375939846 0.16340852130325811
0 0.29077067669172935 0.5104010025062656 0.034379699248120336 0.1583959899749373
0 0.7366353383458646 0.5133333333333333 0.04150375939849632 0.15864661654135342
0 0.50453007518797 0.5118671679197996 0.038383458646616464 0.1583959899749373
0 0.32413533834586467 0.5064912280701754 0.03625939849624064 0.16317042606516297
0 0.769266917293233 0.7162280701754385 0.04387218045112788 0.1654887218045112
0 0.8785338345864662 0.7181829573934837 0.04142857142857136 0.1618295739348372
0 0.9137406015037595 0.7191604010025062 0.042951127819548914 0.1645112781954887
0 0.5445112781954887 0.5128446115288221 0.037180451127819494 0.15790726817042605
0 0.9753383458646616 0.7176942355889725 0.036823308270676536 0.16939849624060158
0 0.5716353383458647 0.722092731829574 0.03077067669172933 0.1544862155388471
0 0.19708646616541353 0.7211152882205515 0.03810150375939852 0.16255639097744365
0 0.5107706766917294 0.7235588972431077 0.0338533834586466 0.15473684210526317
0 0.40150375939849625 0.49890977443609025 0.04182330827067669 0.18150375939849628
0 0.6952067669172933 0.5104010025062656 0.039812030075187875 0.15962406015037595
0 0.44110902255639095 0.5011152882205514 0.03973684210526313 0.18003759398496236
0 0.07058270676691729 0.5104010025062656 0.03703007518796993 0.1542481203007519
0 0.07787593984962406 0.7201378446115287 0.04546992481203007 0.16720551378446125
0 0.6390977443609023 0.715250626566416 0.045808270676691736 0.1696491228070177
0 0.687875939849624 0.2842857142857143 0.03359022556390978 0.17636591478696742
0 0.5782330827067669 0.29407268170426065 0.04043233082706765 0.16047619047619047
0 0.6504699248120301 0.2926065162907268 0.040714285714285654 0.16659147869674193
0 0.10092105263157894 0.5089348370927318 0.033984962406015035 0.1530200501253133
0 0.6226127819548872 0.5104010025062656 0.045131578947368405 0.15681704260651627
0 0.36887218045112785 0.2950501253132832 0.037030075187969906 0.16476190476190478
0 0.12172932330827069 0.7206265664160401 0.05092105263157896 0.16744360902255626
0 0.4132330827067669 0.9127694235588972 0.03475563909774438 0.1654887218045112
0 0.8308646616541353 0.4942731829573935 0.031127819548872077 0.17893483709273178
0 0.8646052631578948 0.49769423558897247 0.04336466165413543 0.17551378446115296
0 0.46016917293233084 0.2940726817042606 0.043684210526315805 0.1607268170426065
0 0.9797368421052632 0.5064912280701754 0.04048872180451121 0.16365914786967423
0 0.4737406015037594 0.49890977443609025 0.03041353383458648 0.18003759398496236
0 0.1888345864661654 0.2913784461152882 0.035845864661654125 0.15913533834586469
0 0.36667293233082704 0.7088972431077695 0.04133458646616543 0.18296992481203006
0 0.1536278195488722 0.29211779448621555 0.037236842105263165 0.15730576441102753
0 0.9416165413533835 0.5064912280701754 0.03847744360902261 0.16121553884711776
0 0.4073684210526316 0.7074310776942355 0.044868421052631585 0.1840726817042605
0 0.03981203007518797 0.718671679197995 0.048402255639097745 0.16854636591478697
0 0.8660714285714286 0.29333333333333333 0.03610902255639105 0.16365914786967414
0 0.9291353383458647 0.3018922305764411 0.027424812030075248 0.14116541353383463
0 0.8301315789473684 0.9137468671679198 0.056052631578947465 0.16340852130325825
0 0.7634022556390977 0.2935839598997494 0.03524436090225564 0.1674436090225564
0 0.20394736842105263 0.9172932330827067 0.046992481203007516 0.16791979949874686
0 0.12962406015037592 0.9186340852130327 0.04996240601503762 0.16231829573934833
0 0.44513157894736843 0.9220551378446115 0.042951127819548914 0.15302005012531317
0 0.9078759398496241 0.9161904761904762 0.05238721804511279 0.16317042606516297
0 0.7212406015037593 0.91031328320802 0.045131578947368405 0.16231829573934833
0 0.8198684210526316 0.07662907268170427 0.040958646616541285 0.14825814536340853
0 0.08524436090225564 0.9152130325814537 0.05238721804511279 0.16659147869674193
0 0.256296992481203 0.2926065162907268 0.03943609022556394 0.16365914786967423
0 0.9056766917293233 0.07609022556390978 0.04182330827067669 0.14385964912280702
0 0.7868796992481203 0.9166791979949874 0.050827067669172867 0.16206766917293225
0 0.9445488721804511 0.9186340852130327 0.05449248120300754 0.15730576441102753
0 0.9416165413533835 0.07541353383458646 0.03825187969924816 0.14605263157894738
0 0.7788157894736841 0.07596491228070176 0.03928571428571424 0.1463032581453634
0 0.752406015037594 0.9117794486215539 0.044680451127819515 0.16255639097744365
0 0.38280075187969925 0.9186340852130327 0.03661654135338349 0.15815789473684216
0 0.9796804511278197 0.9196115288220552 0.0443984962406013 0.15656641604010033
0 0.48804511278195484 0.9230325814536341 0.05390977443609013 0.15399749373433597
0 0.11092105263157895 0.29186716791979955 0.051203007518796986 0.16682957393483708
0 0.22092105263157896 0.29382205513784465 0.03411654135338347 0.15790726817042605
0 0.3146052631578947 0.07662907268170426 0.041597744360902245 0.14605263157894738
0 0.5393796992481202 0.29798245614035085 0.03966165413533839 0.15473684210526317
0 0.34943609022556393 0.9171679197994987 0.03904135338345861 0.16389724310776937
0 0.7714661654135339 0.5055137844611528 0.03129699248120296 0.1620676691729324
0 0.724548872180451 0.2908897243107769 0.04048872180451121 0.1641478696741855
0 0.028947368421052628 0.507468671679198 0.04667293233082707 0.15607769423558893
0 0.6801691729323309 0.9137468671679198 0.05357142857142857 0.16476190476190478
0 0.13823308270676693 0.49548872180451126 0.04802631578947371 0.18505012531328316
0 0.04703007518796992 0.9078696741854637 0.056146616541353375 0.1806516290726818
0 0.8646052631578948 0.9171679197994987 0.05765037593984955 0.16769423558897234
0 0.9584774436090227 0.2818421052631579 0.03496240601503764 0.1832080200501253
0 0.4106766917293233 0.2945614035087719 0.045375939849624035 0.16340852130325811
0 0.2654699248120301 0.9169799498746867 0.05417293233082705 0.16854636591478697
0 0.5910714285714286 0.0749874686716792 0.041597744360902245 0.14581453634085215
0 0.3323872180451128 0.2789097744360902 0.039812030075187986 0.19310776942355892
0 0.3105639097744361 0.9171679197994987 0.04686090225563911 0.16610275689223053
0 0.678703007518797 0.07528822055137845 0.04221804511278202 0.14605263157894735
0 0.2746428571428572 0.07461152882205514 0.0392105263157895 0.1450751879699248
0 0.6354323308270677 0.07639097744360901 0.04590225563909767 0.14728070175438596
0 0.9878007518796992 0.2974937343358396 0.028120300751879768 0.1549749373433584
0 0.5489097744360902 0.0749874686716792 0.044624060150375955 0.14581453634085215
0 0.39599624060150374 0.076203007518797 0.04776315789473689 0.1480075187969925
0 0.973139097744361 0.0756516290726817 0.026484962406014882 0.1431203007518797
0 0.862406015037594 0.07553884711779449 0.045563909774436105 0.1470300751879699
0 0.20827067669172933 0.07541353383458646 0.04191729323308273 0.1467919799498747
0 0.019586466165413534 0.2894235588972431 0.03917293233082707 0.16182957393483707
0 0.2621616541353383 0.7211152882205515 0.0354511278195489 0.16157894736842113
0 0.24236842105263157 0.0724812030075188 0.03516917293233079 0.1449624060150376
0 0.23539473684210527 0.920062656641604 0.033157894736842136 0.1623684210526315
0 0.4979323308270676 0.07596491228070175 0.05471804511278198 0.14703007518796993
0 0.61453007518797 0.2938220551378446 0.036691729323308234 0.16231829573934842
0 0.17031954887218045 0.9171679197994987 0.046071428571428555 0.16389724310776937
0 0.06146616541353384 0.28209273182957395 0.04904135338345865 0.17808270676691731
0 0.44550751879699246 0.07528822055137845 0.053308270676691756 0.14581453634085212
0 0.7318796992481204 0.07730576441102757 0.05458646616541347 0.14972431077694237
0 0.0631203007518797 0.0737593984962406 0.04977443609022557 0.14165413533834587
0 0.6328759398496241 0.9284085213032581 0.08080827067669175 0.14458646616541337
0 0.5533082706766917 0.9279197994987469 0.08048872180451137 0.1448370927318295
0 0.11394736842105263 0.07327067669172932 0.054078947368421046 0.14532581453634086
0 0.35291353383458646 0.07596491228070175 0.03781954887218046 0.14605263157894738
0 0.16417293233082708 0.07418546365914787 0.04802631578947371 0.1475187969924812
0 0.5027067669172932 0.5695614035087719 0.9819360902255638 0.050025062656641556
0 0.4906015037593985 0.782719298245614 0.9614097744360903 0.051428571428571386
0 0.012086466165413534 0.9152130325814537 0.02415413533834587 0.16939849624060158
0 0.019398496240601505 0.07528822055137845 0.038778195488721794 0.14080200501253132
0 0.4924436090225564 0.34516290726817045 0.9724060150375943 0.06117794486215545