0 0.3578125 0.1359375 0.4203125 0.09140625
0 0.3546875 0.23203125 0.41484375 0.1109375
0 0.36015625 0.34921875 0.40390625 0.14609375
0 0.3546875 0.05546875 0.42890625 0.1109375
0 0.7015625 0.3578125 0.2796875 0.0796875
0 0.8307496828125001 0.489604071875 0.8335451078125 0.4303167421875 0.56238881875 0.46428054375 0.5593392625 0.529397059375 0.8307496828125001 0.489604071875
0 0.56035578125 0.636117646875 0.5616264296875 0.5389140265625 0.1832274453125 0.612602940625 0.1923761125 0.7265588234375 0.56035578125 0.636117646875
0 0.83481575625 0.49322171875 0.5768742062500001 0.546153846875 0.572554003125 0.60898529375 0.8317662 0.5420588234375 0.83481575625 0.49322171875
0 0.8358322749999999 0.5529117640625001 0.5921219828125001 0.6411764703125 0.591867853125 0.713897059375 0.8287166453125 0.6162205875 0.8358322749999999 0.5529117640625001
0 0.8246505718750001 0.6686764703125 0.594663278125 0.7769230765625 0.5878017796874999 0.8495576921874999 0.8226175343750001 0.7464558828125 0.8246505718750001 0.6686764703125
0 0.56035578125 0.6379264703125 0.1499364671875 0.7542986421875 0.15273189375000001 0.8911606328125 0.5583227453124999 0.751882353125 0.56035578125 0.6379264703125
0 0.233339453125 1 0.5664548921875 0.8531753390624999 0.56238881875 0.7645441171875 0.1626429484375 0.8923076921875 0.1980750625 1 0.233339453125 1
0 0.5593392625 0.393736425 0.1537484109375 0.43076923125000005 0.1547649296875 0.536632353125 0.5562897078125 0.46428054375 0.5593392625 0.393736425
0 0.8226175343750001 0.20200113125 0.5578144859374999 0.19773755625 0.553240153125 0.2616923078125 0.8165184249999999 0.2544570140625 0.8226175343750001 0.20200113125
0 0.8409148671875 0.26350113125 0.5857687421875 0.2837104078125 0.5878017796874999 0.3376628953125 0.8368487921875 0.321383484375 0.8409148671875 0.26350113125