0 0.3151149425287357 0.3447254150702427 0.020660919540229934 0.07154533844189015
0 0.32806513409961685 0.47146232439335883 0.011628352490421443 0.06755427841634735
0 0.22831417624521075 0.3382439335887612 0.030660919540229876 0.06900383141762449
0 0.1567145593869732 0.3369667943805875 0.017107279693486604 0.07738825031928484
0 0.10442528735632184 0.0715581098339719 0.018122605363984662 0.0656641123882503
0 0.15877394636015324 0.21049808429118774 0.01980842911877395 0.07221583652618137
0 0.06686781609195402 0.19989782886334612 0.03129310344827588 0.0790740740740741
0 0.48027777777777775 0.35293103448275864 0.01996168582375471 0.06990421455938699
0 0.19478927203065136 0.3392081736909323 0.02446360153256707 0.07819923371647512
0 0.05966475095785441 0.33147509578544065 0.022049808429118783 0.07907407407407403
0 0.06701149425287356 0.06339080459770116 0.03699233716475096 0.07514687100893998
0 0.30572796934865903 0.09862707535121328 0.01833333333333332 0.06345466155810983
0 0.9232854406130268 0.582911877394636 0.03468390804597705 0.08162835249042141
0 0.039511494252873564 0.199272030651341 0.02240421455938696 0.07819923371647512
0 0.012452107279693486 0.19029374201787994 0.02490421455938697 0.08939974457215837
0 0.27055555555555555 0.2183588761174968 0.01897509578544056 0.07289910600255425
0 0.6763314176245211 0.2176053639846743 0.054070881226053684 0.08543422733077903
0 0.977911877394636 0.4594380587484036 0.01607279693486609 0.08162835249042141
0 0.34033524904214557 0.097816091954023 0.01996168582375482 0.07819923371647508
0 0.48513409961685827 0.117330779054917 0.03692528735632179 0.07015325670498085
0 0.08675287356321838 0.33247765006385693 0.020028735632183905 0.07863346104725422
0 0.011494252873563218 0.4677522349936143 0.022988505747126436 0.07598978288633461
0 0.3500670498084291 0.22608556832694765 0.041321839080459756 0.07614303959131546
0 0.29880268199233717 0.3444508301404853 0.017844827586206893 0.0759578544061303
0 0.9419923371647511 0.18156449553001275 0.01776819923371643 0.07932311621966796
0 0.8499425287356323 0.6971583652618135 0.0181896551724138 0.08431034482758633
0 0.986139846743295 0.3140166028097063 0.017432950191570706 0.08724137931034476
0 0.07603448275862068 0.9356257982120051 0.019501915708812274 0.0864942528735631
0 0.20956896551724138 0.08471902937420178 0.02197318007662835 0.06928480204342273
0 0.9569540229885057 0.3142656449553001 0.02373563218390824 0.09323116219667944
0 0.03228927203065134 0.06195402298850575 0.025229885057471268 0.06915708812260535
0 0.3571743295019157 0.57742656449553 0.026637931034482705 0.07134099616858239
0 0.32331417624521075 0.09999361430395913 0.014885057471264333 0.06741379310344828
0 0.015450191570881225 0.05927203065134099 0.01382183908045977 0.06641123882503193
0 0.5117049808429119 0.4751532567049809 0.02965517241379314 0.06828224776500642
0 0.8275 0.6971583652618135 0.024856321839080504 0.08181992337164758
0 0.15437739463601532 0.0791698595146871 0.018687739463601524 0.06604086845466157
0 0.03081417624521073 0.3299808429118774 0.02476053639846743 0.07776500638569603
0 0.004789272030651341 0.05683269476372925 0.009578544061302681 0.06896551724137931
0 0.06022988505747126 0.9336270753512133 0.017978927203065143 0.08948914431673044
0 0.0023946360153256703 0.19572158365261813 0.004789272030651341 0.07215836526181353
0 0.43724137931034485 0.1102234993614304 0.01956896551724133 0.07888888888888887
0 0.9870689655172413 0.034163473818646234 0.022030651340996167 0.06832694763729247
0 0.7811015325670498 0.07879310344827585 0.02082375478927204 0.07040229885057471
0 0.8162739463601533 0.5809195402298851 0.03133141762452111 0.07751596424010224
0 0.6437835249042145 0.6826883780332056 0.037068965517241426 0.07695402298850589
0 0.9894636015325671 0.7065772669220945 0.0210727969348659 0.08748403575989783
0 0.863419540229885 0.3277330779054917 0.028649425287356402 0.07763729246487863
0 0.5775574712643678 0.8852362707535121 0.012356321839080546 0.07420817369093234