0 0.5149750000000001 0.6782250000000001 0.03401666666666661 0.09655625000000008
0 0.530275 0.3418 0.019641666666666613 0.10394374999999996
0 0.290525 0.6738312500000001 0.021708333333333295 0.11065625000000004
0 0.6526666666666667 0.83886875 0.041666666666666664 0.1307374999999999
0 0.211425 0.49926875000000004 0.02025000000000001 0.11028750000000002
0 0.5485 0.50390625 0.03635833333333342 0.10595624999999999
0 0.5068333333333334 0.83251875 0.017900000000000017 0.10485624999999998
0 0.8164083333333334 0.31591875 0.03840833333333327 0.11419375000000002
0 0.8053416666666666 0.500975 0.04911666666666671 0.11901875000000003
0 0.6214166666666667 0.84814375 0.02482499999999997 0.10632499999999993
0 0.3182 0.33423125 0.018533333333333343 0.10394374999999996
0 0.27050833333333335 0.6738312500000001 0.028866666666666655 0.11376875000000006
0 0.24935000000000002 0.51171875 0.013558333333333318 0.09173749999999999
0 0.5123666666666667 0.3432625 0.019408333333333302 0.10321249999999996
0 0.24105 0.67675625 0.02685833333333335 0.11596875000000004
0 0.4928416666666666 0.355225 0.024208333333333297 0.08081249999999997
0 0.35123333333333334 0.50195625 0.020891666666666708 0.10504374999999996
0 0.22623333333333334 0.6782250000000001 0.024924999999999975 0.11615000000000002
0 0.6028666666666667 0.3359375 0.020649999999999977 0.10339375000000003
0 0.37825833333333336 0.5078125 0.0398333333333333 0.09655625000000001
0 0.33365833333333333 0.50390625 0.018116666666666673 0.10449375000000004
0 0.5843083333333333 0.33691249999999995 0.016575000000000083 0.10357500000000001
0 0.23681666666666668 0.32348750000000004 0.025591666666666697 0.11163124999999997
0 0.576175 0.5068375 0.035341666666666736 0.10321249999999992