0 0.6599099099099099 0.025240384615384616 0.6231231231231231 0.05048076923076923
0 0.2172972972972973 0.17668269230769232 0.24872372372372378 0.03150240384615382
0 0.6759609609609609 0.07098557692307693 0.6296546546546546 0.05146634615384615
0 0.6779279279279279 0.35877403846153844 0.6441441441441441 0.054086538461538464
0 0.6726726726726727 0.11778846153846154 0.6546546546546547 0.04567307692307692
0 0.6726726726726727 0.5192307692307693 0.6546546546546547 0.040865384615384616
0 0.6779279279279279 0.5853365384615384 0.6441441441441441 0.05048076923076923
0 0.6794294294294294 0.40444711538461536 0.6411411411411412 0.04447115384615385
0 0.6666666666666666 0.1640625 0.6666666666666666 0.046875
0 0.6779279279279279 0.6358173076923077 0.6441441441441441 0.04567307692307692
0 0.2225225225225225 0.21622596153846155 0.24450450450450456 0.04292067307692305
0 0.2575975975975976 0.4108774038461539 0.2504054054054054 0.03192307692307686
0 0.6741741741741741 0.7121394230769231 0.6516516516516516 0.046875
0 0.22674174174174172 0.2551081730769231 0.23978978978978976 0.03234374999999996
0 0.6599099099099099 0.8900240384615384 0.6801801801801802 0.039663461538461536
0 0.6801801801801802 0.6724759615384616 0.6396396396396397 0.042067307692307696
0 0.6621621621621622 0.8539663461538461 0.6756756756756757 0.04927884615384615
0 0.6651651651651652 0.21334134615384615 0.6696696696696697 0.04447115384615385
0 0.668918918918919 0.75 0.6621621621621622 0.04567307692307692
0 0.6614114114114115 0.9320913461538461 0.6771771771771772 0.03485576923076923
0 0.24596096096096096 0.3836057692307693 0.2512462462462463 0.02087740384615385
0 0.0533033033033033 0.2013221153846154 0.1066066066066066 0.05889423076923077
0 0.6711711711711712 0.8070913461538461 0.6576576576576577 0.042067307692307696
0 0.6764264264264265 0.4483173076923077 0.6471471471471472 0.05048076923076923
0 0.2552402402402403 0.6268509615384615 0.23860360360360355 0.034507211538461584
0 0.25102102102102103 0.5728485576923077 0.23405405405405405 0.026490384615384572
0 0.22504504504504505 0.27939903846153846 0.23708708708708706 0.025745192307692257
0 0.674924924924925 0.48677884615384615 0.6501501501501501 0.03125
0 0.2297747747747748 0.3090985576923077 0.24130630630630628 0.0418149038461538
0 0.2424174174174174 0.35283653846153845 0.2512462462462463 0.038269230769230805
0 0.05930930930930931 0.3239182692307692 0.11861861861861862 0.054086538461538464
0 0.24747747747747748 0.4413822115384616 0.24130630630630637 0.024603365384615418