0 0.25008152173913045 0.4743628950050969 0.03021739130434784 0.17297655453618763
0 0.9196059782608696 0.7641590214067279 0.04775815217391317 0.19250764525993874
0 0.2565896739130435 0.30737003058103973 0.2466576086956522 0.040101936799184536
0 0.22241847826086955 0.4736289500509684 0.029375000000000005 0.17212028542303767
0 0.9274184782608696 0.47900101936799183 0.0554891304347825 0.19994903160040778
0 0.3869157608695652 0.47509683995922536 0.036480978260869594 0.17639143730886853
0 0.35470108695652175 0.47509683995922525 0.034864130434782606 0.17614678899082575
0 0.4233559782608695 0.4755861365953109 0.03466032608695651 0.17749235474006117
0 0.6163315217391304 0.4780224260958206 0.029144021739130496 0.18591233435270133
0 0.15888586956521739 0.46655453618756376 0.048940217391304344 0.17919469928644244
0 0.28164402173913045 0.4743628950050969 0.03663043478260867 0.1766360856269113
0 0.45622282608695647 0.4770540265035678 0.03316576086956517 0.17956167176350665
0 0.5603532608695653 0.4770540265035678 0.03394021739130437 0.18505606523955145
0 0.31710597826086956 0.4743628950050969 0.03790760869565214 0.17467889908256876
0 0.6303260869565218 0.7451172273190623 0.03447010869565218 0.18383282364933734
0 0.5073097826086956 0.7329051987767584 0.0420652173913044 0.18652395514780837
0 0.5271603260869565 0.4760754332313965 0.03447010869565218 0.18359836901121313
0 0.678804347826087 0.47729867482161065 0.043682065217391354 0.18738022426095813
0 0.5915896739130435 0.476809378185525 0.02869565217391305 0.1844444444444445
0 0.7230570652173912 0.4775433231396534 0.04408967391304354 0.19006116207951074
0 0.47347826086956524 0.7294903160040774 0.034741847826087024 0.1868909276248725
0 0.10023097826086956 0.7119164118246687 0.027105978260869558 0.16613659531090724
0 0.19459239130434783 0.4711926605504587 0.03262228260869564 0.17138634046890933
0 0.28505434782608696 0.7211926605504587 0.03547554347826089 0.1727319062181448
0 0.5479891304347826 0.7377879714576963 0.045557065217391265 0.18335372069317013
0 0.24877717391304346 0.34448521916411823 0.23104619565217394 0.033139653414882765
0 0.7640625 0.47900101936799183 0.039076086956521726 0.1918960244648318
0 0.49202445652173915 0.47509683995922525 0.036480978260869594 0.18213047910295613
0 0.8011548913043478 0.47851172273190623 0.04222826086956512 0.19408766564729865
0 0.12008152173913043 0.46508664627930685 0.04596467391304346 0.18505606523955145
0 0.5896467391304349 0.742670744138634 0.048002717391304406 0.18359836901121318
0 0.0759375 0.708980632008155 0.027146739130434777 0.1616207951070336
0 0.7126494565217392 0.751467889908257 0.0474728260869566 0.182986748216106
0 0.08322010869565218 0.46289500509684 0.04081521739130434 0.1833537206931703
0 0.6430163043478261 0.4777879714576962 0.03187500000000005 0.18591233435270133
0 0.6657880434782608 0.748532110091743 0.04230978260869563 0.18383282364933734
0 0.8115760869565218 0.629887869520897 0.2694429347826086 0.0429663608562692
0 0.4370244565217391 0.7304689092762487 0.041589673913043496 0.1806625891946993
0 0.7634103260869566 0.755861365953109 0.048817934782608784 0.18566768603465839
0 0.3595788043478261 0.7265647298674821 0.03937500000000003 0.17529051987767588
0 0.04917119565217391 0.4631396534148827 0.042866847826086955 0.18444444444444438
0 0.3197146739130435 0.7231396534148827 0.03966032608695652 0.1746788990825687
0 0.3996059782608696 0.7260754332313966 0.038926630434782575 0.18213047910295624
0 0.8382608695652174 0.4794903160040775 0.04510869565217397 0.19348623853211003
0 0.8122282608695651 0.6538124362895005 0.2611413043478262 0.03424057084607535
0 0.18434782608695652 0.7167991845056064 0.038709239130434794 0.16809378185524984
0 0.8773097826086957 0.47900101936799183 0.04400815217391318 0.19494393476044852
0 0.15188858695652174 0.714841997961264 0.03336956521739131 0.16723751274209983
0 0.5837907608695653 0.10687054026503569 0.2630978260869565 0.057064220183486246
0 0.25577445652173914 0.7192354740061162 0.04368206521739127 0.17749235474006128
0 0.5805298913043478 0.19287461773700307 0.2614673913043479 0.03234454638124365
0 0.3302173913043478 0.14902140672782874 0.23750000000000002 0.03442405708460752
0 0.3314266304347826 0.10394495412844036 0.2404755434782609 0.06304791029561672
0 0.33240489130434786 0.19042813455657492 0.23396739130434782 0.05511722731906218
0 0.24698369565217396 0.3747604485219164 0.22908967391304352 0.027003058103975543