0 0.48043604651162797 0.8565096774193548 0.019195736434108473 0.1703612903225806
0 0.42479651162790694 0.3769225806451613 0.0355523255813954 0.17628387096774195
0 0.5754457364341086 0.3875096774193548 0.02337209302325571 0.15436129032258064
0 0.6182170542635659 0.3897806451612903 0.034563953488372164 0.15385806451612904
0 0.3110562015503876 0.6261677419354839 0.026424418604651147 0.17313548387096783
0 0.5103391472868216 0.8600387096774194 0.027344961240310103 0.16985806451612886
0 0.6530426356589147 0.8555032258064516 0.030562015503875935 0.17969032258064516
0 0.26185077519379846 0.8519741935483871 0.033827519379844934 0.1877548387096774
0 0.5652228682170543 0.8575225806451613 0.03735465116279065 0.1774193548387097
0 0.19390503875968992 0.3716322580645161 0.027461240310077496 0.18472903225806447
0 0.7101937984496124 0.8504645161290323 0.034282945736434214 0.1987161290322579
0 0.5292635658914729 0.3847354838709678 0.025620155038759744 0.1624258064516129
0 0.19617248062015502 0.8449225806451613 0.04466085271317832 0.19909032258064527
0 0.28493217054263564 0.858025806451613 0.03288759689922475 0.17653548387096782
0 0.44902131782945737 0.3854967741935484 0.022228682170542687 0.15750967741935476
0 0.46681201550387597 0.6196193548387096 0.07083333333333325 0.192541935483871
0 0.3171124031007752 0.3781870967741936 0.025930232558139525 0.17464516129032262
0 0.5943701550387597 0.3900322580645161 0.01736434108527139 0.15158709677419357
0 0.2219186046511628 0.3764193548387097 0.02964147286821703 0.17603225806451608
0 0.13031007751937984 0.36306451612903223 0.029031007751937964 0.2012322580645162
0 0.5534883720930233 0.3776838709677419 0.025620155038759744 0.17892903225806447
0 0.49254844961240307 0.8610516129032258 0.020494186046511716 0.16406451612903236
0 0.29137596899224805 0.38196774193548383 0.027257751937984492 0.16519354838709674
0 0.5326744186046511 0.8590322580645161 0.03274224806201547 0.17376774193548397
0 0.3922480620155039 0.8827225806451613 0.023187984496123984 0.12367741935483859
0 0.8642538759689922 0.36558709677419354 0.024370155038759778 0.20186451612903233
0 0.6102713178294573 0.8555032258064516 0.05862403100775194 0.17855483870967725
0 0.24632751937984493 0.375916129032258 0.028062015503876003 0.17653548387096765
0 0.3922480620155039 0.38448387096774195 0.030872093023255828 0.16167096774193543
0 0.17639534883720928 0.3668451612903226 0.018759689922480633 0.188258064516129
0 0.10649224806201552 0.5987741935483871 0.01101744186046512 0.23820645161290324
0 0.14530038759689923 0.6018387096774193 0.015174418604651187 0.22641290322580648
0 0.2535077519379845 0.6169161290322581 0.025949612403100748 0.19625806451612893
0 0.3544282945736434 0.6361935483870967 0.04785852713178293 0.15249677419354846