0 0.2153888888888889 0.5927734375 0.04375 0.11755468750000002
0 0.6857638888888888 0.5927734375 0.03540277777777779 0.13525781250000007
0 0.44531944444444443 0.5927734375 0.03270833333333327 0.14172656250000007
0 0.2517361111111111 0.5922890625 0.03813888888888886 0.11755468750000002
0 0.8589444444444445 0.5961953125 0.06016666666666658 0.12829687500000003
0 0.477 0.593265625 0.0356666666666666 0.13989062499999996
0 0.5924444444444444 0.8759765625 0.06222222222222216 0.10796874999999986
0 0.6436666666666666 0.8793984375000001 0.05859722222222214 0.10949999999999989
0 0.13172222222222224 0.8701171875 0.047041666666666676 0.1044921875
0 0.5034722222222222 0.8754921875000001 0.04633333333333335 0.10650781249999994
0 0.4756944444444444 0.8754921875000001 0.04536111111111107 0.10650781249999994
0 0.390625 0.7348671875 0.027000000000000076 0.12042187500000008
0 0.30469444444444443 0.873046875 0.056319444444444464 0.10687500000000014
0 0.6540833333333333 0.5903359375 0.03426388888888883 0.13550000000000004
0 0.7708333333333334 0.8759765625 0.05870833333333331 0.10913281250000004
0 0.42209722222222223 0.736328125 0.03241666666666671 0.1171875
0 0.5364583333333334 0.8754921875000001 0.0597361111111111 0.10724218749999999
0 0.42795833333333333 0.8759765625 0.04570833333333329 0.10668749999999996
0 0.25477777777777777 0.2653828125 0.04251388888888891 0.1453828125
0 0.19640277777777776 0.43628125000000006 0.02805555555555554 0.12719531249999996
0 0.6749166666666666 0.4404296875 0.030305555555555624 0.12890625
0 0.8424444444444443 0.271 0.06574999999999989 0.13428125
0 0.20366666666666663 0.8706093750000001 0.06293055555555556 0.10394531250000014
0 0.3663194444444444 0.9741250000000001 0.03159722222222222 0.046812500000000055
0 0.8493888888888889 0.876953125 0.058486111111110975 0.107421875
0 0.9244861111111111 0.44116406250000006 0.14366666666666675 0.12274218750000006
0 0.7139722222222221 0.8759765625 0.056972222222222195 0.10876562499999984
0 0.222875 0.2641640625 0.03819444444444445 0.14294531250000003
0 0.36154166666666665 0.552734375 0.13194444444444445 0.04535156249999996
0 0.24456944444444445 0.437015625 0.02826388888888892 0.12634375000000003
0 0.9010416666666666 0.8754921875000001 0.05740277777777768 0.10650781249999994
0 0.6145833333333334 0.7387734375 0.03895833333333327 0.11657812500000002
0 0.3958333333333333 0.9751015625000001 0.02837499999999993 0.04525781249999987
0 0.6440972222222222 0.43432812500000006 0.046138888888888924 0.14245312499999999
0 0.16655555555555557 0.8681640625 0.05643055555555557 0.10467187500000001
0 0.3049027777777778 0.9736328125 0.030763888888888858 0.048218749999999845
0 0.25543055555555555 0.8667031250000001 0.05663888888888893 0.1012578125000001
0 0.3597222222222222 0.2778515625 0.1638888888888889 0.12914843749999996
0 0.5429722222222222 0.2736796875 0.15483333333333335 0.1298828125
0 0.33484722222222224 0.43774218749999994 0.15158333333333335 0.13025000000000003
0 0.7682361111111111 0.44018750000000006 0.17165277777777774 0.13366406249999999
0 0.7704027777777779 0.741703125 0.14887500000000006 0.12658593749999997
0 0.13530555555555557 0.7387734375000001 0.14312499999999997 0.12719531250000005
0 0.9482083333333334 0.271484375 0.10356944444444435 0.126953125
0 0.9243055555555556 0.59609375 0.15138888888888888 0.1265625
0 0.9279583333333333 0.749515625 0.1391111111111112 0.13732812499999997
0 0.6731805555555556 0.7387734375 0.06076388888888889 0.11755468750000002
0 0.8875833333333333 0.272703125 0.04893055555555558 0.1329375
0 0.014833333333333334 0.86328125 0.028722222222222222 0.10760156250000001
0 0.28125 0.865234375 0.05131944444444443 0.09685937500000001
0 0.09147222222222222 0.8681640625 0.03241666666666667 0.10247656250000006
0 0.67275 0.8759765625 0.057611111111111134 0.10931250000000006
0 0.9131944444444444 0.9765625 0.09690277777777775 0.04248437500000009
0 0.8706666666666667 0.18871875 0.14463888888888904 0.0381171875
0 0.12955555555555556 0.2067890625 0.15538888888888888 0.03283593749999998
0 0.3292083333333333 0.8740234375 0.05290277777777774 0.10876562499999984
0 0.2179861111111111 0.97265625 0.03125 0.04903906249999999
0 0.06586111111111112 0.192875 0.07140277777777777 0.04400781250000001
0 0.019458333333333334 0.97265625 0.036083333333333335 0.0534062500000001
0 0.8485277777777779 0.9775390625 0.033930555555555644 0.04257031249999983
0 0.25130555555555556 0.9736328125 0.029374999999999967 0.047421874999999857
0 0.24695833333333334 0.186890625 0.06776388888888892 0.03167968750000001
0 0.16916666666666663 0.97265625 0.03366666666666666 0.04903906249999999
0 0.27865277777777775 0.9731484375000001 0.028722222222222232 0.04751562500000013
0 0.35915277777777777 0.873046875 0.05113888888888892 0.10894531249999986
0 0.59375 0.9770546875000001 0.04668055555555557 0.043703125000000044
0 0.7908055555555555 0.9765625 0.03150000000000009 0.041382812499999845
0 0.10508333333333333 0.97265625 0.033555555555555554 0.05060156249999999
0 0.4479166666666667 0.9765625 0.0377083333333333 0.04647656249999983
0 0.7291666666666666 0.9765625 0.031736111111110986 0.04263281250000013
0 0.54775 0.9770546875000001 0.03184722222222215 0.044007812499999945
0 0.523 0.9760781250000001 0.026805555555555492 0.04428124999999987
0 0.7621527777777778 0.9770546875000001 0.02773611111111115 0.04098437500000003
0 0.5013055555555556 0.9770546875000001 0.02773611111111115 0.04510156250000001
0 0.418625 0.974609375 0.027111111111111086 0.044859375000000055
0 0.13704166666666667 0.9716796875 0.033555555555555554 0.050046874999999956
0 0.027777777777777776 0.11953125 0.05555555555555555 0.05625