0 0.58515625 0.09921875 0.75703125 0.08828125
0 0.59765625 0.1890625 0.72890625 0.07890625
0 0.5828125 0.3421875 0.74375 0.0921875
0 0.575 0.40859375 0.7421875 0.08515625
0 0.59609375 0.265625 0.73984375 0.0859375
0 0.5890625 0.70625 0.7609375 0.096875
0 0.565625 0.56015625 0.7515625 0.08671875
0 0.584375 0.63203125 0.7609375 0.09375
0 0.584375 0.4828125 0.72578125 0.084375
0 0.5953125 0.79453125 0.75859375 0.10546875
0 0.59921875 0.86953125 0.7453125 0.07890625
0 0.6015625 0.93671875 0.7453125 0.07421875