0 0.5625 0.959375 0.8125 0.08046875
0 0.57734375 0.8671875 0.78203125 0.0859375
0 0.56171875 0.7 0.79765625 0.10078125
0 0.553125 0.628125 0.79609375 0.0921875
0 0.57578125 0.78359375 0.79296875 0.09375
0 0.56875 0.30390625 0.81640625 0.10546875
0 0.54375 0.46328125 0.80625 0.09453125
0 0.56328125 0.384375 0.81640625 0.1015625
0 0.56328125 0.546875 0.77890625 0.09140625
0 0.57578125 0.2078125 0.81328125 0.115625
0 0.57890625 0.12578125 0.79921875 0.08515625
0 0.58203125 0.05234375 0.79921875 0.08125