0 0.6296875 0.45234375 0.115625 0.01796875
0 0.50078125 0.47734375 0.025 0.146875
0 0.5390625 0.48359375 0.021875 0.15078125
0 0.5203125 0.48046875 0.021875 0.15078125
0 0.47578125 0.48046875 0.0234375 0.15
0 0.64375 0.60546875 0.01953125 0.146875
0 0.56015625 0.48359375 0.0234375 0.1515625
0 0.24609375 0.7546875 0.02265625 0.1484375
0 0.62734375 0.509375 0.11015625 0.0265625
0 0.2890625 0.75390625 0.0265625 0.14609375
0 0.75625 0.7375 0.02265625 0.1609375
0 0.62578125 0.6078125 0.021875 0.15078125
0 0.14765625 0.90390625 0.0203125 0.17734375
0 0.328125 0.75234375 0.02109375 0.14765625
0 0.63125 0.47578125 0.11015625 0.03046875
0 0.63125 0.43125 0.11171875 0.025
0 0.7171875 0.734375 0.01953125 0.15546875
0 0.1265625 0.903125 0.02890625 0.18125
0 0.62734375 0.52578125 0.1125 0.01953125
0 0.6953125 0.73125 0.02265625 0.153125
0 0.73828125 0.87734375 0.0984375 0.02578125
0 0.2671875 0.75 0.02265625 0.14609375
0 0.87890625 0.91328125 0.02421875 0.159375
0 0.73671875 0.53984375 0.1015625 0.0265625
0 0.415625 0.41484375 0.10078125 0.0265625
0 0.73828125 0.85703125 0.096875 0.021875
0 0.93671875 0.8921875 0.0984375 0.02109375
0 0.31015625 0.75234375 0.0203125 0.14609375
0 0.5203125 0.58125 0.1046875 0.03125
0 0.19609375 0.90234375 0.02734375 0.1765625
0 0.63359375 0.90078125 0.03046875 0.17578125
0 0.6734375 0.60703125 0.0234375 0.14921875
0 0.77578125 0.7375 0.01875 0.16171875
0 0.73515625 0.821875 0.09375 0.0265625
0 0.7375 0.7375 0.0203125 0.153125
0 0.73359375 0.64140625 0.096875 0.03125
0 0.8328125 0.91484375 0.02109375 0.15546875
0 0.7359375 0.5984375 0.10546875 0.02109375
0 0.7390625 0.89609375 0.09921875 0.0265625
0 0.60234375 0.60546875 0.025 0.15
0 0.4140625 0.4625 0.09765625 0.03359375
0 0.60859375 0.90078125 0.02109375 0.17734375
0 0.43984375 0.60546875 0.01875 0.1546875
0 0.4234375 0.60234375 0.01953125 0.15078125
0 0.63359375 0.7234375 0.10234375 0.03046875
0 0.39453125 0.603125 0.01953125 0.15
0 0.51875 0.884375 0.1046875 0.02734375
0 0.396875 0.903125 0.0171875 0.1703125
0 0.2203125 0.90703125 0.03125 0.1734375
0 0.40703125 0.71796875 0.1140625 0.03203125
0 0.93671875 0.87421875 0.096875 0.02109375
0 0.175 0.90390625 0.0203125 0.17578125
0 0.0609375 0.86640625 0.09296875 0.03359375
0 0.7390625 0.9375 0.10390625 0.02265625
0 0.93828125 0.91328125 0.1 0.034375
0 0.73671875 0.91875 0.10234375 0.02421875
0 0.059375 0.925 0.09453125 0.0328125
0 0.37734375 0.60234375 0.0234375 0.1515625
0 0.6828125 0.903125 0.0140625 0.17734375
0 0.49453125 0.75 0.02421875 0.1640625
0 0.178125 0.73515625 0.11640625 0.03671875
0 0.41484375 0.4359375 0.09609375 0.02578125
0 0.41171875 0.515625 0.0984375 0.0375
0 0.63359375 0.77890625 0.103125 0.028125
0 0.63203125 0.6953125 0.1 0.03359375
0 0.4515625 0.90390625 0.025 0.171875
0 0.296875 0.59296875 0.1125 0.03203125
0 0.29140625 0.8453125 0.115625 0.0328125
0 0.63515625 0.75390625 0.10390625 0.03203125
0 0.43046875 0.90234375 0.0203125 0.1703125
0 0.40859375 0.60390625 0.015625 0.15
0 0.83671875 0.8125 0.0984375 0.025
0 0.06015625 0.95 0.09765625 0.03046875
0 0.83671875 0.78671875 0.1 0.02578125
0 0.3484375 0.48046875 0.0234375 0.1359375
0 0.8546875 0.915625 0.02734375 0.15234375
0 0.290625 0.875 0.1140625 0.0359375
0 0.83515625 0.71328125 0.09375 0.0296875
0 0.83515625 0.7390625 0.09765625 0.02890625
0 0.40703125 0.74609375 0.11328125 0.034375
0 0.06015625 0.896875 0.0953125 0.03515625
0 0.2890625 0.909375 0.11796875 0.03359375
0 0.471875 0.75234375 0.021875 0.171875
0 0.628125 0.49375 0.11171875 0.01953125
0 0.41484375 0.48671875 0.09609375 0.028125
0 0.36171875 0.6015625 0.0203125 0.15
0 0.7390625 0.61796875 0.1015625 0.025
0 0.6265625 0.415625 0.10859375 0.0203125
0 0.93515625 0.85546875 0.09375 0.02734375
0 0.415625 0.90546875 0.0171875 0.16875
0 0.41015625 0.68828125 0.11640625 0.02421875
0 0.58203125 0.9 0.0140625 0.175
0 0.83125 0.68671875 0.09296875 0.02890625
0 0.7375 0.84140625 0.0953125 0.0203125
0 0.63359375 0.8 0.10390625 0.02109375
0 0.52109375 0.8453125 0.1 0.03046875
0 0.83671875 0.7609375 0.09765625 0.025
0 0.5140625 0.75078125 0.01953125 0.1625
0 0.28984375 0.94140625 0.12109375 0.03125
0 0.521875 0.94921875 0.1046875 0.0296875
0 0.93984375 0.94296875 0.1 0.03046875
0 0.34375 0.7515625 0.01484375 0.14609375
0 0.5171875 0.5609375 0.1046875 0.0234375
0 0.35390625 0.9046875 0.0140625 0.1671875
0 0.2953125 0.65859375 0.11328125 0.04453125
0 0.3703125 0.90546875 0.01796875 0.171875
0 0.45546875 0.60703125 0.01875 0.15625
0 0.93828125 0.9671875 0.103125 0.0296875
0 0.1609375 0.9046875 0.01484375 0.1765625
0 0.7390625 0.95390625 0.1015625 0.01953125
0 0.59296875 0.90078125 0.0140625 0.171875
0 0.696875 0.46171875 0.0203125 0.13828125
0 0.740625 0.975 0.1015625 0.03046875
0 0.17578125 0.70390625 0.1125 0.0375
0 0.384375 0.9046875 0.0125 0.17109375
0 0.51953125 0.9171875 0.1046875 0.0421875
0 0.0609375 0.97890625 0.1 0.03046875
0 0.81015625 0.9109375 0.02734375 0.15859375
0 0.6734375 0.9 0.0109375 0.17421875
0 0.2953125 0.62109375 0.115625 0.0359375
0 0.06015625 0.83828125 0.0953125 0.03828125
0 0.29765625 0.56484375 0.11171875 0.04140625
0 0.2328125 0.6203125 0.025 0.15078125
0 0.83046875 0.6625 0.09140625 0.02734375
0 0.515625 0.628125 0.103125 0.03125
0 0.52265625 0.865625 0.10390625 0.02421875
0 0.28984375 0.97265625 0.11953125 0.03828125