0 0.5810106382978724 0.10485818847209513 0.03581560283687951 0.09418115279048489
0 0.800531914893617 0.4775388838060385 0.051187943262411356 0.13000914913083253
0 0.6392021276595744 0.10668801463860933 0.046507092198581595 0.09106129917657822
0 0.14099290780141843 0.3046843549862763 0.050390070921985795 0.10992680695333941
0 0.1151418439716312 0.10467520585544372 0.03507092198581561 0.09845379688929554
0 0.7664716312056737 0.09967063129002744 0.03214539007092198 0.09704483074107959
0 0.42156028368794324 0.10778591033851784 0.03459219858156027 0.09185727355901188
0 0.37306737588652483 0.48633119853613904 0.03679078014184397 0.10913083257090574
0 0.49157801418439717 0.10559011893870082 0.04831560283687943 0.09332113449222323
0 0.1920921985815603 0.3029826166514181 0.04695035460992906 0.11182067703568163
0 0.1499822695035461 0.1054071363220494 0.03507092198581561 0.09637694419030192
0 0.4832978723404255 0.4885269899359561 0.043847517730496485 0.11340347666971642
0 0.5881028368794327 0.3029826166514181 0.06398936170212771 0.10796889295516925
0 0.4518439716312057 0.10687099725526075 0.03636524822695039 0.09137236962488564
0 0.25076241134751776 0.10613906678865508 0.03280141843971631 0.09466605672461116
0 0.9235460992907801 0.09301921317474841 0.0384929078014185 0.10967978042086003
0 0.8681914893617022 0.4775388838060385 0.05778368794326247 0.12548947849954256
0 0.8530496453900709 0.09106129917657822 0.04189716312056737 0.11535224153705396
0 0.8885460992907801 0.09722781335773101 0.037854609929078055 0.10088746569075939
0 0.7215248226950355 0.1054071363220494 0.027039007092198582 0.08831655992680695
0 0.5516666666666666 0.4763220494053065 0.058670212765957505 0.1329368709972552
0 0.2661347517730496 0.31128087831655993 0.03648936170212763 0.0935041171088747
0 0.6051418439716312 0.10522415370539799 0.02203900709219849 0.09301921317474839
0 0.20179078014184398 0.10668801463860933 0.027996453900709206 0.09466605672461116
0 0.20427304964539006 0.475096065873742 0.04650709219858154 0.13000914913083253
0 0.5370035460992908 0.10143641354071363 0.03241134751773045 0.09875571820677036
0 0.7243617021276596 0.4851052150045746 0.04001773049645399 0.11694419030192126
0 0.05283687943262411 0.30541628545288196 0.03601063829787233 0.10522415370539798
0 0.7565425531914893 0.486569075937786 0.05127659574468078 0.11242451967063123
0 0.3423049645390071 0.10796889295516927 0.029663120567375918 0.0895974382433669
0 0.3950709219858156 0.10687099725526075 0.0292198581560284 0.09057639524245197
0 0.4944148936170213 0.7128911253430924 0.02714539007092189 0.1242086001829826
0 0.31652482269503546 0.30737419945105215 0.05127659574468088 0.10504117108874662
0 0.822304964539007 0.7119121683440073 0.05234042553191486 0.1248764867337603
0 0.23904255319148934 0.48633119853613904 0.03565602836879435 0.1163311985361391
0 0.08202127659574468 0.10559011893870082 0.03290780141843972 0.09283623055809696
0 0.36124113475177305 0.9208966148215919 0.03601063829787234 0.13293687099725532
0 0.6287943262411347 0.29858188472095154 0.046595744680851016 0.11474839890210427
0 0.4684042553191489 0.7119121683440073 0.02909574468085106 0.1248764867337603
0 0.1422872340425532 0.48437328453796885 0.04219858156028371 0.11797804208600188
0 0.2325354609929078 0.3068892955169259 0.03714539007092196 0.10229643183897535
0 0.5015248226950355 0.3071271729185727 0.05069148936170218 0.10321134492223244
0 0.3420744680851064 0.4848673376029278 0.028546099290780183 0.10650503202195793
0 0.17588652482269504 0.10778591033851784 0.024078014184397187 0.09533394327538883
0 0.6760992907801419 0.1035773101555352 0.022127659574468116 0.09252516010978955
0 0.7144326241134752 0.7021500457456542 0.05225177304964544 0.14123513266239698
0 0.07368794326241135 0.48217749313815184 0.0373404255319149 0.11859103385178403
0 0.7778191489361702 0.3024885635864593 0.06292553191489364 0.10760292772186643
0 0.08593971631205674 0.30614821591948765 0.027039007092198582 0.10723696248856363
0 0.6959751773049645 0.10302836230558098 0.022570921985815635 0.09252516010978958
0 0.5313297872340426 0.706056724611162 0.04964539007092199 0.13684354986276298
0 0.6737411347517731 0.4807136322049405 0.05429078014184398 0.13183897529734673
0 0.5403191489361703 0.30591033851784083 0.051666666666666645 0.10052150045745654
0 0.20143617021276597 0.7128911253430924 0.039095744680851086 0.12402561756633115
0 0.8232446808510638 0.08990850869167427 0.030815602836879424 0.1196248856358646
0 0.3971985815602837 0.3076212259835316 0.04237588652482265 0.10449222323879234
0 0.7432801418439716 0.10193046660567245 0.020248226950354536 0.09270814272644097
0 0.31131205673758866 0.7094693504117109 0.053758865248226935 0.1279322964318389
0 0.4251063829787234 0.4873010064043916 0.028439716312056773 0.1165782250686185
0 0.9055673758865248 0.30127172918572737 0.04427304964539012 0.10376029277218661
0 0.6671099290780141 0.7021500457456542 0.05778368794326247 0.1444098810612991
0 0.6988120567375886 0.3066422689844465 0.047606382978723445 0.10339432753888379
0 0.45586879432624117 0.30737419945105215 0.0530496453900709 0.10247941445562671
0 0.3718794326241135 0.10723696248856358 0.031312056737588696 0.09124428179322963
0 0.22354609929078012 0.9223604757548032 0.044769503546099265 0.13403476669716366
0 0.9382269503546099 0.3015096065873742 0.04260638297872336 0.10485818847209516
0 0.8327127659574468 0.4855992680695334 0.03539007092198588 0.11145471180237872
0 0.8700886524822695 0.7133760292772187 0.047783687943262494 0.12213174748398903
0 0.25478723404255316 0.9204117108874657 0.04125886524822692 0.13342177493138146
0 0.17056737588652482 0.48437328453796885 0.031436170212765936 0.11676120768526996
0 0.7953368794326241 0.09601097895699909 0.026329787234042595 0.10174748398902102
0 0.5970921985815603 0.7114272644098811 0.05203900709219862 0.12683440073193036
0 0.11367021276595744 0.9194327538883806 0.059556737588652486 0.1368435498627631
0 0.1880673758865248 0.9213906678865509 0.04462765957446811 0.13366880146386095
0 0.30115248226950353 0.1135864592863678 0.02372340425531914 0.08386093321134493
0 0.7271985815602837 0.3066422689844465 0.041578014184397244 0.10088746569075936
0 0.33143617021276595 0.922854528819762 0.03893617021276592 0.1329368709972552
0 0.23195035460992908 0.10931381518755719 0.021223404255319173 0.09533394327538885
0 0.4080673758865248 0.48633119853613904 0.02033687943262416 0.1139524245196706
0 0.28363475177304964 0.9228545288197622 0.03648936170212763 0.13342177493138155
0 0.3203014184397163 0.11596523330283623 0.02820921985815607 0.07574565416285454
0 0.7792375886524823 0.7094693504117109 0.0459219858156028 0.12878316559926806
0 0.36359929078014186 0.3022415370539799 0.036702127659574445 0.11218664226898445
0 0.04140070921985816 0.4787557182067703 0.03546099290780142 0.1263403476669716
0 0.8289184397163121 0.9155260750228728 0.05468085106382985 0.14538883806038433
0 0.27914893617021275 0.48681610247026535 0.02104609929078015 0.1145654162854529
0 0.3740070921985816 0.7124062214089661 0.03565602836879435 0.12573650503202202
0 0.9022517730496454 0.7138700823421775 0.04101063829787243 0.12231473010064049
0 0.31700354609929077 0.48925892040256175 0.025833333333333323 0.11010978956999082
0 0.44189716312056737 0.7143549862763037 0.026932624113475172 0.12316559926806943
0 0.46273049645390074 0.9213906678865509 0.04303191489361699 0.13342177493138155
0 0.40664893617021275 0.9213906678865509 0.03418439716312062 0.13183897529734678
0 0.26684397163120566 0.7124062214089661 0.033156028368794305 0.12377859103385175
0 0.6538652482269504 0.3078591033851784 0.03941489361702131 0.10052150045745654
0 0.4461702127659574 0.47900274473924975 0.0214539007092199 0.12768526989935952
0 0.9505141843971632 0.6972644098810613 0.05429078014184378 0.14978042086001833
0 0.7787765957446808 0.922854528819762 0.052553191489361675 0.13049405306495873
0 0.4958333333333333 0.9213906678865507 0.04427304964539012 0.13403476669716366
0 0.5142907801418439 0.48901189387008237 0.023280141843971622 0.1083989021043001
0 0.5956737588652482 0.9101555352241537 0.06269503546099293 0.15453796889295515
0 0.8752836879432625 0.3046843549862763 0.04312056737588661 0.10229643183897524
0 0.23645390070921987 0.71483989021043 0.032021276595744684 0.12231473010064049
0 0.07824468085106383 0.9179688929551694 0.06150709219858155 0.14367795059469357
0 0.049822695035460995 0.10876486733760292 0.01888297872340426 0.09057639524245197
0 0.9595035460992907 0.9213906678865508 0.047606382978723244 0.13097895699908516
0 0.2947517730496454 0.48706312900274473 0.020797872340425565 0.1093138151875572
0 0.09450354609929078 0.710448307410796 0.03214539007092198 0.1246294602012809
0 0.4161170212765957 0.707035681610247 0.025833333333333323 0.1339066788655079
0 0.7508510638297873 0.706056724611162 0.03418439716312052 0.13817932296431837
0 0.11060283687943265 0.30493138151875576 0.020726950354609936 0.10650503202195788
0 0.8970567375886526 0.9218755718206771 0.03955673758865249 0.13183897529734678
0 0.14253546099290781 0.715818847209515 0.028333333333333315 0.1196248856358646
0 0.615549645390071 0.486569075937786 0.028333333333333367 0.11419945105214999
0 0.3856028368794326 0.9223604757548033 0.03156028368794328 0.13097895699908516