0 0.8416668749999999 0.1697777 0.25 0.11475052187499998 0.24 0.15863484375 0.8383331249999999 0.20692055781250002 0.8416668749999999 0.1697777
0 0.9333331250000001 0.21806341406250002 0.197916875 0.161207665625 0.185 0.190206271875 0.931666875 0.242205575 0.9333331250000001 0.21806341406250002
0 0.853333125 0.372205575 0.8708331250000001 0.244831359375 0.21333312499999998 0.19763484375 0.205 0.340634146875 0.853333125 0.372205575
0 0.846666875 0.392634146875 0.208333125 0.35400696875 0.201666875 0.46134773593749995 0.833333125 0.5040620203125 0.846666875 0.392634146875
0 0.861666875 0.5207763062499999 0.2 0.49105714218749996 0.21333312499999998 0.61177630625 0.846666875 0.650775609375 0.861666875 0.5207763062499999
0 0.903333125 0.7789184671875 0.9104168749999999 0.66759581875 0.126666875 0.6359184671875 0.13 0.7473470390625 0.903333125 0.7789184671875
0 0.9650000000000001 0.8030613234375 0.002083125 0.7558655046875 0 0.7863470390625 0.9650000000000001 0.8197749125 0.9650000000000001 0.8030613234375
0 0 0.8160613234375 0.97 0.8569177703124999 0.97 0.8290606265625 0 0.7860627171875 0 0.8160613234375
0 0.9979168749999999 0.88362369375 0 0.8513463421875 0.003333125 0.8792034843750001 0.9966668750000001 0.9089177703125 0.9979168749999999 0.88362369375
0 0.9983337499999999 0.918203484375 0.004166875 0.8859463421875 0.003333125 0.9107749125 0.9966668750000001 0.9404891984375 0.9983337499999999 0.918203484375
0 0.9949999999999999 0.9479177703125 0.004166875 0.9207895468749999 0.001666875 0.9479177703125 0.993333125 0.9794891984375 0.9949999999999999 0.9479177703125