0 0.081875 0.2050764525993884 0.02103260869565218 0.10034658511722731
0 0.4220516304347826 0.18640163098878695 0.018532608695652156 0.10950050968399594
0 0.18775815217391303 0.19933741080530074 0.02088315217391305 0.10431192660550458
0 0.3083288043478261 0.4003873598369011 0.1356114130434783 0.018725790010193685
0 0.22778532608695654 0.19739041794087664 0.021195652173913074 0.10540265035677877
0 0.43800271739130436 0.18627930682976557 0.018668478260869578 0.11126401630988784
0 0.36282608695652174 0.18872579001019366 0.022798913043478225 0.10992864424057087
0 0.1610733695652174 0.30029561671763505 0.10747282608695652 0.013690112130479052
0 0.06171195652173913 0.20593272171253824 0.02495923913043479 0.09930682976554538
0 0.169375 0.19933741080530074 0.02161684782608697 0.1022935779816514
0 0.10372282608695653 0.20483180428134556 0.021861413043478266 0.09912334352701326
0 0.40415760869565215 0.18799184505606523 0.021535326086956554 0.10931702344546382
0 0.2464945652173913 0.19531090723751274 0.019184782608695657 0.10540265035677883
0 0.3247554347826087 0.1918960244648318 0.0210326086956522 0.10687054026503572
0 0.278383152173913 0.19518858307849132 0.019864130434782613 0.10650356778797147
0 0.15245923913043477 0.20068297655453618 0.02914402173913042 0.10339449541284404
0 0.30019021739130436 0.19336391437308867 0.023057065217391343 0.10449541284403668
0 0.4955978260869565 0.17968399592252804 0.018967391304347877 0.11675840978593274
0 0.2629347826086957 0.1948216106014271 0.02080163043478261 0.10742099898063201
0 0.9371875 0.16503567787971457 0.0280434782608697 0.10394495412844035
0 0.6905163043478261 0.17798165137614677 0.018315217391304373 0.09967380224260959
0 0.4243342391304348 0.3244648318042814 0.029211956521739132 0.11065239551478079
0 0.9586548913043479 0.16174311926605503 0.027105978260869627 0.10668705402650358
0 0.3073505434782609 0.41454638124362897 0.13285326086956525 0.015249745158002075
0 0.12683423913043476 0.20434250764525994 0.02463315217391304 0.09808358817533126
0 0.3690217391304348 0.4824260958205912 0.03336956521739123 0.1055861365953109
0 0.3045788043478261 0.4279816513761468 0.12796195652173914 0.01717635066258922
0 0.6749048913043478 0.178348623853211 0.01903532608695651 0.1001630988786952
0 0.5141440217391304 0.17847094801223243 0.02202445652173918 0.11475025484199795
0 0.7080978260869565 0.17847094801223243 0.020394021739130422 0.09771661569826709
0 0.4360461956521739 0.483394495412844 0.03274456521739134 0.10760448521916417
0 0.4015625 0.48412844036697245 0.03336956521739123 0.1052293577981651
0 0.3979755434782609 0.32519877675840975 0.025584239130434838 0.10797145769622829
0 0.2627717391304348 0.33617737003058107 0.016005434782608657 0.08386340468909274
0 0.9059375 0.3144546381243629 0.023342391304347912 0.12000000000000002
0 0.07789402173913043 0.33374108053007134 0.024524456521739135 0.09332313965341484
0 0.924171195652174 0.3122528032619776 0.02463315217391319 0.12292558613659535
0 0.6755570652173912 0.5014678899082569 0.017690217391304323 0.09753312945973491
0 0.7217663043478261 0.32763506625891947 0.02032608695652179 0.09912334352701326
0 0.5541711956521739 0.6406218144750255 0.023614130434782603 0.10540265035677888
0 0.9430434782608696 0.31469928644240575 0.02463315217391319 0.1252395514780836
0 0.7458423913043479 0.6547808358817534 0.031154891304347912 0.11279306829765555
0 0.5997282608695652 0.18347604485219166 0.017894021739130378 0.09637104994903162
0 0.09933423913043478 0.33325178389398574 0.020638586956521737 0.09301732925586137
0 0.9124456521739129 0.16638124362895004 0.031222826086956545 0.10284403669724769
0 0.7510461956521739 0.3256880733944954 0.01933423913043481 0.10540265035677877
0 0.29612771739130433 0.3261671763506626 0.0220244565217391 0.10192660550458717
0 0.5688858695652174 0.3306523955147808 0.018722826086956485 0.09172273190621816
0 0.5447418478260869 0.3312945973496432 0.025203804347826025 0.09387359836901124
0 0.5889945652173914 0.3312945973496432 0.020394021739130422 0.09436289500509677
0 0.6827173913043478 0.32983690112130476 0.022894021739130466 0.09655453618756374
0 0.6465896739130435 0.3310499490316004 0.021861413043478304 0.09552497451580023
0 0.8193885869565218 0.32422018348623854 0.020801630434782534 0.10034658511722726
0 0.836304347826087 0.3239755351681957 0.020801630434782534 0.10051987767584099
0 0.7477989130434782 0.17737003058103976 0.025163043478260844 0.09930682976554538
0 0.6641576086956522 0.32885830784913356 0.02221467391304351 0.095158002038736
0 0.6068885869565218 0.3303261977573904 0.020638586956521814 0.09485219164118242
0 0.6924728260869566 0.5024464831804281 0.019864130434782613 0.09808358817533132
0 0.7959510869565218 0.17395514780835883 0.025203804347826025 0.09967380224260959
0 0.771875 0.17663608562691133 0.026073369565217466 0.09912334352701326
0 0.7028804347826088 0.32885830784913356 0.02202445652173918 0.09771661569826709
0 0.8844701086956522 0.1688277268093782 0.030855978260869613 0.10376146788990828
0 0.5831385869565218 0.18372069317023446 0.019864130434782613 0.09912334352701326
0 0.7621059782608696 0.5029255861365953 0.019932065217391402 0.09967380224260955
0 0.8415081521739131 0.1721202854230377 0.02398097826086969 0.09997961264016308
0 0.8616847826086957 0.17089704383282364 0.026779891304347877 0.10174311926605505
0 0.7438858695652174 0.503414882772681 0.01970108695652174 0.0984505606523955
0 0.8740489130434782 0.31469928644240575 0.02186141304347815 0.11840978593272168
0 0.5219565217391304 0.3330071355759429 0.02177989130434779 0.09234454638124366
0 0.855828804347826 0.3210499490316004 0.022296195652174024 0.10821610601427112
0 0.631616847826087 0.18164118246687053 0.0205570652173913 0.09808358817533132
0 0.7796875 0.5004892966360857 0.02111413043478256 0.10504587155963298
0 0.7263179347826088 0.49462793068297656 0.016630434782608707 0.11199796126401626
0 0.7952989130434783 0.503414882772681 0.020951086956521838 0.10051987767584093
0 0.535625 0.18078491335372068 0.020475543478260937 0.11029561671763506
0 0.5652309782608695 0.18444444444444444 0.018532608695652156 0.09790010193679921
0 0.8428125 0.5063506625891947 0.023247282608695515 0.10522935779816515
0 0.9189538043478261 0.5073292558613659 0.02864130434782599 0.10467889908256875
0 0.8896739130434782 0.31469928644240575 0.020720108695652172 0.11859327217125386
0 0.20760869565217394 0.19812436289500512 0.02221467391304351 0.1046788990825688
0 0.6147010869565218 0.18347604485219166 0.018111413043478318 0.09875637104994903
0 0.8610326086956522 0.5043934760448522 0.023695652173913118 0.10394495412844033
0 0.7276222826086957 0.1770030581039755 0.019633152173913104 0.09790010193679921
0 0.3377717391304348 0.32983690112130476 0.018532608695652156 0.09039755351681952
0 0.8799048913043478 0.505861365953109 0.02485054347826082 0.10376146788990823
0 0.7699184782608696 0.6572273190621815 0.03139945652173899 0.11297655453618749
0 0.8291440217391305 0.6601529051987768 0.033559782608695715 0.11633027522935792