0 0.11092696629213483 0.580568720379147 0.03818820224719101 0.15946287519747243
0 0.6671348314606742 0.8012480252764613 0.03900280898876402 0.16710900473933646
0 0.27497191011235955 0.5835308056872038 0.034311797752809 0.1627883096366508
0 0.5556601123595506 0.5899526066350711 0.0399157303370786 0.1627883096366508
0 0.0525561797752809 0.5810663507109005 0.03804775280898877 0.1601974723538704
0 0.7162921348314607 0.5983412322274881 0.040126404494381936 0.16797788309636658
0 0.7496488764044944 0.5973538704581358 0.04178370786516854 0.17155608214849927
0 0.4955196629213483 0.5879778830963666 0.02904494382022465 0.15810426540284367
0 0.6504634831460674 0.5953791469194313 0.03703651685393259 0.16315955766192727
0 0.5236095505617978 0.5889652448657188 0.03185393258426959 0.1611848341232227
0 0.9410112359550562 0.8125987361769352 0.04772471910112362 0.17217219589257488
0 0.8532303370786517 0.8076619273301737 0.05258426966292142 0.16958135860979467
0 0.9006320224719101 0.6008135860979463 0.03755617977528091 0.16933649289099517
0 0.7904634831460673 0.37421011058451814 0.041235955056179635 0.16045023696682473
0 0.7794943820224719 0.5973538704581358 0.045533707865168645 0.17291469194312803
0 0.78125 0.8037124802527646 0.04657303370786528 0.16637440758293848
0 0.7544803370786518 0.3739652448657188 0.03974719101123589 0.15883886255924173
0 0.24051966292134833 0.7898894154818326 0.037120786516853944 0.17131121642969993
0 0.8997612359550562 0.8081595576619274 0.04948033707865171 0.16908372827804102
0 0.08098314606741573 0.580568720379147 0.029592696629213475 0.15946287519747243
0 0.819002808988764 0.8066745655608215 0.0490168539325844 0.16822274881516572
0 0.7136657303370787 0.3732227488151659 0.04314606741573038 0.15946287519747243
0 0.7435112359550562 0.8032227488151659 0.04492977528089889 0.16550552922590836
0 0.6811797752808989 0.5968641390205371 0.0378230337078651 0.16526066350710902
0 0.24161516853932585 0.5825434439178515 0.028370786516853916 0.16093996840442337
0 0.6201685393258427 0.5948894154818325 0.03738764044943821 0.1601974723538704
0 0.17786516853932582 0.5810663507109005 0.033848314606741606 0.1611848341232227
0 0.9278511235955056 0.6018009478672985 0.04772471910112362 0.17217219589257507
0 0.9629634831460674 0.6027883096366509 0.050252808988764004 0.17155608214849927
0 0.7004915730337079 0.8027251184834123 0.053707865168539336 0.16908372827804102
0 0.9775280898876404 0.8191153238546603 0.0449438202247191 0.16903633491311215
0 0.8067134831460674 0.5988388625592417 0.03790730337078653 0.16637440758293828
0 0.5903230337078652 0.5914296998420221 0.03264044943820226 0.16093996840442337
0 0.0175561797752809 0.5781990521327014 0.0351123595505618 0.15955766192733017
0 0.4511938202247191 0.7938388625592417 0.03470505617977533 0.16686413902053712
0 0.8786938202247191 0.599826224328594 0.03698033707865158 0.16797788309636658
0 0.8295365168539326 0.599826224328594 0.03848314606741586 0.16501579778830971
0 0.9691011235955056 0.3696682464454976 0.06179775280898876 0.17851500789889416
0 0.2107865168539326 0.5820537124802527 0.03425561797752807 0.15946287519747226
0 0.8927387640449438 0.3722353870458136 0.06441011235955042 0.16995260663507117
0 0.9296067415730337 0.3690284360189574 0.06797752808988777 0.17439178515007897
0 0.37429775280898875 0.9593206951026856 0.037921348314606744 0.08135860979462875
0 0.8541151685393258 0.5993285939968405 0.03698033707865158 0.16526066350710902
0 0.40519662921348315 0.9601105845181674 0.04353932584269663 0.07977883096366509
0 0.8321629213483146 0.3722353870458136 0.06352528089887644 0.16846761453396522
0 0.4431179775280899 0.9624802527646129 0.037921348314606744 0.0750394944707741
0 0.2903370786516854 0.14070300157977883 0.038398876404494346 0.15859399684044231
0 0.5646067415730337 0.9632701421800948 0.047752808988764044 0.07345971563981042
0 0.5670505617977528 0.3719036334913112 0.17758426966292143 0.16777251184834122
0 0.39325842696629215 0.13983412322274882 0.18290730337078653 0.15760663507109007
0 0.7751123595505618 0.12860189573459715 0.19585674157303376 0.1726619273301738
0 0.3769241573033708 0.3691785150078989 0.1660814606741573 0.1623222748815166
0 0.5881320224719101 0.13612954186413903 0.19113764044943823 0.16612164296998422
0 0.21210674157303372 0.3692733017377567 0.16546348314606743 0.15810426540284367
0 0.9318820224719101 0.13270142180094788 0.13623595505617977 0.17377567140600317
0 0.06460674157303371 0.3696682464454976 0.12921348314606743 0.16113744075829384
0 0.06601123595505617 0.9490521327014217 0.13202247191011235 0.1018957345971564
0 0.6938202247191011 0.9652448657187994 0.1853932584269663 0.06951026856240126