0 0.30468518518518517 0.10705208333333334 0.037055555555555536 0.15917708333333333
0 0.33985185185185185 0.10705208333333331 0.04392592592592587 0.15637500000000001
0 0.3131481481481481 0.307125 0.04249999999999998 0.1618645833333333
0 0.8888888888888888 0.10796875 0.05229629629629631 0.1584479166666667
0 0.4027777777777778 0.30615625 0.04950000000000004 0.1618645833333333
0 0.45355555555555555 0.5214895833333333 0.03805555555555558 0.1571041666666666
0 0.5130185185185184 0.30541666666666667 0.035814814814814876 0.16344791666666664
0 0.5963518518518518 0.5214895833333333 0.03727777777777777 0.1553958333333334
0 0.8385370370370371 0.10651041666666666 0.049425925925926026 0.16052083333333336
0 0.7482592592592593 0.10504166666666667 0.04051851851851851 0.1605208333333333
0 0.6284814814814814 0.30492708333333335 0.05112962962962966 0.1623541666666667
0 0.6315185185185185 0.5205104166666666 0.03844444444444443 0.15612499999999999
0 0.7851481481481482 0.51953125 0.037759259259259235 0.15381250000000002
0 0.5768148148148149 0.10796875 0.0419629629629629 0.1584479166666667
0 0.6705740740740741 0.521 0.040018518518518544 0.1571041666666667
0 0.5052037037037037 0.10796875 0.04051851851851851 0.15893749999999998
0 0.6744814814814816 0.3024895833333333 0.045703703703703615 0.16137499999999996
0 0.0524074074074074 0.3068854166666667 0.054629629629629625 0.1594270833333333
0 0.9513888888888888 0.30176041666666664 0.03916666666666673 0.15734375000000003
0 0.1622222222222222 0.30541666666666667 0.03946296296296297 0.16211458333333334
0 0.23111111111111113 0.106875 0.038444444444444455 0.15868749999999998
0 0.41233333333333333 0.10742708333333333 0.03735185185185188 0.15893750000000004
0 0.6171851851851852 0.10668749999999999 0.04138888888888893 0.16101041666666666
0 0.7460925925925925 0.5229479166666666 0.04051851851851851 0.1558854166666667
0 0.9383703703703704 0.10742708333333333 0.050370370370370454 0.15868750000000004
0 0.4479259259259259 0.30541666666666667 0.037055555555555536 0.16211458333333334
0 0.347 0.5234375 0.038703703703703664 0.1571041666666666
0 0.02451851851851852 0.10651041666666666 0.042351851851851856 0.15686458333333336
0 0.6562592592592592 0.10595833333333333 0.043074074074074056 0.1605208333333333
0 0.37694444444444447 0.10723958333333332 0.03431481481481476 0.1579583333333333
0 0.03209259259259259 0.521 0.041555555555555554 0.15430208333333334
0 0.26301851851851854 0.30615625 0.04366666666666664 0.16296874999999997
0 0.09494444444444446 0.30615625 0.033277777777777774 0.16003124999999999
0 0.1162037037037037 0.10779166666666667 0.034666666666666665 0.15979166666666667
0 0.2708333333333333 0.10632291666666666 0.04048148148148151 0.1584479166666667
0 0.8537407407407407 0.3051770833333334 0.05555555555555555 0.15893750000000004
0 0.5251666666666667 0.5205104166666666 0.031740740740740715 0.15771874999999996
0 0.3554629629629629 0.307125 0.04792592592592592 0.1618645833333333
0 0.41861111111111116 0.5214895833333333 0.03490740740740745 0.1566145833333333
0 0.3098888888888889 0.5229479166666666 0.03955555555555558 0.1568645833333333
0 0.5481851851851851 0.30492708333333335 0.039685185185185094 0.16259375000000004
0 0.22570370370370368 0.30590625 0.03735185185185188 0.16211458333333334
0 0.19607407407407407 0.30444791666666665 0.03348148148148145 0.16320833333333337
0 0.7899259259259259 0.10559375 0.048018518518518426 0.16003124999999999
0 0.12435185185185187 0.30054166666666665 0.033277777777777774 0.16052083333333336
0 0.7634629629629629 0.30346875 0.04290740740740733 0.1584479166666667
0 0.21007407407407408 0.521 0.03559259259259259 0.15734375000000006
0 0.4900185185185185 0.5224583333333334 0.03740740740740744 0.1571041666666667
0 0.5868148148148148 0.3024895833333333 0.0419629629629629 0.16162499999999996
0 0.3524259259259259 0.7456041666666666 0.02377777777777773 0.1571041666666666
0 0.4787407407407407 0.3051770833333334 0.036074074074074106 0.16296875000000002
0 0.542537037037037 0.10779166666666669 0.036481481481481566 0.1579583333333333
0 0.12272222222222222 0.7509791666666668 0.025777777777777768 0.15637499999999988
0 0.3027407407407407 0.7451145833333332 0.021425925925925914 0.15661458333333325
0 0.1496296296296296 0.10376041666666666 0.03587037037037038 0.161375
0 0.9809074074074076 0.10821875 0.03622222222222212 0.161375
0 0.7092037037037038 0.51953125 0.03657407407407407 0.15503124999999998
0 0.9088518518518518 0.30151041666666667 0.050944444444444424 0.15734375000000003
0 0.7191851851851853 0.30273958333333334 0.04685185185185177 0.15868750000000004
0 0.13855555555555554 0.521 0.03844444444444443 0.15686458333333336
0 0.5603333333333333 0.521 0.03844444444444443 0.15612499999999999
0 0.24262962962962964 0.5214895833333333 0.03581481481481479 0.1553958333333334
0 0.17166666666666666 0.5205104166666666 0.038351851851851866 0.15478125000000004
0 0.17996296296296296 0.7478958333333333 0.014833333333333316 0.15414583333333334
0 0.21972222222222224 0.7475625 0.021666666666666647 0.15454166666666655
0 0.16048148148148147 0.7490208333333332 0.02359259259259261 0.15283333333333335
0 0.28385185185185186 0.7456041666666666 0.022018518518518493 0.15637499999999988
0 0.14366666666666666 0.74853125 0.02396296296296296 0.15405208333333345
0 0.24305555555555555 0.7470729166666668 0.027111111111111086 0.1540520833333332
0 0.2669259259259259 0.7475625 0.020296296296296257 0.15612499999999987
0 0.33614814814814814 0.7475625 0.023407407407407384 0.15478124999999993
0 0.10070370370370371 0.7495104166666666 0.026185185185185186 0.1571041666666666
0 0.0387037037037037 0.7495104166666666 0.024703703703703707 0.1545416666666668
0 0.204 0.7495104166666666 0.021851851851851872 0.15381250000000007
0 0.3172777777777778 0.7451145833333332 0.0190925925925926 0.15661458333333325
0 0.3726111111111111 0.7441458333333333 0.020851851851851837 0.16235416666666655
0 0.08018518518518518 0.7509791666666668 0.023055555555555562 0.15478124999999993
0 0.016351851851851854 0.7470729166666668 0.027203703703703706 0.1584479166666668
0 0.05994444444444444 0.7495104166666666 0.027111111111111114 0.15612500000000012
0 0.3899814814814815 0.7431666666666668 0.027740740740740774 0.16772916666666665
0 0.8588703703703704 0.6951145833333333 0.2822592592592592 0.009770833333333447