0 0.5403611111111111 0.12621875 0.049236111111111175 0.146609375
0 0.594625 0.125734375 0.05686111111111119 0.14709374999999997
0 0.6471388888888889 0.125125 0.053708333333333275 0.14611718750000002
0 0.3849861111111111 0.12432812499999998 0.052819444444444405 0.14807031249999997
0 0.3385416666666667 0.12347656250000001 0.051319444444444466 0.14978125000000003
0 0.8155416666666667 0.411625 0.04343055555555553 0.13659374999999999
0 0.2888472222222222 0.12158593749999999 0.05393055555555553 0.1485625
0 0.8576388888888888 0.4111328125 0.04291666666666679 0.13842968750000004
0 0.43858333333333327 0.124203125 0.05870833333333331 0.14709375000000002
0 0.7790833333333335 0.4111328125 0.03734722222222236 0.13550000000000004
0 0.6697083333333333 0.4106484375 0.03762500000000005 0.134765625
0 0.5130277777777777 0.5922890625 0.03412500000000007 0.11553906250000008
0 0.4791666666666667 0.5927734375 0.0356666666666666 0.11798437499999999
0 0.49522222222222223 0.125609375 0.04838888888888893 0.14635937499999999
0 0.8975694444444444 0.4111328125 0.04598611111111097 0.1396484375
0 0.7400138888888889 0.41039843749999994 0.03848611111111116 0.1357421875
0 0.3834583333333333 0.40991406250000006 0.03008333333333329 0.13428125000000005
0 0.6037361111111111 0.40844531249999994 0.030652777777777848 0.13428125000000005
0 0.5651111111111111 0.6513671875 0.03261111111111114 0.14709374999999997
0 0.4116805555555556 0.5947265625 0.03090277777777778 0.11901562499999993
0 0.44140277777777776 0.40942187499999994 0.02773611111111115 0.13391406250000001
0 0.3732638888888889 0.5947265625 0.034916666666666644 0.12066406250000003
0 0.6228333333333333 0.65234375 0.03204166666666674 0.14733593749999993
0 0.7061666666666666 0.41137499999999994 0.03836111111111112 0.13428125000000005
0 0.8867222222222223 0.6586953125 0.04077777777777764 0.13782031250000007
0 0.30230555555555555 0.5942421875 0.028486111111111097 0.12420312500000001
0 0.6345555555555555 0.40991406250000006 0.03327777777777783 0.13342187499999997
0 0.5677083333333334 0.4106484375 0.03594444444444444 0.13500781249999996
0 0.3463611111111111 0.4086953125 0.036083333333333356 0.1357421875
0 0.4678888888888889 0.4106484375 0.029944444444444367 0.13342187499999997
0 0.6516805555555555 0.6629921875 0.021847222222222247 0.1281171875
0 0.719625 0.655765625 0.03540277777777779 0.14587500000000003
0 0.5954861111111112 0.6533203125 0.030194444444444458 0.14563281250000007
0 0.7556388888888889 0.65625 0.04123611111111119 0.14660937500000007
0 0.6831666666666667 0.654296875 0.03526388888888887 0.14709374999999997
0 0.8459166666666665 0.6606484375 0.04163888888888891 0.13684375000000007
0 0.5355972222222222 0.6494140625 0.029625000000000058 0.14709374999999997
0 0.2747361111111111 0.845703125 0.04001388888888889 0.13610937499999992
0 0.9244861111111111 0.6552734375 0.046222222222222185 0.14587500000000003
0 0.3496111111111111 0.8422890625000001 0.03947222222222224 0.1358671875
0 0.704 0.8388671875 0.03173611111111106 0.13708593749999992
0 0.3854166666666667 0.8388671875 0.03323611111111104 0.13659375
0 0.4440138888888889 0.5942421875 0.03090277777777778 0.11840624999999996
0 0.17318055555555556 0.8515625 0.03608333333333334 0.12359374999999995
0 0.41948611111111106 0.8408203125 0.034722222222222224 0.13818750000000007
0 0.4114722222222222 0.5230078125000001 0.2471527777777778 0.01755468750000002
0 0.40234722222222224 0.6630859375 0.24197222222222226 0.020023437500000085
0 0.580375 0.80134375 0.20698611111111107 0.014499999999999957
0 0.5829027777777778 0.8515625 0.21484722222222213 0.01991406249999983
0 0.5824722222222222 0.8173828125 0.21744444444444436 0.021117187500000155
0 0.5802916666666667 0.873046875 0.21376388888888884 0.022796874999999873
0 0.8046944444444445 0.151734375 0.2751805555555555 0.02566406250000002
0 0.16069444444444445 0.4262734375 0.2632361111111111 0.024523437500000078
0 0.1517777777777778 0.3769921875 0.26811111111111113 0.026156250000000013
0 0.1545138888888889 0.401859375 0.25890277777777776 0.025468749999999974
0 0.1618888888888889 0.4477578125 0.2536944444444444 0.02279687500000005
0 0.8072916666666666 0.1275625 0.2808194444444445 0.020601562500000004