0 0.022115942028985505 0.16106521739130436 0.022434782608695657 0.107
0 0.3849710144927536 0.1411521739130435 0.019768115942028965 0.1167608695652174
0 0.13505797101449274 0.15494565217391307 0.022275362318840586 0.11122826086956521
0 0.26366666666666666 0.3693260869565217 0.14465217391304355 0.019967391304347833
0 0.17775362318840582 0.15286956521739128 0.022608695652173945 0.11239130434782606
0 0.4019855072463768 0.14102173913043478 0.019913043478260884 0.11864130434782606
0 0.32179710144927537 0.14363043478260867 0.024318840579710104 0.11721739130434786
0 0.10659420289855072 0.2625978260869565 0.11463768115942029 0.014597826086956468
0 0.006521739130434782 0.16141304347826088 0.013043478260869565 0.10543478260869565
0 0.11544927536231883 0.15494565217391307 0.02305797101449279 0.10907608695652177
0 0.04542028985507247 0.16080434782608696 0.02331884057971015 0.10569565217391305
0 0.3658840579710145 0.1428478260869565 0.022971014492753655 0.11656521739130436
0 0.19771014492753622 0.15065217391304347 0.020463768115942034 0.11239130434782613
0 0.28118840579710147 0.1470108695652174 0.022434782608695678 0.11395652173913047
0 0.2317246376811594 0.15052173913043476 0.021188405797101455 0.11356521739130437
0 0.09740579710144927 0.1563804347826087 0.031086956521739113 0.11025
0 0.2549855072463768 0.14857608695652175 0.024594202898550764 0.11142391304347825
0 0.46342028985507244 0.1339891304347826 0.020231884057971068 0.12450000000000003
0 0.21524637681159423 0.1501304347826087 0.022188405797101452 0.11454347826086957
0 0.9344492753623188 0.11836956521739131 0.029913043478261014 0.1108369565217391
0 0.6713333333333333 0.13217391304347825 0.019536231884057998 0.1062826086956522
0 0.3874057971014493 0.2883695652173913 0.031159420289855074 0.11798913043478255
0 0.9573478260869566 0.1148586956521739 0.028913043478260937 0.11376086956521742
0 0.2626231884057971 0.3844239130434783 0.14171014492753628 0.01626086956521743
0 0.07007246376811593 0.1602826086956522 0.026275362318840572 0.1045869565217391
0 0.3284057971014493 0.4568043478260869 0.03559420289855065 0.11258695652173906
0 0.25966666666666666 0.39875000000000005 0.1364927536231884 0.018315217391304373
0 0.6546811594202899 0.13256521739130436 0.020304347826086942 0.10680434782608694
0 0.4832028985507247 0.13269565217391305 0.023492753623188457 0.1223586956521739
0 0.6900869565217391 0.13269565217391305 0.021753623188405784 0.10419565217391306
0 0.3998985507246377 0.4578369565217391 0.03492753623188409 0.11473913043478268
0 0.3631159420289855 0.4586195652173912 0.03559420289855065 0.11220652173913045
0 0.3592898550724638 0.28915217391304343 0.02728985507246383 0.11513043478260865
0 0.21507246376811595 0.30085869565217394 0.017072463768115904 0.08942391304347824
0 0.9011159420289855 0.27769565217391307 0.024898550724637772 0.12795652173913047
0 0.017869565217391303 0.29826086956521736 0.02615942028985508 0.09951086956521735
0 0.9205652173913045 0.2753478260869565 0.02627536231884074 0.1310760869565218
0 0.6553768115942029 0.4771086956521739 0.018869565217391276 0.10399999999999994
0 0.7046666666666667 0.29175 0.02168115942028991 0.10569565217391305
0 0.5258985507246376 0.6254891304347826 0.025188405797101444 0.11239130434782618
0 0.9406956521739132 0.2779565217391305 0.02627536231884074 0.13354347826086957
0 0.7303478260869566 0.6405869565217391 0.0332318840579711 0.12027173913043489
0 0.5744927536231884 0.13803260869565218 0.01908695652173907 0.10276086956521742
0 0.04073913043478261 0.2977391304347826 0.022014492753623185 0.09918478260869565
0 0.9080579710144927 0.11980434782608695 0.03330434782608698 0.10966304347826085
0 0.7358985507246376 0.2896739130434783 0.02062318840579713 0.11239130434782606
0 0.25065217391304345 0.2901847826086957 0.023492753623188378 0.10868478260869566
0 0.5415942028985508 0.29496739130434785 0.019971014492753583 0.09780434782608698
0 0.515840579710145 0.2956521739130435 0.026884057971014428 0.10009782608695655
0 0.5630434782608695 0.2956521739130435 0.021753623188405784 0.10061956521739124
0 0.6630144927536232 0.2940978260869565 0.024420289855072497 0.10295652173913046
0 0.6244782608695651 0.29539130434782607 0.02331884057971019 0.10185869565217395
0 0.8087971014492754 0.2881086956521739 0.02218840579710137 0.10699999999999994
0 0.8268405797101449 0.2878478260869565 0.02218840579710137 0.10718478260869567
0 0.7324347826086957 0.13152173913043477 0.0268405797101449 0.1058913043478261
0 0.6432173913043479 0.29305434782608697 0.023695652173913076 0.10146739130434786
0 0.5821304347826087 0.2946195652173913 0.022014492753623268 0.10114130434782603
0 0.6734202898550725 0.47815217391304343 0.021188405797101455 0.10458695652173916
0 0.7837971014492754 0.12788043478260872 0.026884057971014428 0.1062826086956522
0 0.7581159420289856 0.1307391304347826 0.02781159420289863 0.10569565217391305
0 0.6845217391304349 0.29305434782608697 0.023492753623188457 0.10419565217391306
0 0.8782173913043478 0.12241304347826087 0.03291304347826092 0.11064130434782611
0 0.5567971014492754 0.13829347826086955 0.021188405797101455 0.10569565217391305
0 0.747695652173913 0.4786630434782609 0.021260869565217496 0.10628260869565215
0 0.8323913043478262 0.12592391304347825 0.02557971014492767 0.1066086956521739
0 0.8539130434782609 0.12461956521739131 0.0285652173913044 0.10848913043478262
0 0.7282608695652174 0.4791847826086957 0.021014492753623187 0.10497826086956513
0 0.8671014492753623 0.2779565217391305 0.023318840579710027 0.12626086956521734
0 0.491536231884058 0.29747826086956525 0.023231884057970976 0.09846739130434785
0 0.8476666666666667 0.2847282608695652 0.023782608695652293 0.11539130434782605
0 0.6085072463768116 0.13607608695652174 0.02192753623188405 0.10458695652173916
0 0.7664492753623189 0.47606521739130436 0.02252173913043473 0.11201086956521734
0 0.7095217391304348 0.4698152173913044 0.017739130434782622 0.11942391304347814
0 0.7831014492753624 0.4791847826086957 0.022347826086956627 0.10718478260869554
0 0.5061159420289856 0.13516304347826086 0.021840579710145 0.1176086956521739
0 0.537695652173913 0.13906521739130434 0.019768115942028965 0.1043913043478261
0 0.8337826086956521 0.48231521739130434 0.024797101449275216 0.11220652173913045
0 0.915 0.48335869565217393 0.030550724637681055 0.11161956521739123
0 0.8837681159420289 0.2779565217391305 0.02210144927536232 0.12645652173913047
0 0.15623188405797103 0.1536521739130435 0.023695652173913076 0.1116195652173913
0 0.590463768115942 0.13803260869565218 0.019318840579710204 0.10530434782608696
0 0.8532173913043478 0.48022826086956516 0.025275362318840658 0.11083695652173917
0 0.7109130434782608 0.1311304347826087 0.020942028985507313 0.1043913043478261
0 0.2950724637681159 0.2940978260869565 0.019768115942028965 0.09639130434782603
0 0.8733478260869565 0.48179347826086955 0.026507246376811542 0.11064130434782604
0 0.7560289855072463 0.6431956521739131 0.03349275362318826 0.12046739130434775
0 0.8192028985507246 0.6463152173913044 0.03579710144927543 0.1240434782608697