0 0.56796875 0.7 0.046875 0.17578125
0 0.60703125 0.6984375 0.05078125 0.171875
0 0.68671875 0.69609375 0.04375 0.16953125
0 0.4734375 0.70078125 0.05625 0.175
0 0.6546875 0.69609375 0.04140625 0.16953125
0 0.52109375 0.7 0.05390625 0.17265625
0 0.85234375 0.7015625 0.04609375 0.175
0 0.8140625 0.7 0.0421875 0.171875
0 0.72734375 0.69765625 0.04375 0.16953125
0 0.775 0.6984375 0.04375 0.17421875
0 0.82734375 0.2171875 0.040625 0.18515625
0 0.2484375 0.9390625 0.05625 0.12109375
0 0.73125 0.44609375 0.05 0.18046875
0 0.609375 0.45078125 0.05234375 0.178125
0 0.91875 0.465625 0.04609375 0.2015625
0 0.959375 0.465625 0.04296875 0.1984375
0 0.21171875 0.93984375 0.0546875 0.1203125
0 0.87421875 0.465625 0.0515625 0.203125
0 0.7609375 0.44453125 0.04921875 0.18203125
0 0.39921875 0.9390625 0.046875 0.12109375
0 0.790625 0.9375 0.05234375 0.125
0 0.93125 0.71328125 0.0578125 0.1984375
0 0.4421875 0.453125 0.053125 0.18359375
0 0.25390625 0.696875 0.05234375 0.1765625
0 0.86484375 0.93671875 0.06015625 0.12578125
0 0.36796875 0.93984375 0.05078125 0.1203125
0 0.98828125 0.4640625 0.0234375 0.2015625
0 0.30703125 0.70078125 0.053125 0.17890625
0 0.46171875 0.21484375 0.05 0.19375
0 0.334375 0.93828125 0.05078125 0.1234375
0 0.83828125 0.4625 0.05546875 0.1984375
0 0.43515625 0.9390625 0.04453125 0.12109375
0 0.2421875 0.44609375 0.0890625 0.175
0 0.5046875 0.21484375 0.04609375 0.1890625
0 0.6703125 0.44375 0.04453125 0.17109375
0 0.175 0.9390625 0.046875 0.12109375
0 0.79375 0.2171875 0.040625 0.184375
0 0.64296875 0.440625 0.0453125 0.16328125
0 0.48828125 0.9390625 0.0703125 0.12109375
0 0.33984375 0.6984375 0.05 0.175
0 0.38359375 0.45234375 0.04609375 0.1796875
0 0.5125 0.44921875 0.05078125 0.17578125
0 0.69609375 0.44453125 0.04296875 0.17578125
0 0.92265625 0.21484375 0.03828125 0.17890625
0 0.8515625 0.21796875 0.03828125 0.18515625
0 0.478125 0.45078125 0.04296875 0.178125
0 0.14296875 0.696875 0.06875 0.18359375
0 0.5734375 0.45 0.04765625 0.1765625
0 0.5359375 0.940625 0.034375 0.11875
0 0.7609375 0.215625 0.03828125 0.1828125
0 0.13984375 0.9390625 0.0546875 0.12109375
0 0.94921875 0.21953125 0.03984375 0.18203125
0 0.1578125 0.44453125 0.0453125 0.17578125
0 0.32421875 0.44765625 0.03828125 0.1703125
0 0.53828125 0.21484375 0.03515625 0.1859375
0 0.72734375 0.21484375 0.0375 0.1859375
0 0.10078125 0.9390625 0.0453125 0.121875
0 0.9796875 0.2140625 0.040625 0.175
0 0.10546875 0.70078125 0.0546875 0.184375
0 0.8 0.44453125 0.04765625 0.1640625
0 0.2171875 0.70703125 0.08359375 0.19765625
0 0.03359375 0.6953125 0.046875 0.175
0 0.9734375 0.93828125 0.04453125 0.1234375
0 0.66796875 0.93828125 0.05234375 0.1234375
0 0.8875 0.2234375 0.05390625 0.19375
0 0.6921875 0.21484375 0.04140625 0.18828125
0 0.409375 0.4453125 0.03515625 0.16796875
0 0.58671875 0.21484375 0.04453125 0.19140625
0 0.06484375 0.9390625 0.0515625 0.121875
0 0.37109375 0.69296875 0.04375 0.1640625
0 0.8390625 0.0453125 0.0625 0.090625
0 0.06875 0.70078125 0.0625 0.18359375
0 0.6234375 0.2125 0.04609375 0.18828125
0 0.29296875 0.93984375 0.06015625 0.1203125
0 0.40625 0.21328125 0.06796875 0.18984375
0 0.3528988328125 0.13339825 0.293256809375 0.1162964984375 0.160585603125 0.283891684375 0.219009728125 0.29676039374999996 0.3528988328125 0.13339825
0 0.20683852187500001 0.11766411406249999 0.1885797671875 0.11698030625 0.0863365765625 0.2722625828125 0.1109844359375 0.2770809625 0.20683852187500001 0.11766411406249999