0 0.6871810089020771 0.19786350148367954 0.45912462908011875 0.03654302670623145
0 0.2432789317507418 0.6398664688427299 0.4197329376854599 0.054985163204747695
0 0.7018545994065282 0.22992581602373888 0.45287833827893176 0.030637982195845664
0 0.699139465875371 0.2953857566765578 0.45287833827893176 0.03949554896142434
0 0.24489614243323443 0.734406528189911 0.42218100890207727 0.03817507418397629
0 0.6969584569732937 0.32826409495548964 0.46373887240356076 0.03654302670623145
0 0.24409495548961427 0.6947477744807121 0.426246290801187 0.04537091988130553
0 0.6980415430267063 0.25844213649851633 0.4490652818991099 0.04007418397626111
0 0.7127151335311572 0.3608605341246291 0.45341246290801207 0.037388724035608376
0 0.2476261127596439 0.8528635014836796 0.42679525222551934 0.03099406528189926
0 0.699139465875371 0.4785014836795252 0.4691691394658754 0.035459940652818954
0 0.6953264094955489 0.4437240356083086 0.46700296735905045 0.03412462908011869
0 0.7007715133531158 0.5784718100890207 0.4686350148367951 0.034777448071216695
0 0.6975074183976261 0.391839762611276 0.46645400593471825 0.03272997032640942
0 0.24462908011869436 0.891439169139466 0.44173590504451044 0.04537091988130553
0 0.699139465875371 0.5447774480712166 0.4754154302670624 0.03419881305637976
0 0.6958753709198813 0.6398664688427299 0.4879228486646886 0.034525222551928754
0 0.2476261127596439 0.8148219584569734 0.42516320474777447 0.04648367952522244
0 0.7040207715133531 0.7393026706231454 0.4930860534124628 0.04890207715133536
0 0.6931602373887241 0.6110682492581603 0.47188427299703256 0.029658753709198828
0 0.6936943620178041 0.41465875370919886 0.46238872403560843 0.03164688427299709
0 0.705652818991098 0.8930712166172106 0.508293768545994 0.045712166172106744
0 0.7089169139465874 0.7050741839762612 0.48873887240356095 0.02844213649851643
0 0.705652818991098 0.8392729970326409 0.4909050445103859 0.04655786350148384
0 0.7116320474777448 0.8055934718100891 0.4909050445103859 0.030578635014836646
0 0.7067359050445104 0.6735608308605342 0.4792284866468843 0.04329376854599416
0 0.2476261127596439 0.7756973293768546 0.42218100890207716 0.02860534124629076
0 0.6969584569732937 0.5148961424332344 0.4735163204747776 0.031053412462907937
0 0.7051186943620178 0.7833086053412464 0.4879228486646886 0.03176557863501496
0 0.4194510385756676 0.3309495548961424 0.0830860534124629 0.5546439169139467
0 0.2609347181008902 0.37363501483679523 0.0824480712166172 0.4680860534124629
0 0.18594955489614245 0.37471810089020774 0.06526706231454008 0.47651335311572696
0 0.3372700296735905 0.36902077151335316 0.06224035608308612 0.4775964391691394
0 0.12523738872403561 0.486646884272997 0.062344213649851606 0.26283382789317505