0 0.44860377358490566 0.4936729559748428 0.028490566037735893 0.1402830188679245
0 0.6276981132075472 0.492937106918239 0.053433962264151036 0.1363522012578616
0 0.3877924528301887 0.4951446540880503 0.03063207547169814 0.1337735849056604
0 0.3581320754716981 0.49489937106918236 0.03028301886792455 0.13217610062893087
0 0.7375188679245283 0.8626792452830189 0.03636792452830184 0.1617798742138365
0 0.2512641509433962 0.4953899371069182 0.054773584905660436 0.13536477987421386
0 0.6722924528301887 0.680383647798742 0.07799056603773592 0.14630188679245276
0 0.8403301886792452 0.4853207547169811 0.03286792452830181 0.14875471698113207
0 0.635066037735849 0.8626792452830189 0.03735849056603765 0.16607547169811318
0 0.6022735849056603 0.8612012578616351 0.03454716981132065 0.16607547169811318
0 0.8049528301886792 0.6759622641509434 0.0733301886792453 0.15576100628930808
0 0.7043490566037736 0.8636603773584905 0.034820754716981206 0.16337735849056603
0 0.32515094339622647 0.4958805031446541 0.03844339622641509 0.13352201257861632
0 0.7341981132075471 0.6784213836477988 0.08333018867924522 0.1578490566037736
0 0.28534905660377363 0.4944088050314466 0.04629245283018873 0.13511949685534586
0 0.858754716981132 0.861691823899371 0.036094339622641504 0.15870440251572338
0 0.4471226415094339 0.3059748427672956 0.033830188679245296 0.13069811320754712
0 0.670443396226415 0.8626792452830189 0.038235849056603745 0.16496855345911962
0 0.5941603773584905 0.492937106918239 0.05656603773584909 0.13819496855345914
0 0.7695754716981132 0.8695534591194968 0.03494339622641506 0.15023270440251565
0 0.7968490566037736 0.48826415094339626 0.05785849056603767 0.15047798742138363
0 0.4205943396226415 0.30253459119496856 0.036433962264150944 0.1326666666666667
0 0.5680000000000001 0.861691823899371 0.035632075471698096 0.1669371069182389
0 0.741933962264151 0.4890062893081761 0.07955660377358484 0.14974213836477981
0 0.39958490566037735 0.30081761006289304 0.04164150943396225 0.13426415094339625
0 0.5164056603773585 0.4909685534591195 0.04170754716981136 0.14077358490566033
0 0.4187547169811321 0.4958805031446541 0.031094339622641545 0.13844025157232698
0 0.805688679245283 0.8680817610062893 0.035698113207547094 0.14924528301886805
0 0.9214056603773585 0.861691823899371 0.06131132075471699 0.14826415094339637
0 0.902245283018868 0.4853207547169811 0.054358490566037636 0.14408805031446534
0 0.5495754716981132 0.7010251572327044 0.07955660377358484 0.12265408805031446
0 0.9712264150943396 0.6789308176100629 0.057547169811320756 0.14779874213836477
0 0.5510471698113207 0.506937106918239 0.03687735849056596 0.11172327044025149
0 0.8285377358490567 0.8680817610062893 0.03742452830188686 0.15194968553459115
0 0.8985566037735849 0.6779308176100629 0.06757547169811332 0.1529308176100628
0 0.8602264150943396 0.6779308176100629 0.06006603773584913 0.15219496855345926
0 0.8624433962264152 0.48630188679245284 0.025820754716981028 0.14286163522012585
0 0.6582830188679245 0.5064465408805031 0.0533396226415094 0.11079874213836483
0 0.9221415094339623 0.315062893081761 0.04864150943396221 0.10115723270440254
0 0.7367735849056604 0.31530817610062895 0.05458490566037726 0.10330817610062892
0 0.5245094339622641 0.8646415094339622 0.05205660377358497 0.1707421383647799
0 0.44528301886792454 0.684314465408805 0.039773584905660346 0.142616352201258
0 0.9700471698113208 0.8666100628930818 0.047264150943396144 0.13745283018867935
0 0.6999245283018868 0.5079182389937107 0.0656886792452829 0.11215094339622637
0 0.6133301886792453 0.6990566037735849 0.08273584905660382 0.11215094339622651
0 0.29732075471698116 0.8680817610062893 0.051084905660377336 0.15145911949685545
0 0.8764433962264151 0.31088679245283013 0.04415094339622637 0.11098113207547172
0 0.6955 0.31678616352201255 0.05426415094339621 0.10133962264150943
0 0.40658490566037736 0.684314465408805 0.050622641509433935 0.14175471698113198
0 0.2625 0.8680817610062893 0.05518867924528302 0.1529308176100628
0 0.9759433962264151 0.4871069182389937 0.048113207547169815 0.14150943396226415
0 0.9331981132075472 0.48826415094339626 0.05196226415094333 0.14581132075471692
0 0.3369433962264151 0.8700503144654089 0.057301886792452836 0.15194968553459115
0 0.7813679245283018 0.23522012578616353 0.15910377358490574 0.02738993710691821
0 0.12587735849056605 0.8631698113207548 0.045443396226415106 0.1485094339622642
0 0.39332075471698114 0.8744716981132076 0.05384905660377362 0.1524402515723271
0 0.7865283018867925 0.2558553459119497 0.15744339622641498 0.021666666666666695
0 0.8351698113207547 0.3153081761006289 0.026943396226415044 0.099559748427673
0 0.1740566037735849 0.8680817610062893 0.06412264150943399 0.15072327044025163
0 0.4419622641509434 0.8700503144654089 0.04613207547169809 0.14949685534591184
0 0.22012264150943398 0.869062893081761 0.06583018867924531 0.15170440251572329