0 0.381463963963964 0.45690995907230564 0.03034909909909915 0.12943383356070942
0 0.6016328828828829 0.46010914051841745 0.02613738738738743 0.1260982264665758
0 0.20859234234234234 0.46170532060027286 0.030596846846846864 0.12696452933151425
0 0.3464977477477477 0.24454297407912687 0.02810810810810815 0.12036834924965896
0 0.7811148648648648 0.24694406548431103 0.02864864864864871 0.1207708049113233
0 0.7410810810810812 0.24107776261937244 0.036565315315315344 0.12463165075034109
0 0.8660135135135135 0.46356753069577084 0.02328828828828836 0.12143929058663026
0 0.7349211711711712 0.46410641200545705 0.02523648648648658 0.12096862210095492
0 0.4762612612612613 0.45957025920873124 0.033490990990991 0.1323601637107776
0 0.7784684684684684 0.4633015006821283 0.021632882882882922 0.12057298772169167
0 0.3854279279279279 0.7199045020463848 0.025731981981982007 0.12570259208731255
0 0.4498648648648649 0.4590381991814461 0.026227477477477435 0.12896316507503408
0 0.833018018018018 0.46490450204638467 0.021554054054054167 0.11997271487039571
0 0.4100563063063063 0.7241678035470669 0.03049549549549554 0.12290586630286483
0 0.7511936936936936 0.4619713506139154 0.020731981981982076 0.11950886766712145
0 0.6495833333333334 0.24640518417462484 0.03070945945945944 0.11744201909959069
0 0.3783896396396396 0.24640518417462484 0.036013513513513534 0.11830832196452937
0 0.25257882882882876 0.2338881309686221 0.029110360360360386 0.13369713506139155
0 0.8550112612612613 0.2613301500682128 0.04060810810810805 0.11970668485675308
0 0.7692342342342343 0.7204365620736699 0.02418918918918921 0.12349931787176001
0 0.8044256756756757 0.2496043656207367 0.02747747747747758 0.12270122783083219
0 0.850168918918919 0.4638335607094134 0.020495495495495546 0.12017053206002734
0 0.6764189189189189 0.24160982264665756 0.03692567567567563 0.12549795361527968
0 0.19583333333333333 0.7167053206002729 0.029009009009008997 0.1323601637107776
0 0.5044144144144145 0.720968622100955 0.027162162162162166 0.12656889495225115
0 0.25698198198198197 0.7188335607094133 0.027905405405405374 0.12590040927694418
0 0.3086599099099099 0.7257639836289222 0.028231981981982037 0.1176398362892224
0 0.5792004504504505 0.46010914051841745 0.028423423423423435 0.12503410641200544
0 0.2961261261261261 0.46117326057298774 0.02456081081081075 0.12523192360163704
0 0.556768018018018 0.4619713506139154 0.02810810810810815 0.12436562073669846
0 0.9007657657657657 0.4627694406548431 0.021554054054054167 0.12183492496589352
0 0.803490990990991 0.9522510231923602 0.030405405405405407 0.09549795361527967
0 0.9649887387387387 0.2623942701227831 0.029774774774774835 0.11950886766712138
0 0.9350675675675676 0.4579740791268758 0.0504729729729729 0.1300954979536153
0 0.22596846846846846 0.717237380627558 0.03728603603603605 0.13256480218281047
0 0.3139414414414414 0.23495225102319237 0.03871621621621621 0.13962482946793994
0 0.39076576576576577 0.9481582537517054 0.024774774774774775 0.10368349249658936
0 0.17702702702702702 0.2368144611186903 0.028423423423423435 0.1263642564802183
0 0.7969481981981983 0.7230968622100955 0.031565315315315284 0.12349931787176001
0 0.6566216216216216 0.7215006821282401 0.032466216216216134 0.12463165075034109
0 0.1661373873873874 0.7113778990450206 0.035518018018018044 0.14215552523874495
0 0.2868918918918919 0.23122100954979538 0.023817567567567543 0.14362210095497951
0 0.48110360360360366 0.7204365620736699 0.024662162162162136 0.12503410641200557
0 0.2835923423423423 0.7156412005457027 0.03227477477477474 0.13442701227830844
0 0.5228941441441441 0.24401091405184178 0.02485360360360366 0.11744201909959069
0 0.6302252252252252 0.45850613915416094 0.03334459459459448 0.13122783083219638
0 0.4283108108108108 0.7236289222373806 0.025833333333333396 0.12036834924965896
0 0.9165990990990992 0.25520463847203273 0.026846846846846753 0.13122783083219638
0 0.46677927927927926 0.0688949522510232 0.03265765765765766 0.1377899045020464
0 0.31811936936936935 0.4579740791268758 0.026430180180180212 0.13076398362892228
0 0.4078603603603604 0.45770804911323326 0.028006756756756762 0.1323601637107776
0 0.4099099099099099 0.06855388813096862 0.033783783783783786 0.13710777626193724
0 0.7098423423423423 0.23974761255115964 0.0366441441441441 0.12503410641200544
0 0.1338063063063063 0.4619713506139154 0.0324662162162162 0.12270122783083227
0 0.9251126126126126 0.956343792633015 0.03265765765765766 0.08731241473396999
0 0.4386261261261261 0.06821282401091405 0.03265765765765766 0.1364256480218281
0 0.1631644144144144 0.46037517053206 0.02514639639639638 0.12377216916780358
0 0.6734234234234234 0.9597544338335607 0.02927927927927928 0.08049113233287858
0 0.42963963963963964 0.462237380627558 0.023727477477477533 0.12223738062755801
0 0.469222972972973 0.2442769440654843 0.022049549549549595 0.1148431105047749
0 0.8026689189189189 0.46437244201909955 0.03284909909909918 0.12377216916780358
0 0.8251013513513514 0.2613301500682128 0.02354729729729739 0.11910641200545696
0 0.8580855855855856 0.7230968622100955 0.02239864864864876 0.12549795361527968
0 0.6942567567567568 0.9590723055934516 0.028153153153153154 0.08185538881309687
0 0.18340090090090092 0.46037517053206 0.02364864864864865 0.11997271487039556
0 0.7190878378378378 0.717237380627558 0.04588963963963964 0.13442701227830844
0 0.981418918918919 0.9512278308321964 0.037162162162162164 0.09754433833560709
0 0.5492905405405405 0.7220327421555253 0.026430180180180212 0.12436562073669861
0 0.4551463963963964 0.7220327421555253 0.0296621621621622 0.12570259208731255
0 0.8902027027027027 0.2607980900409277 0.03265765765765766 0.11890859481582541
0 0.6860923423423423 0.46517053206002734 0.022308558558558497 0.12143929058663026
0 0.5281756756756757 0.7225648021828104 0.023918918918918928 0.12330150068212808
0 0.33528153153153156 0.4587721691678035 0.018457207207207192 0.12723055934515687
0 0.550168918918919 0.24534106412005457 0.02354729729729726 0.11810368349249659
0 0.16350225225225226 0.07500682128240109 0.04093468468468471 0.12223738062755797
0 0.2580743243243243 0.07328103683492497 0.045529279279279286 0.1263642564802183
0 0.5272860360360361 0.07387448840381992 0.04989864864864859 0.13122783083219644
0 0.9368355855855856 0.2631923601637108 0.023918918918918928 0.11643929058663025
0 0.8541666666666666 0.956343792633015 0.03490990990990991 0.08731241473396999
0 0.6245045045045045 0.2466780354706685 0.027792792792792863 0.11783765347885403
0 0.5989977477477477 0.24640518417462484 0.030135135135135126 0.11970668485675308
0 0.8954842342342343 0.7268281036834925 0.03202702702702709 0.12017053206002734
0 0.9869819819819821 0.26399727148703955 0.025146396396396313 0.118506139154161
0 0.5009009009009009 0.24374488403819916 0.023468468468468503 0.12036834924965896
0 0.5422297297297297 0.9399727148703957 0.03490990990990991 0.12005457025920874
0 0.11719594594594594 0.7033833560709414 0.0277927927927928 0.14854706684856753
0 0.08211711711711712 0.45957025920873124 0.02310810810810812 0.12143929058663026
0 0.2708333333333333 0.4590381991814461 0.033400900900900865 0.130300136425648
0 0.419481981981982 0.944406548431105 0.041666666666666664 0.11118690313778991
0 0.35441441441441446 0.4582401091405184 0.0296621621621622 0.12763301500682137
0 0.29842342342342343 0.06753069577080491 0.036036036036036036 0.13506139154160982
0 0.982545045045045 0.44781718963165074 0.03490990990990991 0.1466575716234652
0 0.8734909909909909 0.7252319236016371 0.026340090090090203 0.12096862210095508
0 0.8772522522522522 0.9560027285129604 0.038288288288288286 0.08799454297407913
0 0.7601351351351351 0.9570259208731241 0.02927927927927928 0.08594815825375171
0 0.7088963963963963 0.07025920873124147 0.05292792792792793 0.14051841746248295
0 0.5756756756756757 0.24721009549795364 0.024662162162162264 0.11910641200545703
0 0.10301801801801802 0.23534788540245566 0.04775900900900901 0.12763301500682128
0 0.10078828828828829 0.9525920873124147 0.041666666666666664 0.09481582537517053
0 0.33484234234234234 0.7204365620736699 0.023727477477477533 0.12463165075034109
0 0.2250900900900901 0.23708049113233287 0.03106981981981979 0.12396998635743521
0 0.5630630630630631 0.9566848567530696 0.033783783783783786 0.08663028649386084
0 0.7072072072072072 0.46410641200545705 0.031914414414414324 0.1274351978171896
0 0.11038288288288288 0.46010914051841745 0.024189189189189178 0.12463165075034109
0 0.3616666666666667 0.720968622100955 0.02853603603603607 0.12590040927694418
0 0.9938063063063063 0.7233969986357435 0.012387387387387387 0.12073669849931787
0 0.3170045045045045 0.9502046384720327 0.0259009009009009 0.09959072305593451
0 0.13063063063063063 0.9522510231923602 0.02927927927927928 0.09549795361527967
0 0.32657657657657657 0.06787175989085949 0.02252252252252252 0.13574351978171897
0 0.7404279279279279 0.9399727148703957 0.037162162162162164 0.12005457025920874
0 0.5813963963963964 0.07721009549795362 0.03167792792792805 0.120968622100955
0 0.9412274774774774 0.7268281036834925 0.030135135135135126 0.11783765347885403
0 0.49605855855855857 0.9406548431105047 0.041666666666666664 0.11869031377899045
0 0.23894144144144144 0.4627694406548431 0.03216216216216217 0.12223738062755801
0 0.49099099099099097 0.06855388813096862 0.02702702702702703 0.13710777626193724
0 0.04060810810810811 0.23028649386084585 0.02790540540540541 0.13462482946794
0 0.661463963963964 0.46490450204638467 0.028536036036035942 0.12203956343792638
0 0.35881756756756755 0.07194406548431105 0.047477477477477444 0.1314324693042292
0 0.03774774774774776 0.4566439290586631 0.03519144144144144 0.12290586630286499
0 0.03565315315315315 0.6937858117326057 0.04373873873873874 0.16560027285129603
0 0.09850225225225225 0.7151023192360163 0.022657657657657662 0.12549795361527968
0 0.4109346846846847 0.248806275579809 0.02853603603603607 0.11524556616643933
0 0.18186936936936937 0.946793997271487 0.041666666666666664 0.10641200545702592
0 0.46283783783783783 0.9498635743519782 0.04054054054054054 0.10027285129604366
0 0.8254504504504504 0.9495225102319236 0.038288288288288286 0.1009549795361528
0 0.28378378378378377 0.949181446111869 0.033783783783783786 0.10163710777626193
0 0.15315315315315314 0.9495225102319236 0.038288288288288286 0.1009549795361528
0 0.5167342342342343 0.4590381991814461 0.048963963963963984 0.1323601637107776
0 0.33783783783783783 0.9519099590723056 0.02927927927927928 0.09618008185538882
0 0.9693806306306306 0.724699863574352 0.02222972972972974 0.1176398362892224
0 0.06677927927927928 0.23401773533424283 0.03551801801801801 0.1300954979536153
0 0.21227477477477477 0.9471350613915416 0.02364864864864865 0.10572987721691678
0 0.9566441441441441 0.958731241473397 0.02364864864864865 0.082537517053206
0 0.7179054054054054 0.9379263301500682 0.03490990990990991 0.12414733969986358
0 0.07207207207207207 0.9495225102319236 0.02702702702702703 0.1009549795361528
0 0.6865315315315316 0.7230968622100955 0.029335585585585536 0.12096862210095508
0 0.8154166666666667 0.08333560709413367 0.028423423423423435 0.11084583901773533
0 0.9949324324324325 0.2626193724420191 0.010135135135135136 0.11869031377899045
0 0.6069144144144145 0.06981582537517055 0.03309684684684696 0.1376261937244202
0 0.7956306306306307 0.08207366984993178 0.02364864864864865 0.11464529331514328
0 0.24324324324324326 0.9457708049113234 0.02027027027027027 0.10845839017735334
0 0.5730405405405405 0.7241678035470669 0.019639639639639703 0.12243519781718948
0 0.6351351351351351 0.0688949522510232 0.038288288288288286 0.1377899045020464
0 0.1236936936936937 0.07740791268758526 0.02364864864864865 0.11464529331514324
0 0.9834572072072072 0.7257639836289222 0.02180180180180169 0.11643929058663016
0 0.5242117117117117 0.9379263301500682 0.028153153153153154 0.12414733969986358
0 0.7792792792792793 0.9556616643929059 0.02927927927927928 0.08867667121418826
0 0.6680518018018018 0.07208049113233286 0.03879504504504509 0.1334924965893588
0 0.14942567567567566 0.23708049113233287 0.04220720720720723 0.12943383356070942
0 0.06226351351351352 0.45770804911323326 0.02188063063063064 0.12183492496589368
0 0.9183558558558559 0.7284311050477491 0.025146396396396313 0.11910641200545712
0 0.23256756756756758 0.08353342428376535 0.01708333333333335 0.11164392905866304
0 0.269954954954955 0.24987039563437927 0.025731981981982007 0.10465211459754431
0 0.2030855855855856 0.24027967257844474 0.03156531531531535 0.11950886766712145
0 0.607545045045045 0.9618008185538881 0.0686936936936937 0.07639836289222374
0 0.7428378378378379 0.7129740791268758 0.039538288288288176 0.14508867667121406
0 0.05247747747747747 0.10172578444747613 0.034864864864864877 0.06641200545702593
0 0.9746621621621622 0.8446043656207367 0.034864864864864904 0.10278308321964519
0 0.5747972972972972 0.38656207366984996 0.2114752252252252 0.021064120054570333
0 0.5831531531531532 0.3743042291950887 0.2067454954954954 0.01710095497953611