0 0.70859375 0.90625 0.30078125 0.06875
0 0.715625 0.59921875 0.3203125 0.046875
0 0.709375 0.5203125 0.31953125 0.05
0 0.70625 0.36953125 0.321875 0.05859375
0 0.71015625 0.44453125 0.321875 0.05390625
0 0.71171875 0.6421875 0.31953125 0.06015625
0 0.70859375 0.7859375 0.309375 0.046875
0 0.45078125 0.528125 0.19765625 0.04453125
0 0.453125 0.79140625 0.203125 0.0640625
0 0.5312754234375 0.6374772078125 0.356940678125 0.6309700859375 0.35411581875000003 0.6693119656250001 0.53611723125 0.678152421875 0.5312754234375 0.6374772078125
0 0.5232048015624999 0.36251851875 0.31981497187499996 0.38692307656249997 0.32788559375 0.4373219375 0.5232048015624999 0.4097008546875 0.5232048015624999 0.36251851875
0 0.5199759890625 0.089186609375 0.3246567796875 0.14287606875 0.333939265625 0.17887606875 0.5264322031249999 0.1363689453125 0.5199759890625 0.089186609375
0 0.77663418125 0.1819230765625 0.5264322031249999 0.2258518515625 0.5276426546875 0.264346153125 0.77986299375 0.224225071875 0.77663418125 0.1819230765625
0 0.51836158125 0.0045826203125 0.3149717515625 0.05501994375 0.32788559375 0.10154700781249999 0.5248177968750001 0.0533917375 0.51836158125 0.0045826203125
0 0.6976880249999999 0 0.5280466109375 0.0436310546875 0.5417669484375 0.0730569796875 0.7637203390625 0.0241068375 0.762764371875 0 0.6976880249999999 0
0 0.5264322031249999 0.452001425 0.34887005625 0.46664529843749997 0.3420098875 0.5004074078125 0.53611723125 0.5040655265625 0.5264322031249999 0.452001425
0 0.51513276875 0.2941851859375 0.3246567796875 0.323471509375 0.31981497187499996 0.3783062671875 0.5280466109375 0.36577207968750003 0.51513276875 0.2941851859375
0 0.7717923734375 0.2258518515625 0.5312754234375 0.2551381765625 0.5437853109375 0.3050470078125 0.7717923734375 0.2730341875 0.7717923734375 0.2258518515625
0 0.355326271875 0.5984301999999999 0.3537132765625 0.62608831875 0.533696328125 0.632274928125 0.5312754234375 0.59680341875 0.355326271875 0.5984301999999999
0 0.51836158125 0.0582735046875 0.321427965625 0.1298603984375 0.31981497187499996 0.13980484375 0.5264322031249999 0.090813390625 0.51836158125 0.0582735046875
0 0.5393460453125 0.30720085468749997 0.5393460453125 0.326725071875 0.7717923734375 0.3066752140625 0.7734053671875001 0.27791595468749997 0.5393460453125 0.30720085468749997
0 0.7717923734375 0.08267806250000001 0.5490310734375 0.13474074062500002 0.545803671875 0.18253988593749998 0.7717923734375 0.13311395937499998 0.7717923734375 0.08267806250000001
0 0.7621073453125 0.0436310546875 0.5345042375 0.0956937328125 0.5377316390625 0.13776923125 0.768563559375 0.090813390625 0.7621073453125 0.0436310546875
0 0.5264322031249999 0.13474074062500002 0.3295 0.177042734375 0.333939265625 0.20899430156249998 0.5264322031249999 0.1705341875 0.5264322031249999 0.13474074062500002
0 0.5264322031249999 0.21771652343749998 0.3262711859375 0.251883190625 0.32788559375 0.2924302 0.53288983125 0.2551381765625 0.5264322031249999 0.21771652343749998
0 0.5215903953125001 0.18029629687499998 0.33111440625 0.2144629625 0.32788559375 0.24155413124999997 0.5248177968750001 0.20958262031250002 0.5215903953125001 0.18029629687499998
0 0.358555084375 0.6797792015625 0.358555084375 0.7171994296875 0.5345042375 0.72858831875 0.531679378125 0.6892549859375 0.358555084375 0.6797792015625
0 0.5345042375 0.7204529921875 0.356940678125 0.7171994296875 0.35411581875000003 0.7503048437500001 0.5345042375 0.7611282046875 0.5345042375 0.7204529921875
0 0.5296610171875 0.5496210828125 0.34725565 0.5512478625 0.3520988703125 0.5915754984375 0.5312754234375 0.5870413109375 0.5296610171875 0.5496210828125
0 0.7621073453125 0.7237079765625001 0.545803671875 0.7025569796875 0.5538742937500001 0.731990028125 0.7621073453125 0.7497393156250001 0.7621073453125 0.7237079765625001
0 0.768563559375 0.6976752140625 0.545803671875 0.676525640625 0.5558912421875 0.7055356125000001 0.7637203390625 0.7171994296875 0.768563559375 0.6976752140625