0 0.61796875 0.56015625 0.12109375 0.01875
0 0.4828125 0.53359375 0.02578125 0.153125
0 0.5234375 0.528125 0.02265625 0.1578125
0 0.503125 0.53125 0.0234375 0.1578125
0 0.45703125 0.53046875 0.02421875 0.15625
0 0.63203125 0.4 0.0203125 0.153125
0 0.5453125 0.52734375 0.02421875 0.1578125
0 0.21796875 0.24453125 0.0234375 0.1546875
0 0.615625 0.50078125 0.11484375 0.028125
0 0.2625 0.2453125 0.02734375 0.15234375
0 0.75 0.2625 0.02421875 0.16796875
0 0.6140625 0.3984375 0.02265625 0.15703125
0 0.11484375 0.090625 0.02109375 0.18125
0 0.303125 0.246875 0.02265625 0.15390625
0 0.61953125 0.5359375 0.115625 0.03125
0 0.61875 0.58203125 0.11640625 0.02578125
0 0.709375 0.265625 0.0203125 0.1625
0 0.0921875 0.0921875 0.03046875 0.184375
0 0.615625 0.48359375 0.1171875 0.0203125
0 0.68671875 0.26875 0.0234375 0.16015625
0 0.73125 0.11640625 0.10234375 0.02734375
0 0.2390625 0.24921875 0.0234375 0.15234375
0 0.87734375 0.08125 0.02578125 0.1625
0 0.7296875 0.46875 0.10625 0.028125
0 0.39453125 0.59921875 0.10546875 0.028125
0 0.73125 0.1375 0.10078125 0.02265625
0 0.93828125 0.10078125 0.103125 0.021875
0 0.284375 0.246875 0.02109375 0.15234375
0 0.503125 0.42578125 0.109375 0.0328125
0 0.16484375 0.09140625 0.028125 0.1828125
0 0.621875 0.0921875 0.03203125 0.1828125
0 0.6640625 0.39921875 0.025 0.15625
0 0.7703125 0.2625 0.01953125 0.16875
0 0.728125 0.17421875 0.09765625 0.028125
0 0.73046875 0.2625 0.02109375 0.16015625
0 0.72578125 0.3625 0.10078125 0.0328125
0 0.8296875 0.0796875 0.021875 0.159375
0 0.72890625 0.4078125 0.11015625 0.02265625
0 0.73203125 0.096875 0.103125 0.028125
0 0.58984375 0.4 0.02578125 0.15625
0 0.39296875 0.54921875 0.1015625 0.03515625
0 0.59609375 0.0921875 0.021875 0.184375
0 0.4203125 0.40078125 0.01953125 0.1609375
0 0.403125 0.40390625 0.0203125 0.15703125
0 0.621875 0.27734375 0.10703125 0.03203125
0 0.37265625 0.403125 0.0203125 0.15625
0 0.50234375 0.109375 0.109375 0.02890625
0 0.375 0.08984375 0.01796875 0.178125
0 0.190625 0.08828125 0.0328125 0.1765625
0 0.3859375 0.2828125 0.11875 0.03359375
0 0.93828125 0.11953125 0.1015625 0.02265625
0 0.14296875 0.090625 0.02109375 0.18046875
0 0.03671875 0.128125 0.07265625 0.03515625
0 0.73203125 0.05390625 0.1078125 0.0234375
0 0.93984375 0.07890625 0.10390625 0.0359375
0 0.7296875 0.0734375 0.10703125 0.025
0 0.0359375 0.0671875 0.071875 0.034375
0 0.3546875 0.40390625 0.02421875 0.15859375
0 0.6734375 0.09140625 0.01484375 0.1828125
0 0.47734375 0.24921875 0.02578125 0.17109375
0 0.146875 0.26484375 0.12109375 0.03828125
0 0.39375 0.57734375 0.1 0.0265625
0 0.390625 0.49453125 0.103125 0.0390625
0 0.621875 0.21953125 0.1078125 0.02890625
0 0.6203125 0.30625 0.1046875 0.03515625
0 0.43203125 0.0890625 0.0265625 0.178125
0 0.27109375 0.41328125 0.1171875 0.03359375
0 0.26484375 0.15 0.1203125 0.034375
0 0.6234375 0.2453125 0.10859375 0.03359375
0 0.41015625 0.090625 0.02109375 0.178125
0 0.3875 0.4015625 0.01640625 0.15625
0 0.83359375 0.184375 0.10234375 0.0265625
0 0.0375 0.04140625 0.07421875 0.03203125
0 0.834375 0.2109375 0.1046875 0.02734375
0 0.32421875 0.53125 0.02421875 0.14140625
0 0.85234375 0.078125 0.028125 0.15625
0 0.2640625 0.11875 0.11953125 0.0375
0 0.8328125 0.2875 0.09765625 0.03125
0 0.83203125 0.2609375 0.1015625 0.0296875
0 0.3859375 0.253125 0.11796875 0.0359375
0 0.03671875 0.096875 0.0734375 0.03671875
0 0.2625 0.0828125 0.12265625 0.03515625
0 0.453125 0.246875 0.02265625 0.17890625
0 0.61640625 0.51640625 0.11640625 0.0203125
0 0.39375 0.52421875 0.1 0.0296875
0 0.3390625 0.4046875 0.02109375 0.15703125
0 0.73203125 0.38671875 0.10625 0.0265625
0 0.61484375 0.5984375 0.1125 0.02109375
0 0.93671875 0.1390625 0.09765625 0.02890625
0 0.39375 0.08828125 0.0171875 0.1765625
0 0.3890625 0.3140625 0.12109375 0.025
0 0.56796875 0.09296875 0.0140625 0.1828125
0 0.828125 0.31484375 0.096875 0.03046875
0 0.73046875 0.15390625 0.1 0.02109375
0 0.621875 0.19765625 0.1078125 0.021875
0 0.5046875 0.15 0.10390625 0.03203125
0 0.834375 0.23828125 0.1015625 0.0265625
0 0.49765625 0.2484375 0.0203125 0.1703125
0 0.26328125 0.05 0.12578125 0.0328125
0 0.50546875 0.04140625 0.109375 0.03125
0 0.940625 0.0484375 0.1046875 0.03203125
0 0.31953125 0.24765625 0.015625 0.15234375
0 0.50078125 0.446875 0.109375 0.02421875
0 0.33046875 0.08828125 0.01484375 0.17421875
0 0.26953125 0.34453125 0.11875 0.04609375
0 0.346875 0.0890625 0.01875 0.17734375
0 0.4359375 0.39921875 0.01953125 0.1625
0 0.93984375 0.02265625 0.10703125 0.03125
0 0.12890625 0.090625 0.015625 0.18046875
0 0.73203125 0.03671875 0.10546875 0.0203125
0 0.5796875 0.0921875 0.01484375 0.17890625
0 0.6875 0.55 0.02109375 0.14453125
0 0.73359375 0.015625 0.10625 0.03125
0 0.14453125 0.29765625 0.11796875 0.03984375
0 0.36171875 0.0890625 0.0125 0.178125
0 0.503125 0.075 0.109375 0.04453125
0 0.03828125 0.0140625 0.0765625 0.028125
0 0.80546875 0.0828125 0.028125 0.16484375
0 0.66328125 0.09296875 0.01171875 0.18203125
0 0.26953125 0.384375 0.12109375 0.0375
0 0.03671875 0.1578125 0.07265625 0.03984375
0 0.271875 0.4421875 0.11640625 0.04296875
0 0.20390625 0.38515625 0.0265625 0.1578125
0 0.82734375 0.340625 0.0953125 0.02890625
0 0.49921875 0.3765625 0.1078125 0.0328125
0 0.50625 0.12890625 0.10859375 0.02578125
0 0.26328125 0.01875 0.12421875 0.0375