0 0.6283695652173913 0.4418960244648318 0.059225543478260916 0.18981651376146794
0 0.3119021739130435 0.18652395514780834 0.033491847826086926 0.19555555555555554
0 0.0868070652173913 0.7187461773700307 0.05394021739130436 0.2237512742099898
0 0.572391304347826 0.7167991845056064 0.06797554347826083 0.22131498470948002
0 0.3123913043478261 0.718256880733945 0.06622282608695654 0.2207033639143731
0 0.16425271739130434 0.1247604485219164 0.2603260869565217 0.030377166156982667
0 0.1385461956521739 0.7177777777777777 0.05726902173913044 0.22266055045871566
0 0.24779891304347826 0.7187461773700307 0.0641440217391304 0.22204892966360848
0 0.8109239130434783 0.7368195718654434 0.04974184782608682 0.17724770642201823
0 0.8629891304347825 0.737308868501529 0.04900815217391296 0.18237512742099907
0 0.37845108695652174 0.7207033639143731 0.07497282608695649 0.21569826707441378
0 0.7341304347826088 0.4375025484199796 0.054959239130434843 0.19653414882772688
0 0.3504619565217391 0.18799184505606523 0.03826086956521739 0.19042813455657492
0 0.6846603260869566 0.4414067278287462 0.04294836956521741 0.18689092762487255
0 0.8486684782608696 0.4328644240570846 0.0636956521739132 0.2039755351681957
0 0.7653668478260869 0.7358409785932721 0.03512228260869553 0.17895005096839955
0 0.4445108695652174 0.7167991845056064 0.0596739130434782 0.22033639143730896
0 0.55125 0.20544342507645258 0.2901086956521739 0.02844036697247704
0 0.9039945652173913 0.716309887869521 0.04134510869565226 0.22338430173292545
0 0.16474184782608695 0.15990825688073396 0.258695652173913 0.038236493374108046
0 0.7809782608695651 0.4321304791029562 0.044252717391304264 0.20215086646279312
0 0.1817391304347826 0.5141590214067279 0.254633152173913 0.04477064220183488
0 0.1677445652173913 0.20068297655453618 0.25789402173913045 0.03949031600407748
0 0.18255434782608698 0.43896024464831807 0.2582065217391304 0.04858307849133534
0 0.549945652173913 0.23596330275229357 0.28798913043478264 0.03353720693170232
0 0.16986413043478263 0.2313251783893986 0.2541440217391305 0.02112130479102959
0 0.5515760869565217 0.26904179408766565 0.2857065217391304 0.03174311926605503
0 0.36445652173913046 0.9467787971457696 0.21248641304347823 0.025423037716615755
0 0.6309646739130435 0.7192354740061162 0.025788043478260893 0.202150866462793
0 0.7217663043478261 0.718256880733945 0.03486413043478272 0.2065443425076454
0 0.3621875 0.8881855249745157 0.2121739130434782 0.05865443425076449
0 0.17767663043478263 0.4782670744138634 0.2530027173913043 0.03469928644240567
0 0.16970108695652175 0.25878695208970437 0.25707880434782604 0.043761467889908236
0 0.686616847826087 0.7202140672782874 0.030570652173913044 0.20239551478083584
0 0.36282608695652174 0.9707033639143731 0.21427989130434788 0.022079510703364
0 0.19248641304347824 0.7158205912334353 0.06785326086956521 0.22436289500509674
0 0.6569972826086957 0.7202140672782874 0.024442934782608707 0.2027624872579002
0 0.5056929347826087 0.7167991845056064 0.06512228260869558 0.22546381243628957
0 0.36380434782608695 0.987308868501529 0.21672554347826087 0.020489296636085536
0 0.3914673913043478 0.18848114169215088 0.038926630434782575 0.18957186544342505
0 0.5391983695652174 0.46508664627930685 0.13122282608695657 0.13867482161060138