0 0.5677966101694916 0.8747178329571106 0.0480225988700565 0.2505643340857788
0 0.37137005649717514 0.34828442437923246 0.03590395480225983 0.3057336343115124
0 0.820268361581921 0.35766365688487584 0.04148305084745747 0.29432279909706544
0 0.3358333333333333 0.3477765237020316 0.03800847457627114 0.3082731376975169
0 0.7682344632768361 0.3497968397291197 0.038163841807909576 0.307765237020316
0 0.015536723163841809 0.34875846501128666 0.031073446327683617 0.3047404063205418
0 0.2915819209039548 0.34928893905191877 0.04442090395480224 0.30978555304740407
0 0.5709180790960452 0.34828442437923246 0.0345762711864407 0.31586907449209933
0 0.9192514124293786 0.3497968397291197 0.04663841807909602 0.3133408577878104
0 0.8576977401129944 0.3505643340857788 0.04751412429378545 0.3110609480812641
0 0.12002824858757062 0.35005643340857784 0.04016949152542373 0.3052257336343116
0 0.7124011299435028 0.35030474040632054 0.028192090395480277 0.30066591422121897
0 0.5981920903954802 0.35081264108352145 0.026115819209039562 0.30471783295711063
0 0.6387994350282485 0.3520880361173815 0.029519774011299404 0.30193002257336343
0 0.530367231638418 0.8752821670428894 0.04096045197740113 0.24943566591422123
0 0.731638418079096 0.8730248306997742 0.08192090395480225 0.25395033860045146
0 0.6892655367231638 0.8831828442437923 0.03954802259887006 0.23363431151241534
0 0.7371468926553671 0.34422121896162533 0.035988700564971776 0.31586907449209933
0 0.2959039548022599 0.8741534988713319 0.05508474576271186 0.2516930022573363
0 0.2019632768361582 0.3371218961625282 0.03531073446327684 0.3293115124153499
0 0.617231638418079 0.3505643340857788 0.02401129943502825 0.30142212189616246
0 0.44813559322033897 0.33534988713318287 0.05170903954802262 0.3376749435665915
0 0.4279661016949153 0.8792325056433409 0.05084745762711865 0.24153498871331827
0 0.2422457627118644 0.34625282167042887 0.05519774011299433 0.31586907449209933
0 0.4969915254237288 0.3358577878103837 0.04084745762711858 0.33716704288939053
0 0.1624576271186441 0.34751693002257333 0.04813559322033896 0.30902934537246046
0 0.3757062146892655 0.8775395033860045 0.062146892655367235 0.24492099322799096
0 0.8900564971751412 0.3515801354401806 0.0447316384180792 0.30902934537246046
0 0.23375706214689265 0.8747178329571106 0.08050847457627118 0.2505643340857788
0 0.3290960451977401 0.8792325056433409 0.03672316384180791 0.24153498871331827