0 0.29115489130434785 0.08583333333333333 0.4037228260869565 0.042076502732240444
0 0.3010190217391305 0.12316939890710382 0.4091847826086956 0.037254098360655755
0 0.3015081521739131 0.20558743169398908 0.4074728260869565 0.0417622950819672
0 0.744633152173913 0.1326775956284153 0.4326222826086958 0.03265027322404372
0 0.2978532608695652 0.2465846994535519 0.4060054347826087 0.03580601092896172
0 0.3019972826086956 0.5302322404371584 0.3957472826086956 0.043265027322404316
0 0.29760869565217385 0.3517622950819672 0.39745923913043474 0.03282786885245898
0 0.7431657608695652 0.15919398907103827 0.4301766304347827 0.03881147540983608
0 0.3029755434782609 0.27862021857923497 0.4003940217391305 0.029248633879781456
0 0.7016576086956521 0.7025546448087432 0.37036684782608686 0.04866120218579228
0 0.3002989130434782 0.16717213114754098 0.4035597826086956 0.04084699453551911
0 0.30248641304347823 0.6647404371584699 0.38915760869565225 0.04038251366120211
0 0.7050815217391305 0.6637704918032786 0.39282608695652166 0.03789617486338799
0 0.2980978260869565 0.5734289617486339 0.3891576086956522 0.04821038251366115
0 0.7324184782608695 0.3640437158469946 0.41504076086956526 0.03607923497267759
0 0.7495108695652174 0.20398907103825137 0.4240760869565218 0.03125683060109289
0 0.703125 0.7840437158469945 0.37720108695652166 0.04848360655737706
0 0.7490217391304348 0.24117486338797814 0.4160190217391305 0.040997267759562826
0 0.7431657608695652 0.3309016393442623 0.41504076086956526 0.03964480874316941
0 0.716304347826087 0.4872677595628415 0.3957472826086956 0.06289617486338793
0 0.7060597826086956 0.8213524590163934 0.37817934782608686 0.0473497267759564
0 0.7080027173913044 0.6333196721311475 0.3933152173913044 0.03513661202185796
0 0.731929347826087 0.4425956284153006 0.4035597826086956 0.0335109289617486
0 0.75 0.295792349726776 0.41869565217391314 0.03506830601092898
0 0.7333967391304348 0.08493169398907104 0.3872010869565218 0.062445355191256845
0 0.7050815217391305 0.7447677595628415 0.37255434782608704 0.04311475409836058
0 0.7148505434782608 0.855724043715847 0.3772010869565218 0.03745901639344272
0 0.7124048913043479 0.9136612021857923 0.38207880434782615 0.0381693989071039
0 0.3063994565217391 0.8503278688524591 0.3720652173913042 0.032896174863387875
0 0.30248641304347823 0.7280737704918033 0.3793885869565218 0.04016393442622963
0 0.30566576086956526 0.8891120218579236 0.3767119565217391 0.04673497267759568
0 0.2978532608695652 0.32696721311475413 0.4013722826086957 0.026010928961748662
0 0.747554347826087 0.27051912568306014 0.42260869565217385 0.027636612021857947
0 0.3044429347826087 0.696653005464481 0.3876902173913044 0.033510928961748676
0 0.7324184782608695 0.41632513661202186 0.4106385869565218 0.030437158469945318
0 0.29907608695652177 0.6122131147540983 0.3845244565217391 0.031844262295081895
0 0.3007880434782609 0.4882513661202185 0.39623641304347823 0.04215846994535521
0 0.7104483695652174 0.5596857923497268 0.3923369565217391 0.05117486338797819
0 0.2963858695652174 0.3944808743169399 0.39623641304347823 0.045505464480874246
0 0.3051766304347826 0.7599863387978142 0.3876902173913042 0.03927595628415301
0 0.300054347826087 0.45879781420765026 0.3957472826086956 0.03338797814207658
0 0.3005434782608695 0.6333196721311475 0.38256793478260875 0.03307377049180333