0 0.5839285714285715 0.9489247311827957 0.02857142857142857 0.10215053763440861
0 0.4080535714285714 0.7185752688172043 0.024124999999999983 0.2132795698924732
0 0.812 0.11900537634408605 0.045053571428571464 0.2128763440860215
0 0.8196428571428571 0.9637096774193549 0.02857142857142857 0.07258064516129033
0 0.8464285714285714 0.9650537634408602 0.02857142857142857 0.06989247311827956
0 0.7732142857142857 0.9637096774193549 0.02857142857142857 0.07258064516129033
0 0.6641964285714286 0.41333333333333333 0.02875000000000004 0.21427419354838703
0 0.5553214285714286 0.7141666666666667 0.027357142857142948 0.2158870967741937
0 0.84775 0.12083333333333333 0.030267857142857225 0.20685483870967747
0 0.26339285714285715 0.9516129032258065 0.026785714285714284 0.0967741935483871
0 0.278375 0.41172043010752685 0.01966071428571427 0.21728494623655908
0 0.3835 0.41413978494623654 0.021678571428571405 0.21588709677419354
0 0.7491071428571429 0.9650537634408602 0.026785714285714284 0.06989247311827956
0 0.7973214285714286 0.9650537634408602 0.026785714285714284 0.06989247311827956
0 0.9044642857142857 0.9448924731182796 0.033928571428571426 0.11021505376344086
0 0.04378571428571428 0.4181451612903226 0.03724999999999997 0.21548387096774185
0 0.5505178571428572 0.11720430107526884 0.03112499999999991 0.21548387096774194
0 0.9149821428571429 0.4097043010752688 0.03246428571428583 0.22513440860215053
0 0.056 0.7189784946236558 0.04323214285714287 0.21809139784946235
0 0.34775 0.4225537634408602 0.029017857142857144 0.20784946236559138
0 0.38376785714285716 0.7153763440860215 0.027000000000000007 0.2160752688172043
0 0.5238392857142857 0.11790322580645161 0.027517857142857087 0.21647849462365593
0 0.3848214285714286 0.9529569892473119 0.019642857142857142 0.09408602150537634
0 0.8402857142857142 0.41293010752688175 0.03448214285714276 0.21809139784946235
0 0.6001607142857143 0.12916666666666665 0.026374999999999968 0.19239247311827956
0 0.65725 0.7241935483870967 0.01778571428571435 0.18876344086021513
0 0.43258928571428573 0.41293010752688175 0.0238035714285715 0.22051075268817197
0 0.53025 0.41572580645161294 0.023571428571428653 0.21588709677419354
0 0.361625 0.7193817204301076 0.019964285714285625 0.21107526881720426
0 0.8018571428571429 0.4137365591397849 0.021464285714285682 0.21588709677419354
0 0.7895892857142858 0.7141666666666667 0.02069642857142863 0.2160752688172043
0 0.018642857142857138 0.7181720430107528 0.03489285714285713 0.21911290322580643
0 0.7303571428571428 0.9637096774193549 0.02857142857142857 0.07258064516129033
0 0.6994107142857143 0.4125268817204301 0.026535714285714312 0.215483870967742
0 0.14483928571428573 0.42938172043010747 0.023714285714285667 0.1881720430107527
0 0.6721964285714286 0.7201881720430108 0.018999999999999975 0.1958064516129033
0 0.28482142857142856 0.9623655913978495 0.023214285714285715 0.07526881720430108
0 0.8344107142857142 0.7226075268817205 0.018499999999999822 0.19209677419354848
0 0.6102857142857143 0.4145430107526882 0.030624999999999958 0.21647849462365598
0 0.6028214285714285 0.7145698924731183 0.023339285714285802 0.2114784946236558
0 0.308 0.41413978494623654 0.020696428571428525 0.21467741935483875
0 0.12003571428571429 0.42056451612903223 0.030839285714285732 0.2082526881720431
0 0.18739285714285714 0.7266129032258065 0.018053571428571454 0.18747311827956992
0 0.7602321428571429 0.41572580645161294 0.023892857142857136 0.21147849462365595
0 0.7058035714285714 0.7226075268817205 0.030714285714285795 0.19008064516129042
0 0.3445535714285714 0.7201881720430108 0.018339285714285683 0.2054569892473117
0 0.10189285714285715 0.7189784946236558 0.03239285714285712 0.21107526881720426
0 0.1916607142857143 0.41051075268817205 0.025392857142857193 0.22029569892473116
0 0.3625 0.9543010752688172 0.03214285714285714 0.0913978494623656
0 0.472625 0.7125537634408602 0.016732142857142866 0.22212365591397848
0 0.980625 0.7258064516129032 0.01969642857142852 0.1811559139784946
0 0.93125 0.9623655913978495 0.023214285714285715 0.07526881720430108
0 0.36055357142857136 0.12263440860215055 0.029910714285714287 0.20865591397849464
0 0.7837142857142857 0.4137365591397849 0.024446428571428667 0.21327956989247304
0 0.9491071428571428 0.9623655913978495 0.019642857142857142 0.07526881720430108
0 0.472625 0.1161021505376344 0.023446428571428563 0.21588709677419354
0 0.7111428571428572 0.13107526881720427 0.017857142857142856 0.1849731182795699
0 0.28451785714285716 0.11690860215053764 0.042196428571428565 0.20965053763440858
0 0.460875 0.7346505376344087 0.017517857142857047 0.17833333333333343
0 0.09948214285714285 0.42819892473118276 0.0177857142857143 0.18916666666666668
0 0.21141071428571426 0.43180107526881717 0.018910714285714243 0.1808333333333333
0 0.970482142857143 0.43180107526881717 0.022964285714285534 0.17672043010752692
0 0.48382142857142857 0.7338440860215054 0.014892857142857199 0.1764247311827957
0 0.8643035714285714 0.7185752688172043 0.032696428571428474 0.2072580645161291
0 0.22982142857142854 0.4330107526881721 0.019285714285714305 0.18174731182795703
0 0.8162678571428572 0.4101075268817204 0.021053571428571363 0.2209139784946237
0 0.5622678571428571 0.3916397849462366 0.021964285714285634 0.2468010752688172
0 0.754375 0.12051075268817203 0.018553571428571405 0.20432795698924736
0 0.324 0.41693548387096774 0.017589285714285755 0.21728494623655908
0 0.44273214285714285 0.7129569892473119 0.02317857142857146 0.21911290322580643
0 0.8029285714285714 0.7314247311827956 0.01573214285714276 0.1798387096774193
0 0.5026785714285714 0.9623655913978495 0.023214285714285715 0.07526881720430108
0 0.5019642857142858 0.7129569892473119 0.029517857142857096 0.2158870967741934
0 0.3346785714285714 0.11741935483870966 0.02158928571428567 0.21327956989247313
0 0.6678571428571428 0.9690860215053764 0.02142857142857143 0.06182795698924731
0 0.7107142857142857 0.9623655913978495 0.02857142857142857 0.07526881720430108
0 0.26130357142857147 0.4028763440860215 0.021839285714285745 0.23879032258064511
0 0.817875 0.727016129032258 0.02348214285714302 0.18916666666666668
0 0.9964285714285714 0.7231182795698925 0.007142857142857143 0.1774193548387097
0 0.42142857142857143 0.9650537634408602 0.017857142857142856 0.06989247311827956
0 0.7276964285714286 0.41572580645161294 0.03289285714285707 0.21107526881720426
0 0.25008928571428574 0.7129569892473119 0.03966071428571425 0.2160752688172043
0 0.008928571428571428 0.13306451612903225 0.017857142857142856 0.18010752688172044
0 0.06919642857142858 0.41935483870967744 0.021875 0.20887096774193545
0 0.5008928571428571 0.4161290322580645 0.022178571428571357 0.2132795698924732
0 0.6833928571428571 0.7121505376344086 0.019214285714285698 0.20473118279569885
0 0.31339285714285714 0.9637096774193549 0.019642857142857142 0.07258064516129033
0 0.4259285714285714 0.12373655913978494 0.02478571428571428 0.20123655913978497
0 0.47410714285714284 0.956989247311828 0.01607142857142857 0.08602150537634409
0 0.7602321428571429 0.7286290322580645 0.018214285714285794 0.18526881720430097
0 0.579875 0.4145430107526882 0.019517857142857052 0.21327956989247304
0 0.2460892857142857 0.4145430107526882 0.01778571428571425 0.2150806451612903
0 0.55 0.9663978494623656 0.017857142857142856 0.06720430107526881
0 0.5750714285714286 0.7266129032258065 0.019803571428571486 0.1907795698924732
0 0.9438035714285714 0.7145698924731183 0.028053571428571494 0.20784946236559154
0 0.12642857142857142 0.12322580645161291 0.059571428571428546 0.20193548387096774
0 0.008928571428571428 0.4327956989247312 0.017857142857142856 0.1881720430107527
0 0.6116071428571429 0.9596774193548387 0.030357142857142857 0.08064516129032258
0 0.9491428571428571 0.11389784946236559 0.047928571428571286 0.2136827956989247
0 0.44941071428571433 0.12163978494623656 0.022910714285714357 0.20193548387096774
0 0.5238392857142857 0.71497311827957 0.02046428571428578 0.20924731182795708
0 0.4253928571428572 0.7334408602150537 0.017178571428571435 0.18497311827957005
0 0.7714464285714285 0.7141666666666667 0.023392857142857184 0.2114784946236558
0 0.413125 0.43381720430107523 0.019874999999999993 0.18204301075268825
0 0.9427321428571428 0.38841397849462367 0.027785714285714188 0.2632795698924731
0 0.455 0.43018817204301074 0.022696428571428635 0.18787634408602147
0 0.5056964285714286 0.11771505376344088 0.019928571428571372 0.21647849462365593
0 0.0845357142857143 0.42416666666666664 0.019053571428571406 0.1951075268817204
0 0.316 0.7161827956989247 0.01966071428571427 0.21809139784946235
0 0.05999999999999999 0.1296505376344086 0.04505357142857141 0.18526881720430108
0 0.226625 0.7338440860215054 0.01578571428571424 0.1764247311827957
0 0.29198214285714286 0.44986559139784943 0.01705357142857145 0.15413978494623648
0 0.2978571428571429 0.71497311827957 0.020303571428571438 0.2168817204301077
0 0.4843571428571429 0.4145430107526882 0.020196428571428473 0.21206989247311825
0 0.4902321428571428 0.14021505376344084 0.017517857142857047 0.16889784946236555
0 0.7415714285714285 0.7318279569892473 0.01666071428571436 0.1764247311827957
0 0.2220892857142857 0.11841397849462365 0.027678571428571427 0.2022311827956989
0 0.9155178571428573 0.7290322580645161 0.022053571428571266 0.17924731182795686
0 0.9625 0.946236559139785 0.025 0.10752688172043011
0 0.7906607142857143 0.12051075268817203 0.017928571428571363 0.20362903225806453
0 0.4357142857142857 0.9663978494623656 0.017857142857142856 0.06720430107526881
0 0.69375 0.9690860215053764 0.023214285714285715 0.06182795698924731
0 0.48482142857142857 0.9516129032258065 0.01607142857142857 0.0967741935483871
0 0.6818035714285714 0.13529569892473117 0.01914285714285719 0.17954301075268814
0 0.6978035714285714 0.13559139784946236 0.018785714285714253 0.1826612903225806
0 0.8680357142857144 0.43018817204301074 0.023267857142857094 0.1811559139784946
0 0.9646250000000001 0.7230107526881719 0.018214285714285794 0.18876344086021513
0 0.8963214285714287 0.430994623655914 0.020035714285714334 0.1789247311827957