0 0.4269429347826087 0.3457033639143731 0.023586956521739148 0.10705657492354742
0 0.5362771739130434 0.4675305810397553 0.025869565217391255 0.09930428134556565
0 0.40394021739130437 0.34448012232415903 0.0251902173913043 0.10668960244648323
0 0.48551630434782606 0.3461926605504588 0.037472826086956575 0.1068730886850153
0 0.6560326086956522 0.20055810397553517 0.03660326086956529 0.10687308868501526
0 0.6217527173913043 0.19983180428134556 0.034524456521739084 0.10705657492354738
0 0.3592527173913044 0.34448012232415903 0.024225543478260888 0.1068730886850153
0 0.38506793478260876 0.6123012232415902 0.024320652173913014 0.10467889908256886
0 0.5679483695652173 0.884762996941896 0.03769021739130436 0.10229357798165152
0 0.2046875 0.46508409785932725 0.0317255434782609 0.10339449541284404
0 0.560570652173913 0.19897553516819572 0.029375000000000005 0.10650611620795106
0 0.846929347826087 0.20214831804281347 0.032703804347826 0.10797400611620797
0 0.5228260869565218 0.3466819571865444 0.030991847826086882 0.10724006116207954
0 0.32259510869565217 0.4670412844036697 0.02451086956521742 0.10107798165137617
0 0.29027173913043475 0.1923853211009174 0.03725543478260872 0.11315749235474006
0 0.1827717391304348 0.4643577981651376 0.03512228260869566 0.10431192660550463
0 0.31716032608695655 0.343019877675841 0.02528532608695654 0.10840214067278289
0 0.5323777173913044 0.19836391437308867 0.030529891304347863 0.10742354740061161
0 0.8048505434782609 0.34668195718654427 0.035665760869565216 0.1096788990825688
0 0.7406385869565217 0.2001987767584098 0.033736413043478165 0.10613914373088688
0 0.2273505434782609 0.46508409785932725 0.03275815217391306 0.10503822629969427
0 0.7280570652173913 0.3461926605504587 0.0349048913043479 0.106322629969419
0 0.6825 0.3464373088685015 0.02773097826086952 0.10467889908256882
0 0.5558016304347826 0.34668195718654427 0.03158967391304348 0.10797400611620792
0 0.75625 0.34692660550458715 0.033220108695652235 0.10632262996941891
0 0.16324728260869567 0.46313455657492353 0.03245923913043476 0.10840214067278285
0 0.6334646739130435 0.8867201834862385 0.03512228260869568 0.10229357798165152
0 0.3384239130434783 0.3447247706422018 0.02322010869565214 0.1072400611620795
0 0.6946467391304347 0.75 0.031236413043478274 0.1118195718654435
0 0.5718478260869565 0.7509785932721712 0.03444293478260873 0.11102446483180421
0 0.5896467391304349 0.19787461773700304 0.03419836956521734 0.1072400611620795
0 0.7128668478260869 0.19934250764525996 0.030638586956521677 0.10613914373088688
0 0.29915760869565217 0.4677752293577982 0.029714673913043485 0.10302752293577981
0 0.6061277173913043 0.6103516819571866 0.038423913043478225 0.10650611620795103
0 0.5766304347826087 0.6127905198776759 0.04000000000000008 0.10376146788990828
0 0.2618478260869565 0.46850917431192657 0.04865489130434783 0.10107798165137617
0 0.5349728260869565 0.8852522935779817 0.03088315217391307 0.09875382262996947
0 0.5046059782608695 0.6113302752293578 0.041875000000000065 0.10668960244648315
0 0.6321603260869565 0.3464373088685015 0.02793478260869558 0.10668960244648315
0 0.458179347826087 0.7558562691131497 0.02826086956521733 0.10357798165137608
0 0.47987771739130436 0.751467889908257 0.025978260869565225 0.11047400611620804
0 0.46425271739130436 0.6127905198776759 0.03593750000000006 0.1072400611620795
0 0.6239266304347826 0.4663073394495412 0.030529891304347863 0.10143730886850158
0 0.7028804347826088 0.3478975535168196 0.028614130434782534 0.10742354740061166
0 0.7536548913043479 0.6098623853211009 0.03660326086956529 0.10668960244648315
0 0.35122282608695654 0.6127905198776759 0.043138586956521736 0.1099235474006116
0 0.6872690217391303 0.19958715596330276 0.03017663043478258 0.10540519877675841
0 0.5796603260869565 0.46801987767584097 0.02773097826086952 0.09930428134556582
0 0.44559782608695647 0.3454587155963303 0.019904891304347794 0.1072400611620795
0 0.2212771739130435 0.6118195718654434 0.036684782608695655 0.11633027522935786
0 0.8304483695652174 0.34692660550458715 0.03580163043478248 0.11200305810397554
0 0.6000543478260869 0.7519495412844036 0.034388586956521666 0.11047400611620795
0 0.14025815217391305 0.17712538226299696 0.04084239130434783 0.1384250764525994
0 0.6742527173913043 0.7509785932721712 0.031480978260869506 0.10912844036697257
0 0.43974184782608694 0.4675305810397553 0.021752717391304334 0.09893730886850159
0 0.5397418478260869 0.7529281345565749 0.03580163043478264 0.11145259938837919
0 0.45557065217391307 0.4658180428134556 0.02069293478260872 0.10071100917431194
0 0.40611413043478256 0.6123012232415902 0.024796195652173912 0.1061391437308868
0 0.8196059782608696 0.20055810397553517 0.03183423913043487 0.11029051987767584
0 0.3330027173913043 0.7539067278287462 0.03216032608695654 0.11474770642201829
0 0.36663043478260865 0.4675305810397553 0.033464673913043474 0.09912079510703371
0 0.5050407608695652 0.8828134556574924 0.03593750000000006 0.09350917431192657
0 0.6660054347826087 0.6113302752293578 0.03593750000000006 0.10687308868501526
0 0.3408152173913043 0.4663073394495412 0.024605978260869545 0.1061391437308868
0 0.7267527173913043 0.6108409785932721 0.03739130434782606 0.10449541284403674
0 0.28701086956521743 0.3427752293577982 0.031236413043478274 0.10797400611620797
0 0.2189945652173913 0.17700305810397557 0.0374728260869565 0.13427370030581043
0 0.487241847826087 0.46508409785932725 0.021929347826086937 0.10125382262996946
0 0.7779483695652175 0.34741590214067286 0.03690217391304359 0.10857798165137618
0 0.7731793478260869 0.8823241590214067 0.030067934782608843 0.10650611620795103
0 0.23559782608695654 0.3398470948012232 0.029932065217391345 0.11065749235474007
0 0.3310461956521739 0.19360091743119265 0.03158967391304348 0.11260703363914375
0 0.6078668478260869 0.3476529051987768 0.027309782608695682 0.10876146788990824
0 0.6564673913043478 0.34741590214067286 0.027418478260869496 0.1068730886850153
0 0.41782608695652174 0.4660626911314985 0.021752717391304334 0.1001605504587156
0 0.8165625 0.4658180428134556 0.04406250000000009 0.1001605504587156
0 0.6464809782608696 0.46899082568807343 0.030638586956521677 0.09912079510703371
0 0.18342391304347827 0.3356957186544342 0.030638586956521753 0.11816513761467895
0 0.2614130434782609 0.3417966360856269 0.026684782608695633 0.10797400611620792
0 0.47119565217391307 0.19738532110091744 0.02947010869565225 0.10876146788990824
0 0.6738179347826087 0.4677752293577982 0.03580163043478264 0.09723241590214073
0 0.3987364130434783 0.4672859327217126 0.023682065217391236 0.09771406727828742
0 0.7866304347826087 0.4660626911314985 0.037907608695652295 0.10071100917431194
0 0.44125 0.19592507645259938 0.028940217391304285 0.1093119266055046
0 0.7762092391304347 0.6093730886850153 0.03945652173913038 0.10967889908256884
0 0.5059103260869565 0.4660626911314985 0.023586956521739148 0.09686544342507648
0 0.5024320652173914 0.19787461773700304 0.026073369565217466 0.10760703363914373
0 0.43192934782608694 0.7519495412844036 0.03444293478260873 0.11297400611620793
0 0.6495244565217392 0.7509785932721712 0.033274456521739146 0.10967889908256884
0 0.7284918478260869 0.75 0.0404619565217391 0.11517584097859335
0 0.5102445652173914 0.7495107033639145 0.03525815217391311 0.1116360856269114
0 0.7011548913043477 0.4665519877675841 0.0341168478260869 0.10211009174311922
0 0.6260869565217392 0.7509785932721712 0.03539402173913037 0.10949541284403663
0 0.7957336956521739 0.20068042813455658 0.034388586956521666 0.10967889908256884
0 0.6391032608695653 0.6108409785932721 0.0317255434782609 0.10485474006116215
0 0.250570652173913 0.6123012232415902 0.0392391304347826 0.11358562691131494
0 0.21 0.3386238532110092 0.027934782608695655 0.11340214067278291
0 0.15510869565217392 0.3356957186544342 0.03796195652173913 0.11980886850152904
0 0.6929076086956522 0.6127905198776759 0.03517663043478267 0.10540519877675833
0 0.7098233695652173 0.8852522935779817 0.02688858695652169 0.10155963302752305
0 0.28115489130434784 0.7548853211009173 0.03322010869565216 0.1108409785932721
0 0.30588315217391304 0.7534174311926606 0.031834239130434795 0.11181957186544333
0 0.5432201086956522 0.6113302752293578 0.03572010869565213 0.10394495412844039
0 0.43323369565217396 0.6108409785932721 0.030638586956521677 0.10876146788990824
0 0.36532608695652175 0.19494648318042815 0.034307065217391304 0.1116360856269113
0 0.18895380434782608 0.7563455657492354 0.03804347826086957 0.11962538226299688
0 0.5827038043478261 0.34741590214067286 0.025869565217391255 0.10840214067278289
0 0.7931385869565217 0.8828134556574924 0.030176630434782657 0.10779051987767602
0 0.5575407608695653 0.4665519877675841 0.025978260869565225 0.10089449541284405
0 0.7575543478260869 0.8852522935779817 0.02793478260869558 0.10449541284403657
0 0.3212907608695652 0.6123012232415902 0.023138586956521778 0.11126911314984707
0 0.2546875 0.1779816513761468 0.038478260869565205 0.1354969418960245