0 0.68125 0.53984375 0.1828125 0.03125
0 0.69296875 0.56640625 0.2171875 0.0328125
0 0.896875 0.57421875 0.2015625 0.025
0 0.490625 0.58125 0.2015625 0.0453125
0 0.4875 0.65390625 0.203125 0.03125
0 0.09765625 0.69140625 0.1953125 0.0265625
0 0.09140625 0.803125 0.1828125 0.028125
0 0.28984375 0.67734375 0.2109375 0.0296875
0 0.0921875 0.74453125 0.184375 0.0328125
0 0.2921875 0.65234375 0.2203125 0.0359375
0 0.48828125 0.67890625 0.20625 0.028125
0 0.890625 0.765625 0.1984375 0.03125
0 0.4859375 0.7125 0.2046875 0.028125
0 0.690625 0.64375 0.20625 0.0296875
0 0.4921875 0.63515625 0.2 0.025
0 0.69453125 0.6640625 0.2046875 0.0265625
0 0.89375 0.65390625 0.2015625 0.0265625
0 0.89140625 0.55859375 0.2140625 0.025
0 0.08515625 0.90390625 0.1703125 0.0296875
0 0.684375 0.8734375 0.2046875 0.0265625
0 0.4875 0.84453125 0.1984375 0.0328125
0 0.69375 0.7203125 0.209375 0.028125
0 0.89453125 0.61328125 0.203125 0.0328125
0 0.89375 0.67421875 0.2015625 0.0296875
0 0.26328125 0.93515625 0.2109375 0.0359375
0 0.66953125 0.98359375 0.20625 0.0296875
0 0.484375 0.75625 0.203125 0.028125
0 0.2828125 0.83046875 0.2140625 0.0359375
0 0.69140625 0.740625 0.209375 0.028125
0 0.69453125 0.58828125 0.209375 0.0265625
0 0.696875 0.6015625 0.209375 0.0234375
0 0.89375 0.70859375 0.1984375 0.03125
0 0.678125 0.9609375 0.2109375 0.0359375
0 0.28515625 0.80625 0.2140625 0.034375
0 0.0921875 0.78671875 0.184375 0.0296875
0 0.884375 0.8859375 0.20625 0.034375
0 0.26875 0.8953125 0.2109375 0.034375
0 0.8953125 0.59296875 0.203125 0.0265625