0 0.5780027173913044 0.8613260869565217 0.04543478260869557 0.2636739130434782
0 0.388491847826087 0.34302173913043477 0.03453804347826082 0.29443478260869566
0 0.8203125 0.35205434782608697 0.03990489130434768 0.28344565217391304
0 0.3543070652173913 0.34253260869565216 0.0365625 0.29688043478260867
0 0.770258152173913 0.34447826086956523 0.03671195652173911 0.296391304347826
0 0.04425271739130435 0.34375 0.03434782608695652 0.2939456521739131
0 0.31173913043478263 0.34398913043478263 0.04273097826086955 0.29833695652173914
0 0.5804483695652174 0.34302173913043477 0.03326086956521741 0.30419565217391303
0 0.9155298913043479 0.34447826086956523 0.04486413043478259 0.3017608695652174
0 0.8563179347826086 0.34521739130434786 0.04570652173913057 0.2995652173913044
0 0.14671195652173913 0.3447282608695652 0.03864130434782608 0.2939456521739131
0 0.7165489130434782 0.34496739130434784 0.027119565217391353 0.28955434782608697
0 0.6066847826086956 0.34545652173913044 0.025122282608695666 0.29345652173913045
0 0.6457472826086956 0.3466847826086956 0.02839673913043475 0.29077173913043475
0 0.5419972826086957 0.8627934782608695 0.039755434782608685 0.2644021739130435
0 0.7354755434782608 0.8618152173913044 0.07949728260869564 0.2702608695652175
0 0.6951902173913044 0.8706086956521739 0.038573369565217376 0.24902173913043468
0 0.7403532608695652 0.33910869565217394 0.03461956521739133 0.30419565217391303
0 0.3164673913043478 0.8632826086956522 0.05298913043478261 0.26977173913043484
0 0.22552989130434783 0.3322717391304348 0.033967391304347824 0.31714130434782606
0 0.625 0.34521739130434786 0.02309782608695652 0.2902826086956521
0 0.4623369565217391 0.33056521739130434 0.049741847826086975 0.3251956521739131
0 0.4437228260869565 0.8671847826086956 0.04883152173913036 0.2575652173913044
0 0.2642798913043478 0.3410652173913043 0.0530978260869565 0.30419565217391303
0 0.5093342391304347 0.33105434782608695 0.039293478260869506 0.32470652173913045
0 0.1875271739130435 0.34228260869565214 0.04630434782608694 0.29760869565217385
0 0.3933695652173913 0.8671847826086956 0.0596195652173913 0.2644021739130435
0 0.887445652173913 0.34619565217391307 0.04302989130434792 0.29760869565217385
0 0.25634510869565214 0.86475 0.07789402173913042 0.2702608695652175
0 0.3488179347826087 0.8691413043478261 0.03513586956521741 0.2617173913043478