0 0.56484375 0.3609375 0.3484375 0.0359375
0 0.1484375 0.23046875 0.296875 0.0421875
0 0.15234375 0.2625 0.3046875 0.046875
0 0.16015625 0.328125 0.3203125 0.05625
0 0.51796875 0.3625 0.221875 0.0375
0 0.16328125 0.36171875 0.3265625 0.0609375
0 0.53203125 0.3015625 0.3765625 0.0625
0 0.12734375 0.39921875 0.2546875 0.0390625
0 0.528125 0.425 0.2390625 0.0515625
0 0.15703125 0.290625 0.3140625 0.046875
0 0.18046875 0.7609375 0.3375 0.0890625
0 0.16484375 0.60625 0.321875 0.078125
0 0.15859375 0.53515625 0.315625 0.065625
0 0.87890625 0.196875 0.2078125 0.040625
0 0.909375 0.23046875 0.1546875 0.025
0 0.871875 0.27734375 0.2203125 0.0390625
0 0.8828125 0.609375 0.234375 0.05