0 0.32345419847328244 0.35504447268106737 0.020582061068702338 0.07118170266836084
0 0.3363549618320611 0.48113722998729347 0.011583969465648842 0.06721092757306224
0 0.2369847328244275 0.34859593392630245 0.030543893129770985 0.06865311308767467
0 0.1656583969465649 0.3473252858958069 0.01704198473282444 0.07699491740787805
0 0.11356870229007633 0.08326556543837357 0.018053435114503805 0.06533036848792884
0 0.16770992366412213 0.22149936467598474 0.01973282442748092 0.07184879288437104
0 0.07615458015267176 0.21095298602287169 0.03117366412213742 0.07867217280813217
0 0.48798664122137403 0.3632083862770013 0.01988549618320603 0.0695489199491741
0 0.203587786259542 0.3495552731893266 0.024370229007633606 0.07780177890724271
0 0.06897900763358779 0.341861499364676 0.02196564885496184 0.0786721728081321
0 0.07629770992366412 0.07513977128335451 0.03685114503816794 0.07476493011435832
0 0.3141030534351145 0.1101969504447268 0.018263358778625942 0.06313214739517153
0 0.9293034351145038 0.592020330368488 0.034551526717557283 0.0812134688691232
0 0.04890267175572519 0.21033036848792885 0.022318702290076323 0.07780177890724271
0 0.019895038167938934 0.20164548919949174 0.030333969465648862 0.08853875476493012
0 0.2790648854961832 0.22932020330368488 0.018902671755725138 0.07252858958068613
0 0.6832919847328245 0.2285705209656925 0.05386450381679394 0.08499999999999998
0 0.9837213740458016 0.4691740787801779 0.01601145038167958 0.0812134688691232
0 0.34857824427480916 0.10939008894536213 0.019885496183206137 0.07780177890724269
0 0.49282442748091604 0.1288055908513342 0.03678435114503813 0.06979669631512073
0 0.09596374045801526 0.342858958068615 0.019952290076335876 0.07823379923761124
0 0.017452290076335877 0.47761753494282083 0.03182251908396947 0.07557179161372303
0 0.3582729007633588 0.23700762388818297 0.041164122137404564 0.07575603557814486
0 0.30720419847328245 0.3547712833545108 0.017776717557251905 0.07557179161372303
0 0.94793893129771 0.192712833545108 0.017700381679389268 0.0789199491740788
0 0.8562404580152672 0.7056861499364676 0.018120229007633597 0.08388182973316403
0 0.9914122137404581 0.3243329097839898 0.01717557251908397 0.08703939008894536
0 0.08528625954198472 0.9429415501905972 0.019427480916030547 0.08605463786531119
0 0.21831106870229006 0.09635959339263023 0.021889312977099236 0.06893265565438374
0 0.9628435114503816 0.3247395171537484 0.02364503816793912 0.09275730622617535
0 0.041708015267175574 0.07371029224904702 0.025133587786259546 0.06880559085133417
0 0.3653530534351145 0.5865628970775095 0.026536259541984682 0.0709783989834816
0 0.3316221374045802 0.11155654383735705 0.014828244274809126 0.06707115628970775
0 0.024933206106870227 0.07104193138500635 0.013769083969465648 0.06607369758576874
0 0.519293893129771 0.48480940279542567 0.02954198473282446 0.06793519695044477
0 0.8338835877862595 0.7056861499364676 0.024761450381679432 0.08140406607369766
0 0.1633301526717557 0.09083862770012706 0.018616412213740448 0.06570520965692504
0 0.040238549618320615 0.3403748411689962 0.024666030534351138 0.07736975857687418
0 0.0129293893129771 0.06874841168996187 0.013454198473282443 0.06843074968233799
0 0.06954198473282443 0.9409529860228716 0.01791030534351146 0.0890343074968233
0 0.00715648854961832 0.2067979669631512 0.01431297709923664 0.07179161372299873
0 0.4451145038167939 0.12173443456162644 0.01949427480916026 0.07848792884371027
0 0.9909351145038168 0.040025412960609914 0.01812977099236641 0.08005082592121983
0 0.7876622137404581 0.09046378653113087 0.020744274809160315 0.07004447268106734
0 0.8227003816793894 0.5900381194409149 0.03121183206106874 0.07712198221092764
0 0.650868320610687 0.6912897077509529 0.036927480916030576 0.07656289707750967
0 0.9923664122137404 0.7150571791613723 0.015267175572519083 0.08703939008894536
0 0.8696660305343511 0.338138500635324 0.02854007633587794 0.0772426937738246
0 0.584895038167939 0.8928081321473952 0.012309160305343599 0.07383100381194412