0 0.6504936305732484 0.5809391771019679 0.04066878980891714 0.17229874776386414
0 0.7004140127388535 0.29949910554561715 0.037181528662420416 0.1610286225402504
0 0.8870222929936304 0.29819320214669054 0.03992038216560499 0.15893559928443654
0 0.8324363057324841 0.5793649373881932 0.046512738853503245 0.17491949910554558
0 0.29777070063694266 0.9297853309481217 0.03503184713375796 0.1404293381037567
0 0.3162420382165605 0.5809391771019679 0.05093949044585989 0.17373881932021468
0 0.8105095541401274 0.29949910554561715 0.04291401273885358 0.1599821109123435
0 0.919203821656051 0.3005545617173524 0.032070063694267674 0.1584078711985689
0 0.5977866242038217 0.3013327370304114 0.04820063694267513 0.16312164579606442
0 0.6495700636942675 0.30186046511627906 0.05181528662420377 0.162602862254025
0 0.8954140127388536 0.9216010733452593 0.05084394904458609 0.1534257602862256
0 0.774124203821656 0.29819320214669054 0.03585987261146494 0.16181574239713772
0 0.4135031847133758 0.2979338103756708 0.04192675159235675 0.16312164579606442
0 0.7414649681528662 0.5783184257602861 0.042101910828025564 0.1763595706618963
0 0.7834554140127389 0.5788461538461538 0.042515923566879055 0.1759660107334526
0 0.5660509554140127 0.5793649373881932 0.04840764331210187 0.17151162790697674
0 0.7367993630573249 0.9237030411449016 0.04484076433121014 0.1488461538461537
0 0.9467356687898089 0.29766547406082294 0.042515923566879055 0.16076923076923078
0 0.9808917197452229 0.5791592128801432 0.03821656050955414 0.16905187835420393
0 0.42401273885350316 0.5788461538461538 0.05114649681528663 0.1739982110912343
0 0.849235668789809 0.2979338103756708 0.03641719745222913 0.16312164579606442
0 0.517547770700637 0.5783184257602861 0.043407643312101896 0.17151162790697674
0 0.3698885350318471 0.5798926654740608 0.0520222929936306 0.17373881932021468
0 0.014331210191082803 0.27996422182468694 0.028662420382165606 0.1967799642218247
0 0.14331210191082802 0.7558139534883721 0.28662420382165604 0.016100178890876567
0 0.7363375796178344 0.29819320214669054 0.0368312101910828 0.15866726296958855
0 0.34394904458598724 0.9284436493738819 0.06050955414012739 0.14311270125223613
0 0.8818789808917198 0.5793649373881932 0.05084394904458609 0.17543828264758485
0 0.5529936305732484 0.3008139534883721 0.03585987261146494 0.16024150268336312
0 0.7820541401273885 0.9205545617173525 0.04848726114649689 0.1488461538461537
0 0.04374203821656051 0.5825134168157424 0.05114649681528663 0.17111806797853304
0 0.14251592356687898 0.7298747763864043 0.28503184713375795 0.017889087656529516
0 0.8694267515923567 0.7853309481216458 0.2611464968152866 0.028622540250447227
0 0.370828025477707 0.2989803220035778 0.04035031847133763 0.16587656529516998
0 0.14421974522292993 0.5830411449016101 0.04686305732484077 0.1698032200357781
0 0.05960191082802547 0.2953130590339893 0.06076433121019108 0.16863148479427548
0 0.2120859872611465 0.29871198568872986 0.042738853503184675 0.1610286225402504
0 0.24649681528662423 0.9294633273703042 0.035636942675159225 0.14032200357781763
0 0.696687898089172 0.5788461538461538 0.0469426751592357 0.1771466905187835
0 0.2947770700636943 0.2963595706618962 0.04090764331210191 0.16534883720930232
0 0.09605095541401273 0.5825134168157424 0.04792993630573247 0.170071556350626
0 0.3873885350318471 0.9278890876565297 0.0323407643312101 0.140062611806798
0 0.9363057324840764 0.9257602862254025 0.04777070063694268 0.148479427549195
0 0.4764808917197452 0.5783184257602861 0.043646496815286574 0.17203041144901604
0 0.10457006369426752 0.29478533094812165 0.035636942675159225 0.16863148479427548
0 0.27659235668789806 0.5819856887298748 0.03996815286624207 0.17111806797853304
0 0.1449044585987261 0.7419499105545617 0.2898089171974522 0.01699463327370304
0 0.7388535031847133 0.04427549194991055 0.07643312101910828 0.0885509838998211
0 0.14331210191082802 0.7790697674418605 0.28662420382165604 0.017889087656529516
0 0.4769585987261146 0.9257960644007155 0.07283439490445862 0.14687835420393563
0 0.5124044585987262 0.17961538461538462 0.3267834394904459 0.026511627906976733
0 0.982484076433121 0.2974060822898032 0.03503184713375796 0.16547406082289803
0 0.13628980891719747 0.2932110912343471 0.04030254777070064 0.16836314847942757
0 0.20302547770700638 0.04293381037567084 0.07484076433121019 0.08586762075134168
0 0.14331210191082802 0.8206618962432916 0.28662420382165604 0.020572450805008944
0 0.23436305732484078 0.5825134168157424 0.045191082802547765 0.1698032200357781
0 0.19156050955414014 0.5819856887298748 0.04356687898089174 0.1700715563506262
0 0.9327388535031848 0.5798926654740608 0.05476114649681545 0.1763595706618963
0 0.2778662420382166 0.04338103756708408 0.06210191082802548 0.08676207513416816
0 0.09802547770700637 0.9278890876565297 0.04729299363057323 0.1422898032200357
0 0.4510668789808917 0.30211985688729875 0.036273885350318426 0.15657423971377454
0 0.010350318471337579 0.5831842576028623 0.020700636942675158 0.17173524150268335
0 0.3323407643312102 0.2997674418604651 0.03901273885350318 0.162602862254025
0 0.1409235668789809 0.8005366726296959 0.2818471337579618 0.025044722719141325
0 0.2532643312101911 0.29557245080500893 0.038057324840764295 0.16404293381037566
0 0.8495222929936306 0.2003577817531306 0.30095541401273884 0.03756708407871199
0 0.6845541401273885 0.9268425760286225 0.06455414012738847 0.14098389982110904
0 0.13535031847133758 0.042486583184257604 0.054140127388535034 0.08497316636851521
0 0.21570063694267516 0.9273703041144902 0.037117834394904466 0.1426833631484794
0 0.2695859872611465 0.9273703041144902 0.03146496815286623 0.139150268336315
0 0.15605095541401273 0.4400715563506261 0.31210191082802546 0.02146690518783542
0 0.8670382165605095 0.7428443649373881 0.2659235668789809 0.03309481216457961
0 0.5268789808917197 0.8230769230769232 0.3480095541401273 0.029955277280858686
0 0.17898089171974524 0.16711985688729872 0.3382165605095542 0.037808586762075116
0 0.8455414012738853 0.17576028622540252 0.3089171974522293 0.03309481216457961
0 0.15764331210191082 0.4203935599284436 0.31528662420382164 0.026833631484794274
0 0.20194267515923567 0.19638640429338103 0.3610828025477707 0.037504472271914086
0 0.5184713375796178 0.7397406082289802 0.3655095541401273 0.02861359570661897
0 0.4984076433121019 0.41795169946332733 0.30136942675159234 0.020402504472271866
0 0.14968152866242038 0.4601967799642218 0.29936305732484075 0.024150268336314847
0 0.517547770700637 0.7869141323792487 0.33985668789808926 0.03034883720930238
0 0.8678343949044586 0.8197674418604651 0.2643312101910828 0.029516994633273702
0 0.5487898089171974 0.207262969588551 0.30976114649681524 0.024516994633273673
0 0.8606687898089171 0.4127906976744186 0.2786624203821656 0.009838998211091235
0 0.5044745222929936 0.43131484794275493 0.30277070063694267 0.014409660107334436
0 0.8542993630573248 0.42531305903398925 0.2914012738853503 0.01520572450805009
0 0.8550955414012739 0.4329159212880143 0.2898089171974522 0.014311270125223614
0 0.49702229299363054 0.44703935599284433 0.2988057324840764 0.016431127012522265
0 0.8535031847133758 0.4525939177101968 0.2929936305732484 0.017889087656529516
0 0.5026114649681529 0.4617084078711986 0.3006687898089171 0.015992844364937486
0 0.8542993630573248 0.4432021466905188 0.2914012738853503 0.01520572450805009
0 0.5231369426751592 0.760706618962433 0.3524522292993631 0.023515205724508017
0 0.8423566878980892 0.4821109123434705 0.31528662420382164 0.016100178890876567
0 0.5002866242038216 0.4824150268336315 0.30277070063694267 0.015214669051878345
0 0.15127388535031847 0.48345259391771017 0.30254777070063693 0.024150268336314847
0 0.3328025477707006 0.04382826475849732 0.04777070063694268 0.08765652951699464
0 0.3765923566878981 0.04338103756708408 0.04936305732484077 0.08676207513416816
0 0.42595541401273884 0.04382826475849732 0.06528662420382166 0.08765652951699464
0 0.49363057324840764 0.04427549194991055 0.07961783439490445 0.0885509838998211
0 0.48581210191082796 0.3016010733452594 0.034490445859872564 0.15893559928443643
0 0.6632165605095541 0.04561717352415027 0.07802547770700637 0.09123434704830054
0 0.5820063694267515 0.04382826475849732 0.08439490445859872 0.08765652951699464
0 0.517547770700637 0.30448121645796067 0.03711783439490437 0.15814847942754925
0 0.06687898089171974 0.04159212880143113 0.08917197452229299 0.08318425760286226
0 0.010350318471337579 0.04159212880143113 0.020700636942675158 0.08318425760286226
0 0.8527070063694268 0.04516994633273703 0.0875796178343949 0.09033989266547406
0 0.9092356687898089 0.04427549194991055 0.05732484076433121 0.0885509838998211