0 0.486761744966443 0.15734939759036146 0.03290268456375841 0.3037951807228916
0 0.4406711409395973 0.5169277108433735 0.03248322147651009 0.2891265060240964
0 0.4053691275167785 0.5178915662650603 0.034244966442953065 0.2867771084337349
0 0.5470805369127517 0.1848795180722892 0.026845637583892617 0.24518072289156628
0 0.4209060402684564 0.15816265060240964 0.03031879194630881 0.3028614457831325
0 0.5133557046979865 0.5188253012048193 0.04348993288590597 0.29647590361445786
0 0.579731543624161 0.1856024096385542 0.031862416107382566 0.2510843373493976
0 0.6118791946308725 0.18831325301204818 0.027214765100671185 0.2430421686746988
0 0.18399328859060401 0.18192771084337347 0.02565436241610737 0.2619578313253012
0 0.1610738255033557 0.18228915662650602 0.024362416107382566 0.25933734939759034
0 0.6229362416107382 0.5386746987951807 0.025654362416107322 0.2569879518072289
0 0.23179530201342283 0.18560240963855418 0.032835570469798646 0.25177710843373496
0 0.4743791946308725 0.5207228915662651 0.03174496644295295 0.2872590361445783
0 0.648741610738255 0.5391566265060241 0.02459731543624156 0.2614759036144578
0 0.11788590604026847 0.18322289156626506 0.022063758389261754 0.2562650602409639
0 0.4538422818791946 0.1581626506024096 0.0332885906040269 0.305933734939759
0 0.5981711409395973 0.538222891566265 0.023322147651006674 0.2562650602409638
0 0.9941275167785235 0.8599397590361446 0.01174496644295302 0.23795180722891565
0 0.5723657718120805 0.5363253012048192 0.026258389261744928 0.2584036144578314
0 0.7245973154362416 0.2105421686746988 0.029244966442952935 0.21774096385542174
0 0.9521812080536913 0.8526506024096385 0.025268456375838834 0.2451807228915662
0 0.32635906040268453 0.18831325301204818 0.02570469798657717 0.24966867469879522
0 0.05723154362416107 0.18063253012048192 0.02340604026845638 0.2584036144578314
0 0.6924664429530201 0.2105421686746988 0.029312080536912796 0.21620481927710844
0 0.28369127516778525 0.18903614457831328 0.023020134228187966 0.24966867469879522
0 0.545503355704698 0.8578614457831325 0.02763422818791951 0.2380722891566264
0 0.13855704697986576 0.1835843373493976 0.022701342281879196 0.2605421686746988
0 0.5965939597315436 0.8564457831325301 0.02696308724832223 0.24021084337349397
0 0.6282046979865772 0.8573795180722891 0.029815436241610708 0.2397289156626507
0 0.9274161073825503 0.8512349397590362 0.024563758389261912 0.24777108433734937
0 0.8720973154362416 0.853132530120482 0.03204697986577166 0.24894578313253005
0 0.9031879194630872 0.1741265060240964 0.030218120805369113 0.2801506024096385
0 0.8426006711409397 0.17376506024096386 0.029043624161073735 0.27825301204819275
0 0.9353187919463088 0.17638554216867472 0.03335570469798676 0.27542168674698797
0 0.9764093959731545 0.8583132530120481 0.024647651006711502 0.24054216867469883
0 0.7514765100671141 0.8635240963855422 0.0320973154362416 0.2380722891566264
0 0.09773489932885907 0.1835843373493976 0.021476510067114114 0.26006024096385544
0 0.5718288590604027 0.8578614457831325 0.024228187919463177 0.24102409638554212
0 0.012583892617449664 0.18072289156626506 0.025167785234899327 0.25301204819277107
0 0.2684060402684564 0.5339457831325302 0.03347315436241609 0.2567469879518073
0 0.30607382550335566 0.5349096385542169 0.03404362416107386 0.25933734939759023
0 0.9016107382550336 0.8517168674698795 0.024966442953020317 0.24801204819277117
0 0.8731543624161073 0.1741265060240964 0.028758389261745135 0.27969879518072294
0 0.34241610738255035 0.5358433734939759 0.031862416107382566 0.26099397590361456
0 0.7182885906040268 0.8602108433734938 0.029211409395973102 0.23936746987951815
0 0.03577181208053691 0.18123493975903615 0.022483221476510076 0.25533132530120484
0 0.9932885906040269 0.1927710843373494 0.013422818791946308 0.24096385542168675
0 0.7714932885906041 0.5651506024096385 0.028590604026845576 0.20662650602409646
0 0.2615604026845637 0.18831325301204818 0.021644295302013384 0.24397590361445784
0 0.4404026845637584 0.8592771084337348 0.02674496644295311 0.2312048192771084
0 0.3771812080536913 0.18903614457831328 0.027114093959731585 0.25108433734939756
0 0.3005369127516779 0.8673192771084337 0.034966442953020094 0.22530120481927698
0 0.8515604026845637 0.5642168674698795 0.02763422818791951 0.21466867469879514
0 0.3518959731543624 0.8640060240963856 0.024312080536912768 0.22117469879518092
0 0.329244966442953 0.8644578313253012 0.02256711409395971 0.22222891566265052
0 0.7846644295302014 0.17542168674698796 0.03483221476510066 0.2723493975903615
0 0.6650838926174496 0.21171686746987953 0.025067114093959824 0.21325301204819272
0 0.270251677852349 0.8691867469879518 0.02661073825503358 0.22186746987951797
0 0.5199496644295302 0.1630120481927711 0.02909395973154368 0.29647590361445786
0 0.4909731543624161 0.8583132530120481 0.025469798657718038 0.23605421686746988
0 0.9084563758389262 0.5514457831325301 0.03411073825503343 0.2312048192771084
0 0.9469127516778524 0.5476807228915663 0.039899328859060355 0.23605421686746988
0 0.37456375838926176 0.5353614457831326 0.026795302013422864 0.2569879518072289
0 0.3503187919463087 0.19066265060240964 0.02570469798657717 0.24894578313253013
0 0.6861577181208054 0.8592771084337348 0.030922818791946225 0.23572289156626502
0 0.9949664429530202 0.5466867469879518 0.010067114093959731 0.23795180722891565
0 0.41880872483221476 0.8659036144578314 0.022063758389261705 0.22222891566265052
0 0.7435738255033557 0.5675301204819276 0.028758389261744944 0.20448795180722887
0 0.39746644295302014 0.8673192771084337 0.02317114093959732 0.21915662650602408
0 0.46595637583892613 0.8602108433734938 0.024043624161073893 0.23439759036144595
0 0.7994127516778523 0.5665963855421687 0.027516778523489896 0.20993975903614454
0 0.13499999999999998 0.8498192771084337 0.04348993288590602 0.25933734939759046
0 0.7535738255033557 0.20569277108433737 0.025838926174496606 0.2187951807228916
0 0.025956375838926172 0.8507530120481928 0.04372483221476511 0.2522590361445783
0 0.3742953020134228 0.8654216867469879 0.02248322147651003 0.2215361445783131
0 0.09634228187919464 0.8521686746987952 0.03431208053691273 0.251777108433735
0 0.8152181208053692 0.17283132530120482 0.027382550335570553 0.2704518072289157
0 0.6403187919463087 0.20605421686746986 0.02640939597315438 0.21207831325301205
0 0.6577013422818793 0.8573795180722891 0.024748322147651006 0.23936746987951815
0 0.06369127516778524 0.8507530120481928 0.03548657718120804 0.2527409638554216
0 0.8236409395973154 0.5613855421686746 0.02552013422818798 0.21207831325301196
0 0.8784228187919463 0.5628012048192771 0.027567114093959837 0.21620481927710852
0 0.9806208053691275 0.5519277108433736 0.02552013422818798 0.22966867469879518
0 0.24536912751677853 0.8673192771084337 0.023775167785234926 0.22186746987951797
0 0.18030201342281882 0.848855421686747 0.044060402684563744 0.25933734939759046
0 0.5178355704697987 0.8587951807228916 0.02674496644295311 0.23240963855421679
0 0.9700838926174497 0.1913855421686747 0.03404362416107377 0.23771084337349394
0 0.7172315436241611 0.5670481927710843 0.02456375838926172 0.20521084337349396
0 0.20585570469798659 0.1897289156626506 0.018036912751677854 0.23936746987951807
0 0.21718120805369126 0.8677710843373495 0.031812080536912715 0.22376506024096374
0 0.6919463087248322 0.5651506024096385 0.02536912751677853 0.1991867469879518
0 0.304496644295302 0.18936746987951808 0.020436241610738266 0.24894578313253013
0 0.5470805369127517 0.5363253012048192 0.02459731543624156 0.2501204819277109
0 0.06243288590604027 0.5353614457831326 0.04523489932885905 0.24563253012048197
0 0.02187919463087248 0.5590060240963856 0.029815436241610732 0.21171686746987958
0 0.003355704697986577 0.5572289156626506 0.006711409395973154 0.20481927710843373
0 0.07758389261744966 0.18063253012048192 0.020318791946308725 0.25957831325301206
0 0.3977348993288591 0.1897289156626506 0.017768456375838883 0.247289156626506
0 0.8389261744966443 0.8999397590361445 0.03701342281879186 0.15472891566265062
0 0.7946644295302013 0.8753614457831326 0.053104026845637545 0.2076807228915664