0 0.6712222222222222 0.048125 0.5533888888888889 0.09515277777777778
0 0.6862037037037038 0.1931111111111111 0.5367777777777778 0.07488888888888891
0 0.6894444444444444 0.23022222222222222 0.5201851851851852 0.06347222222222221
0 0.6894444444444444 0.37573611111111105 0.5250740740740742 0.05822222222222217
0 0.679037037037037 0.5996111111111111 0.5094444444444445 0.11779166666666659
0 0.6673148148148148 0.130125 0.5660740740740742 0.1052222222222222
0 0.6894444444444444 0.2915 0.508462962962963 0.04327777777777781
0 0.6835925925925925 0.5043888888888889 0.5276666666666667 0.08209722222222224
0 0.6868518518518518 0.32690277777777776 0.513351851851852 0.04384722222222221
0 0.6731851851851851 0.6967777777777778 0.5042407407407407 0.11126388888888891
0 0.6848888888888889 0.4304166666666666 0.5218148148148147 0.05749999999999997