0 0.871875 0.5046875 0.02734375 0.28046875
0 0.89296875 0.1390625 0.0203125 0.275
0 0.9 0.51171875 0.02734375 0.2703125
0 0.87421875 0.13984375 0.02109375 0.275
0 0.8484375 0.14140625 0.03203125 0.27890625
0 0.9234375 0.14296875 0.02265625 0.2734375
0 0.796875 0.86328125 0.02421875 0.265625
0 0.70546875 0.52109375 0.0203125 0.24921875
0 0.76796875 0.49609375 0.02734375 0.28828125
0 0.9578125 0.13984375 0.0203125 0.27265625
0 0.68203125 0.14609375 0.0203125 0.25859375
0 0.6625 0.1484375 0.02109375 0.2546875
0 0.97890625 0.13984375 0.02265625 0.27265625
0 0.6296875 0.51484375 0.02421875 0.253125
0 0.7046875 0.1453125 0.0265625 0.26484375
0 0.83515625 0.51640625 0.03671875 0.2671875
0 0.628125 0.8671875 0.01640625 0.2578125
0 0.93984375 0.1390625 0.01875 0.27421875
0 0.90859375 0.13984375 0.0140625 0.2734375
0 0.7984375 0.5171875 0.03671875 0.26484375
0 0.26796875 0.5140625 0.0328125 0.26640625
0 0.71015625 0.87890625 0.02265625 0.2421875
0 0.840625 0.86015625 0.0203125 0.2625
0 0.45390625 0.159375 0.025 0.2390625
0 0.16328125 0.86015625 0.0203125 0.26640625
0 0.6125 0.8640625 0.01953125 0.25703125
0 0.596875 0.140625 0.01796875 0.26328125
0 0.8734375 0.8671875 0.03046875 0.25546875
0 0.134375 0.8484375 0.028125 0.28984375
0 0.6453125 0.15078125 0.015625 0.240625
0 0.04609375 0.14765625 0.01953125 0.2453125
0 0.47109375 0.87421875 0.02578125 0.24765625
0 0.93359375 0.8671875 0.0359375 0.2546875
0 0.59375 0.496875 0.0296875 0.29453125
0 0.684375 0.5125 0.0265625 0.265625
0 0.7390625 0.865625 0.03515625 0.2640625
0 0.58125 0.8765625 0.02265625 0.24296875
0 0.61171875 0.5140625 0.0171875 0.25078125
0 0.61484375 0.15234375 0.021875 0.24140625
0 0.4578125 0.86796875 0.02109375 0.2546875
0 0.93671875 0.5109375 0.0203125 0.26875
0 0.41953125 0.15859375 0.028125 0.23828125
0 0.82265625 0.13828125 0.02890625 0.275
0 0.3546875 0.87109375 0.0171875 0.24921875
0 0.23671875 0.51640625 0.03203125 0.26640625
0 0.9 0.871875 0.0265625 0.25
0 0.56171875 0.5109375 0.03125 0.27265625
0 0.65546875 0.5109375 0.02890625 0.27109375
0 0.12890625 0.140625 0.01484375 0.25703125
0 0.684375 0.8796875 0.01875 0.2375
0 0.2859375 0.88359375 0.01875 0.228125
0 0.06796875 0.5109375 0.01640625 0.26328125
0 0.95234375 0.5125 0.021875 0.26171875
0 0.440625 0.86796875 0.0234375 0.25
0 0.7609375 0.8625 0.02890625 0.26328125
0 0.56328125 0.88046875 0.0171875 0.23515625
0 0.2046875 0.51640625 0.034375 0.26640625
0 0.7375 0.51640625 0.0203125 0.25703125
0 0.95390625 0.86328125 0.0359375 0.24921875
0 0.02109375 0.14140625 0.03515625 0.26328125
0 0.34126 0.394051128125 0.332318 0.39382105312500004 0.31950500000000004 0.6473744359375 0.329092 0.6473744359375 0.34126 0.394051128125
0 0.348635 0.4284180453125 0.340615 0.427090225 0.330567 0.6479278203125001 0.335729 0.6473744359375 0.348635 0.4284180453125
0 0.41131900000000005 0.3912797 0.40191600000000005 0.38966165468749997 0.385508 0.641830075 0.393251 0.64293985 0.41131900000000005 0.3912797
0 0.191555 0.765836090625 0.180125 0.765836090625 0.180125 0.998496240625 0.18823700000000002 0.9975398500000001 0.191555 0.765836090625
0 0.309273 0.42082105312499996 0.300976 0.420851128125 0.297473 0.6469819546875 0.30411 0.6486451125 0.309273 0.42082105312499996
0 0.318122 0.42082105312499996 0.309734 0.420851128125 0.306692 0.6469819546875 0.313329 0.6486451125 0.318122 0.42082105312499996
0 0.374907 0.420266165625 0.36873 0.4180797 0.35057 0.6492 0.35573299999999997 0.6497533828125001 0.374907 0.420266165625
0 0.383019 0.4618406015625 0.373432 0.46017744374999997 0.359051 0.646428571875 0.372325 0.645318796875 0.383019 0.4618406015625
0 0.450865 0.426363909375 0.44385899999999995 0.425703759375 0.42652900000000005 0.6458736843749999 0.436116 0.6475368421875001 0.450865 0.426363909375