0 0.507643504531722 0.1131864406779661 0.053549848942598254 0.15903389830508471
0 0.5666616314199395 0.11266101694915254 0.06184290030211489 0.15955932203389828
0 0.6237764350453172 0.112 0.05841389728096671 0.15850000000000003
0 0.33865558912386706 0.11113559322033897 0.05744712990936552 0.16061864406779658
0 0.2881419939577039 0.11021186440677967 0.05581570996978859 0.16247457627118647
0 0.8069335347432025 0.42277966101694914 0.04723564954682777 0.14816949152542366
0 0.23409365558912387 0.10816101694915253 0.05865558912386704 0.16115254237288132
0 0.8527190332326284 0.4222457627118644 0.04667673716012098 0.1501610169491526
0 0.39694864048338363 0.11099999999999999 0.06385196374622354 0.15955932203389833
0 0.7672809667673717 0.4222457627118644 0.04061933534743217 0.14698305084745766
0 0.6483232628398792 0.42172033898305084 0.04092145015105745 0.1461864406779661
0 0.4779154078549849 0.6187542372881356 0.03711480362537772 0.12533050847457636
0 0.44108761329305135 0.6192796610169492 0.038791540785498416 0.12798305084745762
0 0.4585498489425982 0.11252542372881356 0.05262839879154083 0.15876271186440677
0 0.8961480362537765 0.4222457627118644 0.050015105740181115 0.15148305084745764
0 0.7247885196374622 0.42144915254237286 0.04185800604229613 0.1472457627118644
0 0.3369939577039274 0.4209237288135594 0.03271903323262835 0.14566101694915262
0 0.576570996978852 0.4193305084745762 0.0333383685800605 0.14566101694915262
0 0.5345619335347432 0.6828389830508474 0.03546827794561936 0.15955932203389828
0 0.3676888217522659 0.6213983050847458 0.03361027190332326 0.12910169491525417
0 0.4000151057401813 0.4203898305084745 0.030166163141994 0.14526271186440684
0 0.3259063444108761 0.6213983050847458 0.037975830815709946 0.1308898305084746
0 0.5973413897280967 0.6838983050847458 0.03484894259818739 0.15982203389830502
0 0.68797583081571 0.42250847457627116 0.04172205438066466 0.14566101694915262
0 0.8843504531722055 0.6907881355932204 0.04435045317220529 0.14950000000000008
0 0.24873111782477342 0.6208728813559322 0.030981873111782465 0.13472881355932204
0 0.6100906344410876 0.4209237288135594 0.036193353474320296 0.14472881355932202
0 0.5373867069486404 0.42172033898305084 0.03909365558912386 0.14644915254237284
0 0.2966465256797583 0.41960169491525423 0.039244712990936584 0.1472457627118644
0 0.428821752265861 0.42172033898305084 0.03256797583081563 0.14472881355932202
0 0.6287160120845922 0.6954491525423728 0.02376132930513598 0.13897457627118645
0 0.7026132930513596 0.6876101694915254 0.0385045317220544 0.15823728813559323
0 0.5675981873111783 0.684957627118644 0.032839879154078565 0.15797457627118652
0 0.7417824773413897 0.688135593220339 0.04484894259818739 0.15903389830508483
0 0.6629607250755287 0.6860169491525424 0.03835347432024167 0.15955932203389828
0 0.8399697885196373 0.692906779661017 0.045287009063444135 0.14844067796610178
0 0.5024622356495468 0.6807203389830508 0.03222054380664659 0.15955932203389828
0 0.21874622356495468 0.8936440677966102 0.04351963746223565 0.14764406779661
0 0.9254229607250756 0.6870762711864407 0.0502719033232628 0.15823728813559323
0 0.3001812688821752 0.8899406779661018 0.04293051359516619 0.14738135593220328
0 0.685619335347432 0.886228813559322 0.03451661631419926 0.1487033898305083
0 0.3391238670694864 0.886228813559322 0.03614803625377636 0.14816949152542386
0 0.4028549848942598 0.6208728813559322 0.03361027190332326 0.12844067796610165
0 0.10829305135951661 0.9 0.039244712990936584 0.13406779661016935
0 0.37617824773413894 0.8883474576271186 0.0377643504531722 0.14989830508474586
0 0.36746223564954683 0.5436016949152542 0.2688066465256798 0.019042372881355955
0 0.35753776435045315 0.6955508474576271 0.2631722054380665 0.02172033898305094
0 0.5511631419939577 0.8455254237288136 0.2251208459214501 0.01572881355932199
0 0.5539123867069486 0.9 0.23367069486404826 0.02160169491525405
0 0.5534441087613293 0.8629237288135593 0.23649546827794554 0.022906779661017118
0 0.5510725075528701 0.9233050847457627 0.23249244712990932 0.024728813559321897
0 0.7951359516616314 0.14086440677966103 0.2992900302114802 0.027838983050847477
0 0.11858006042296072 0.43813559322033896 0.23716012084592145 0.02711864406779661
0 0.1148036253776435 0.3847457627118644 0.229607250755287 0.0288135593220339
0 0.11404833836858005 0.411864406779661 0.2280966767371601 0.02711864406779661
0 0.1163141993957704 0.4614406779661017 0.2326283987915408 0.02457627118644068
0 0.7979607250755287 0.11464406779661017 0.30542296072507563 0.022347457627118646