0 0.42194323144104806 0.28656779661016946 0.7838427947598253 0.07144067796610165
0 0.46276200873362444 0.3523474576271186 0.7970305676855897 0.07373728813559322
0 0.47459606986899566 0.21529661016949153 0.7720851528384279 0.0703220338983051
0 0.5356768558951964 0.6343983050847458 0.8002292576419214 0.10831355932203385
0 0.5049781659388646 0.16440677966101694 0.7548144104803494 0.045618644067796595
0 0.5222489082969433 0.539550847457627 0.8079039301310044 0.09192372881355934
0 0.5094541484716157 0.478228813559322 0.8219759825327511 0.062474576271186466
0 0.5356768558951965 0.7694576271186441 0.7407423580786026 0.12482203389830505
0 0.4838646288209607 0.41938983050847456 0.8328493449781658 0.08230508474576281
0 0.5244868995633187 0.9243813559322034 0.697882096069869 0.12898305084745748
0 0.5267248908296943 0.8533728813559323 0.690207423580786 0.09192372881355915
0 0.5251310043668123 0.7068898305084745 0.7759170305676856 0.08068644067796613