0 0.8486413043478261 0.17810539523212043 0.03296195652173912 0.20849435382685064
0 0.38308423913043477 0.3398494353826851 0.24785326086956516 0.024429109159347588
0 0.149375 0.042973651191969886 0.24374999999999997 0.024893350062735263
0 0.9602038043478262 0.17676286072772898 0.035883152173913156 0.20947302383939773
0 0.6397826086956522 0.11877038895859472 0.22300271739130426 0.03308657465495609
0 0.15188858695652177 0.3383814303638645 0.22722826086956524 0.03933500627352575
0 0.7592798913043479 0.5727478042659975 0.045244565217391244 0.2094730238393978
0 0.9226630434782609 0.16479297365119197 0.042826086956521715 0.23510664993726474
0 0.6455978260869566 0.15563362609786702 0.2352989130434782 0.03948557089084065
0 0.6313315217391304 0.514642409033877 0.2165217391304348 0.039184441656210815
0 0.6376766304347826 0.02550815558343789 0.22406249999999997 0.020138017565872017
0 0.16304347826086957 0.44085319949811796 0.24067934782608694 0.02421580928481801
0 0.16259510869565216 0.4770514429109159 0.24414402173913044 0.03560853199498117
0 0.16457880434782607 0.5444291091593476 0.24335597826086958 0.04217063989962361
0 0.17408967391304347 0.6298870765370138 0.24229619565217397 0.04223337515683817
0 0.16523097826086958 0.50732747804266 0.24626358695652173 0.03417816813048934
0 0.16589673913043476 0.587892095357591 0.24335597826086958 0.042973651191969886
0 0.40475543478260867 0.13306148055207026 0.25076086956521737 0.03096612296110415
0 0.15320652173913044 0.08269761606022584 0.2511548913043478 0.03594730238393978
0 0.16855978260869567 0.6654454203262233 0.2338451086956522 0.031066499372647417
0 0.4103125 0.6655332496863237 0.23938858695652177 0.03720200752823098
0 0.20184782608695653 0.8090840652446676 0.1953668478260869 0.0301505646173149
0 0.4040217391304348 0.4982308657465495 0.2310190217391304 0.04252195734002508
0 0.3871195652173913 0.40213299874529485 0.23971467391304344 0.02422835633626091
0 0.15980978260869566 0.21728983688833126 0.24891304347826085 0.03204516938519451
0 0.6255163043478261 0.4294479297365119 0.22023097826086954 0.03573400250941031
0 0.6355570652173913 0.5517565872020075 0.2137499999999999 0.03711417816813054
0 0.38677989130434787 0.38085319949811797 0.24335597826086958 0.025269761606022567
0 0.15849184782608697 0.18627352572145547 0.24706521739130433 0.03168130489335006
0 0.6419021739130435 0.1953074027603513 0.23105978260869572 0.03494353826850693
0 0.6382065217391305 0.587892095357591 0.215203804347826 0.04312421580928483
0 0.4081929347826087 0.6005897114178168 0.2386005434782609 0.030564617314931007
0 0.15122282608695653 0.12139272271016312 0.24626358695652173 0.03573400250941028
0 0.40422554347826084 0.2165495608531995 0.24190217391304342 0.02998745294855706
0 0.15438858695652175 0.15624843161856963 0.2504891304347826 0.03149309912170641
0 0.4076630434782609 0.630853199498118 0.23714673913043474 0.03265997490589715
0 0.4081929347826087 0.24548306148055207 0.24626358695652173 0.03005018820577163
0 0.39894021739130436 0.10858218318695108 0.2538043478260869 0.02670012547051443
0 0.6181114130434783 0.75732747804266 0.20290760869565222 0.02599749058971145
0 0.4097826086956522 0.793939774153074 0.20581521739130437 0.027904642409033887
0 0.6270923913043479 0.40820577164366373 0.21889945652173914 0.033262233375156824
0 0.6001358695652174 0.9209033877038897 0.19167119565217397 0.0440025094102885
0 0.6355570652173913 0.6245169385194479 0.20885869565217394 0.038180677540777926
0 0.6239266304347826 0.3779297365119197 0.21850543478260875 0.0369887076537014
0 0.629741847826087 0.4804642409033877 0.2148097826086956 0.042973651191969886
0 0.4029076086956522 0.16040150564617314 0.24626358695652173 0.02116687578419072
0 0.6064809782608696 0.8339899623588457 0.19748641304347822 0.033324968632371325
0 0.4007880434782609 0.4611794228356336 0.24296195652173908 0.033023839397741596
0 0.40793478260869565 0.77099121706399 0.20819293478260872 0.022797992471769224
0 0.4013179347826087 0.4296863237139272 0.2485190217391304 0.036712672521957326
0 0.16179347826086957 0.2753952321204517 0.24190217391304347 0.02958594730238392
0 0.2041032608695652 0.8969761606022585 0.18043478260869567 0.027227101631116746
0 0.6276222826086957 0.4519071518193225 0.2202309782608696 0.026348808030112924