0 0.566737160120846 0.20045068027210886 0.03472809667673717 0.16577380952380957
0 0.6978851963746223 0.03826530612244898 0.05740181268882175 0.07653061224489796
0 0.7341389728096677 0.03826530612244898 0.04229607250755287 0.07653061224489796
0 0.7326737160120845 0.7774829931972791 0.04220543806646534 0.1694472789115646
0 0.8957099697885197 0.588486394557823 0.04151057401812692 0.17419217687074823
0 0.9719335347432023 0.19420918367346937 0.04925981873111767 0.18153061224489797
0 0.8619486404833837 0.5901190476190477 0.04117824773413896 0.17079931972789125
0 0.7611329305135952 0.7801955782312925 0.0425377643504533 0.16971088435374143
0 0.71 0.4127976190476191 0.03925981873111784 0.15220238095238095
0 0.6033987915407855 0.7785714285714285 0.047416918429003 0.17446428571428577
0 0.24280966767371603 0.5966326530612245 0.05779456193353473 0.16767857142857148
0 0.8127492447129909 0.604234693877551 0.03445619335347424 0.15247448979591832
0 0.5194561933534743 0.5912074829931973 0.05409365558912378 0.16604591836734692
0 0.7770543806646525 0.5950085034013606 0.041087613293051425 0.1644217687074831
0 0.9743504531722054 0.6058673469387755 0.04907854984894261 0.1682227891156462
0 0.21110271903323263 0.4100850340136054 0.03342900302114803 0.1630612244897959
0 0.5546676737160121 0.7807397959183674 0.05471299093655593 0.17541666666666664
0 0.5599848942598187 0.5966326530612245 0.03980362537764354 0.15341836734693884
0 0.23847432024169185 0.4100850340136054 0.035876132930513595 0.1617006802721089
0 0.28323262839879154 0.0391156462585034 0.04682779456193353 0.0782312925170068
0 0.7823564954682779 0.20045068027210886 0.03327794561933531 0.16822278911564628
0 0.458202416918429 0.7829166666666667 0.030604229607250743 0.16659013605442163
0 0.2811631419939577 0.6064115646258503 0.04916918429003023 0.1498894557823129
0 0.9841389728096677 0.4026360544217687 0.03172205438066465 0.16581632653061223
0 0.590845921450151 0.6004336734693878 0.032537764350453115 0.14961734693877554
0 0.1098036253776435 0.5890306122448979 0.05513595166163142 0.17419217687074823
0 0.6752719033232628 0.593375850340136 0.03484894259818739 0.162517006802721
0 0.5976132930513596 0.19692176870748299 0.03241691842900308 0.17392006802721086
0 0.7080664652567976 0.7878061224489796 0.035543806646525636 0.15301870748299304
0 0.8619486404833837 0.7812840136054422 0.05439577039274923 0.16903911564625848
0 0.936238670694864 0.5971768707482993 0.04504531722054371 0.16767857142857148
0 0.9068126888217521 0.4030272108843538 0.046465256797583065 0.1636054421768708
0 0.2587311178247734 0.7823724489795918 0.05619335347432022 0.17025510204081615
0 0.49293051359516615 0.7780272108843538 0.04018126888217526 0.171343537414966
0 0.7509969788519638 0.2102295918367347 0.03635951661631427 0.15111394557823132
0 0.8701510574018126 0.4027551020408163 0.03865558912386695 0.1630612244897959
0 0.16515105740181268 0.5977210884353741 0.06209969788519635 0.16795068027210883
0 0.314214501510574 0.5928316326530612 0.0500453172205438 0.1668622448979592
0 0.02945619335347432 0.7823724489795918 0.03853474320241693 0.1587159863945579
0 0.8950151057401813 0.03741496598639456 0.04078549848942598 0.07482993197278912
0 0.9777190332326284 0.7780272108843538 0.0423867069486404 0.1668622448979592
0 0.6733383685800605 0.19909013605442177 0.04329305135951657 0.17284013605442175
0 0.5638368580060423 0.4109013605442177 0.03965256797583082 0.16034863945578226
0 0.668036253776435 0.7780272108843538 0.048806646525679676 0.17284013605442194
0 0.2729607250755287 0.4060119047619048 0.04655589123867068 0.17161564625850334
0 0.7331570996978852 0.5895748299319729 0.053066465256797576 0.16903911564625848
0 0.22280966767371602 0.03826530612244898 0.03474320241691843 0.07653061224489796
0 0.44033232628398794 0.03741496598639456 0.0377643504531722 0.07482993197278912
0 0.9473262839879154 0.4024829931972789 0.04329305135951674 0.1649659863945578
0 0.4826283987915408 0.036989795918367346 0.052870090634441085 0.07397959183673469
0 0.6140030211480363 0.5971768707482993 0.03276435045317229 0.15301870748299323
0 0.6342598187311178 0.41985544217687076 0.05228096676737162 0.14052721088435374
0 0.43311178247734144 0.7801955782312925 0.03291540785498484 0.16577380952380938
0 0.08194864048338368 0.5998894557823129 0.0526737160120846 0.15980442176870754
0 0.14066465256797583 0.7796598639455782 0.05379154078549851 0.1687670068027211
0 0.34676737160120846 0.5912074829931973 0.05206948640483388 0.16795068027210883
0 0.07711480362537763 0.7807397959183673 0.054924471299093634 0.1644217687074829
0 0.49341389728096674 0.1985544217687075 0.04655589123867077 0.1750085034013605
0 0.5566465256797583 0.036564625850340135 0.03474320241691843 0.07312925170068027
0 0.2002416918429003 0.1988265306122449 0.054924471299093676 0.1718877551020408
0 0.5310422960725075 0.41443027210884353 0.03265861027190333 0.15396258503401355
0 0.16069486404833835 0.2080527210884354 0.0406344410876133 0.15341836734693873
0 0.3149244712990936 0.4046513605442177 0.043353474320241676 0.17107142857142862
0 0.0256797583081571 0.5969387755102041 0.0513595166163142 0.1564625850340136
0 0.9403323262839879 0.036564625850340135 0.061933534743202415 0.07312925170068027
0 0.03844410876132931 0.40628401360544214 0.05197885196374622 0.15898809523809526
0 0.9818731117824774 0.03443877551020408 0.03625377643504532 0.06887755102040816
0 0.5241691842900302 0.036139455782312924 0.03625377643504532 0.07227891156462585
0 0.82095166163142 0.7796598639455782 0.043111782477341334 0.16577380952380957
0 0.7900755287009062 0.7899744897959183 0.025422960725075418 0.1475850340136054
0 0.1723867069486405 0.4060119047619048 0.050709969788519625 0.17446428571428577
0 0.9954682779456193 0.2032312925170068 0.00906344410876133 0.16326530612244897
0 0.4364954682779456 0.4065561224489796 0.04335347432024176 0.17025510204081634
0 0.24848942598187312 0.03869047619047619 0.0377643504531722 0.07738095238095238
0 0.770392749244713 0.03784013605442177 0.045317220543806644 0.07568027210884354
0 0.6246223564954683 0.2080527210884354 0.030362537764350488 0.1532908163265306
0 0.6453625377643505 0.5998894557823129 0.037356495468277975 0.1536904761904762
0 0.455785498489426 0.20886904761904762 0.03904833836858009 0.15817176870748298
0 0.32250755287009064 0.03869047619047619 0.03474320241691843 0.07738095238095238
0 0.20566465256797584 0.5971768707482993 0.0526737160120846 0.17161564625850334
0 0.358821752265861 0.40628401360544214 0.04504531722054379 0.17079931972789125
0 0.01661631419939577 0.1951530612244898 0.03323262839879154 0.179421768707483
0 0.4405891238670695 0.602610544217687 0.03499999999999994 0.15341836734693884
0 0.4123716012084592 0.2028996598639456 0.048806646525679676 0.17161564625850334
0 0.13670694864048338 0.03869047619047619 0.052870090634441085 0.07738095238095238
0 0.5937462235649547 0.42556122448979594 0.024758308157099677 0.13278911564625856
0 0.8117824773413896 0.21484693877551023 0.03741691842900299 0.1424234693877551
0 0.3788519637462236 0.2058843537414966 0.032175226586102654 0.1595323129251701
0 0.18504531722054382 0.03826530612244898 0.052870090634441085 0.07653061224489796
0 0.8252870090634442 0.4046513605442177 0.045317220543806644 0.1644217687074829
0 0.671404833836858 0.4127976190476191 0.04151057401812692 0.15681972789115653
0 0.824773413897281 0.9413265306122449 0.04229607250755287 0.11734693877551021
0 0.8923413897280967 0.20099489795918368 0.04637462235649554 0.16224489795918365
0 0.4881117824773414 0.6036989795918368 0.03919939577039282 0.14840136054421768
0 0.8571299093655589 0.21185374149659864 0.03575528700906355 0.14595238095238094
0 0.391631419939577 0.7801955782312925 0.037658610271903245 0.16740646258503392
0 0.3187915407854985 0.7823724489795918 0.03980362537764354 0.16713435374149677
0 0.28212990936555893 0.21511904761904763 0.04777945619335347 0.14663265306122453
0 0.41309667673716016 0.7818282312925171 0.031057401812688738 0.1682227891156462
0 0.7133836858006042 0.21321428571428572 0.03941087613293056 0.14717687074829935
0 0.9909365558912386 0.7857142857142857 0.01812688821752266 0.16156462585034015
0 0.36268882175226586 0.7850850340136054 0.04287009063444108 0.16414965986394556
0 0.9856495468277946 0.5931122448979592 0.028700906344410877 0.17431972789115646
0 0.8489425981873112 0.03784013605442177 0.05740181268882175 0.07568027210884354
0 0.09516616314199396 0.03784013605442177 0.04229607250755287 0.07568027210884354
0 0.3935045317220544 0.03784013605442177 0.04682779456193353 0.07568027210884354
0 0.9304531722054381 0.1944812925170068 0.04069486404833845 0.17853741496598644
0 0.05740181268882175 0.03741496598639456 0.054380664652567974 0.07482993197278912
0 0.8051359516616314 0.03784013605442177 0.045317220543806644 0.07568027210884354