0 0.44889305816135083 0.49121250000000005 0.028330206378986908 0.13940624999999998
0 0.6269793621013133 0.49048125 0.05313320825515957 0.13549999999999998
0 0.38842401500938084 0.492675 0.030459662288930607 0.13293750000000004
0 0.35893058161350844 0.49243125 0.030112570356472818 0.13135000000000005
0 0.7361819887429644 0.8579125000000001 0.03616322701688551 0.16076875000000002
0 0.25266416510318945 0.49291874999999996 0.05446529080675425 0.13451875000000002
0 0.6713227016885553 0.67675625 0.07755159474671676 0.14538749999999992
0 0.8384146341463414 0.48291249999999997 0.03268292682926822 0.14782499999999998
0 0.6343058161350844 0.8579125000000001 0.037148217636022426 0.16503749999999998
0 0.6016979362101313 0.85644375 0.03435272045028132 0.16503749999999998
0 0.8032363977485929 0.6723625 0.0729174484052533 0.15478749999999997
0 0.7031988742964352 0.8588875 0.034624765478424094 0.16235624999999998
0 0.3261350844277674 0.49340625000000005 0.03822701688555347 0.13268749999999996
0 0.7328799249530957 0.67480625 0.08286116322701682 0.15686250000000002
0 0.28655722326454036 0.49194375 0.046031894934334 0.13427499999999995
0 0.8567354596622889 0.8569312499999999 0.03589118198874296 0.1577125000000001
0 0.44742026266416507 0.3046875 0.03363977485928707 0.12988124999999998
0 0.6694840525328329 0.8579125000000001 0.038020637898686656 0.16393750000000012
0 0.5936303939962476 0.49048125 0.05624765478424018 0.13733125000000002
0 0.7680581613508443 0.8647437499999999 0.03474671669793618 0.14929374999999992
0 0.7951782363977485 0.48583750000000003 0.05753283302063783 0.1495375
0 0.4210412757973733 0.30126875 0.036228893058161356 0.13183750000000002
0 0.5676172607879926 0.8569312499999999 0.03543151969981236 0.1658937499999999
0 0.7405722326454034 0.486575 0.07910881801125696 0.14880624999999995
0 0.40015009380863037 0.29956249999999995 0.04140712945590993 0.133425
0 0.516313320825516 0.488525 0.04147279549718578 0.13989374999999996
0 0.41921200750469045 0.49340625000000005 0.030919324577861198 0.13757499999999992
0 0.803968105065666 0.86328125 0.0354971857410881 0.14831250000000012
0 0.9190337711069418 0.8569312499999999 0.06096622889305817 0.14733750000000015
0 0.8999812382739212 0.48291249999999997 0.054052532833020535 0.14318749999999994
0 0.549296435272045 0.6972687500000001 0.07910881801125696 0.12188749999999998
0 0.9703377110694185 0.67578125 0.05904315196998129 0.14685000000000004
0 0.5507598499061914 0.50439375 0.03666979362101306 0.11102499999999992
0 0.826688555347092 0.86328125 0.03721388367729838 0.15099999999999994
0 0.896313320825516 0.6743187500000001 0.06719512195121961 0.15197499999999997
0 0.8581988742964353 0.6743187500000001 0.059727954971857476 0.15124375000000007
0 0.8604033771106943 0.4838875 0.02567542213883667 0.14196875000000006
0 0.6573921200750469 0.50390625 0.05303939962476544 0.11010625000000004
0 0.919765478424015 0.31371875 0.048367729831144415 0.10052500000000002
0 0.7354409005628518 0.31396250000000003 0.05427767354596613 0.10266250000000003
0 0.5243714821763602 0.8598625 0.05176360225140719 0.16967500000000002
0 0.4455909943714822 0.6806625 0.039549718574108786 0.14172500000000007
0 0.9674015009380863 0.8618187500000001 0.04699812382739203 0.13659375000000012
0 0.6987992495309568 0.50536875 0.06531894934333948 0.11144999999999997
0 0.6126923076923076 0.6953125 0.08227016885553476 0.11145000000000004
0 0.2984615384615385 0.86328125 0.05079737335834895 0.1505125000000001
0 0.8743245778611632 0.30956874999999995 0.0439024390243902 0.11028749999999998
0 0.6943996247654785 0.31543125 0.05395872420262662 0.10070625
0 0.4071106941838649 0.6806625 0.05033771106941835 0.14086874999999993
0 0.2638367729831144 0.86328125 0.054878048780487805 0.15197499999999992
0 0.9747279549718574 0.4848625 0.05033771106941835 0.140625
0 0.9307598499061914 0.48583750000000003 0.051669793621013066 0.14489999999999995
0 0.3378611632270169 0.8652375000000001 0.05697936210131333 0.15099999999999994
0 0.7797842401500938 0.234375 0.15820825515947476 0.027218749999999972
0 0.1279831144465291 0.8584 0.04518761726078801 0.14758125000000008
0 0.39392120075046905 0.8696312500000001 0.0535459662288931 0.15148750000000008
0 0.7849155722326454 0.25488125 0.15655722326454022 0.02153125000000003
0 0.8332833020637899 0.3139625 0.026791744840525277 0.09893750000000004
0 0.17589118198874296 0.86328125 0.06376172607879928 0.14978125000000006
0 0.4422889305816135 0.8652375000000001 0.045872420262664144 0.14856249999999988
0 0.22169793621013134 0.86425625 0.0654596622889306 0.15075625000000004