0 0.66640625 0.6140625 0.33203125 0.0640625
0 0.634375 0.56484375 0.32109375 0.05390625
0 0.68515625 0.65859375 0.35703125 0.03203125
0 0.67734375 0.69609375 0.340625 0.03671875
0 0.53671875 0.76953125 0.38203125 0.05
0 0.55 0.73203125 0.359375 0.03828125
0 0.43515625 0.8125 0.36484375 0.040625
0 0.29453125 0.68203125 0.3921875 0.0546875
0 0.2796875 0.63828125 0.39375 0.05546875
0 0.26484375 0.58046875 0.39375 0.0734375
0 0.23125 0.46796875 0.39609375 0.075
0 0.23984375 0.51015625 0.37109375 0.03359375
0 0.25 0.33984375 0.37578125 0.090625
0 0.246875 0.2640625 0.44140625 0.0765625
0 0.465625 0.871875 0.37109375 0.0390625
0 0.48828125 0.85078125 0.42109375 0.0421875
0 0.6062893078125 0.4192785234375 0.6025157234375 0.4578573828125 0.9081761 0.40687919531250005 0.9119496859374999 0.36895721406250004 0.6062893078125 0.4192785234375
0 0.9157232703125 0.21967281875000003 0.5383647796875 0.2951543625 0.540880503125 0.34044211406249997 0.927044025 0.28313758437500003 0.9157232703125 0.21967281875000003
0 0.5345911953125 0.25321979843750003 0.532075471875 0.291799496875 0.9254716984375 0.1992449671875 0.9308176093749999 0.1609656046875 0.5345911953125 0.25321979843750003