0 0.5406600361663653 0.6629308005427409 0.036907775768535205 0.10481004070556325
0 0.5572603978300181 0.29774762550881956 0.02131103074141043 0.11282903663500675
0 0.29713381555153706 0.6581614654002714 0.023553345388788387 0.12011533242876539
0 0.6900542495479205 0.8373066485753053 0.045207956600361664 0.14191316146540017
0 0.2113110307414105 0.4686770691994573 0.02197106690777578 0.11971506105834466
0 0.5770343580470163 0.4737109905020353 0.03944846292947569 0.11501356852103119
0 0.5318264014466546 0.8304138398914518 0.01942133815551539 0.11381953867028492
0 0.8677124773960218 0.2696540027137042 0.04167269439421331 0.12395522388059704
0 0.8557052441229656 0.47052917232021707 0.05329113924050638 0.1291926729986432
0 0.6561482820976492 0.8473744911804613 0.026934900542495446 0.11541383989145176
0 0.32716094032549725 0.2895318860244233 0.020108499095840875 0.11282903663500675
0 0.27541591320072334 0.6581614654002714 0.03132007233273055 0.12349389416553609
0 0.2524593128390597 0.48219131614654004 0.01471066907775767 0.09957937584803254
0 0.5378300180831826 0.29933514246947085 0.02105786618444843 0.11203527815468105
0 0.2434538878842676 0.6613364993215739 0.029141048824593146 0.1258819538670286
0 0.5166455696202531 0.3123202170963365 0.026265822784810086 0.08772048846675709
0 0.363001808318264 0.4715943012211669 0.022667269439421385 0.11402306648575301
0 0.22737793851717905 0.6629308005427409 0.027043399638336317 0.1260786974219811
0 0.6360216998191682 0.29138398914518315 0.022405063291139216 0.11223202170963369
0 0.3923236889692586 0.47795115332428767 0.04321880650994571 0.1048100407055631
0 0.34393309222423146 0.4737109905020353 0.01965641952983726 0.11342605156037995
0 0.6158860759493671 0.29244233378561735 0.01798372513562396 0.11242876526458617
0 0.2388607594936709 0.27786974219810046 0.027766726943942166 0.12117367706919939
0 0.6070614828209765 0.4768928086838535 0.03834538878842684 0.11203527815468105