0 0.63125 0.45 0.11796875 0.01875
0 0.50078125 0.4765625 0.025 0.14921875
0 0.53984375 0.48203125 0.02265625 0.15390625
0 0.5203125 0.47890625 0.02265625 0.15390625
0 0.47578125 0.47890625 0.02421875 0.15234375
0 0.64609375 0.60625 0.01953125 0.14921875
0 0.5609375 0.4828125 0.0234375 0.15390625
0 0.2421875 0.7578125 0.02265625 0.15078125
0 0.6296875 0.5078125 0.11171875 0.02734375
0 0.2859375 0.75703125 0.0265625 0.1484375
0 0.76015625 0.73984375 0.0234375 0.16328125
0 0.628125 0.60859375 0.021875 0.153125
0 0.1421875 0.909375 0.0203125 0.18046875
0 0.325 0.75546875 0.021875 0.15
0 0.63359375 0.47421875 0.1125 0.03046875
0 0.6328125 0.42890625 0.11328125 0.025
0 0.72109375 0.7375 0.0203125 0.1578125
0 0.11953125 0.9078125 0.0296875 0.18359375
0 0.6296875 0.525 0.1140625 0.01953125
0 0.6984375 0.734375 0.02265625 0.15625
0 0.7421875 0.8828125 0.1 0.0265625
0 0.26328125 0.753125 0.0234375 0.1484375
0 0.88515625 0.91875 0.025 0.16171875
0 0.740625 0.5390625 0.103125 0.02734375
0 0.4140625 0.4125 0.10234375 0.02734375
0 0.7421875 0.86171875 0.0984375 0.021875
0 0.94375 0.89765625 0.1 0.021875
0 0.30703125 0.75546875 0.0203125 0.1484375
0 0.5203125 0.58125 0.10625 0.03203125
0 0.190625 0.9078125 0.028125 0.17890625
0 0.63515625 0.90625 0.03125 0.178125
0 0.6765625 0.6078125 0.02421875 0.1515625
0 0.78046875 0.740625 0.01875 0.1640625
0 0.7390625 0.82578125 0.0953125 0.02734375
0 0.74140625 0.73984375 0.0203125 0.15546875
0 0.7375 0.64296875 0.0984375 0.03203125
0 0.83828125 0.9203125 0.02109375 0.1578125
0 0.73984375 0.59921875 0.10703125 0.021875
0 0.74296875 0.9015625 0.10078125 0.02734375
0 0.60390625 0.60625 0.025 0.15234375
0 0.4125 0.4609375 0.09921875 0.034375
0 0.6109375 0.90625 0.02109375 0.1796875
0 0.4390625 0.60625 0.01875 0.15703125
0 0.42265625 0.603125 0.01953125 0.153125
0 0.6359375 0.7265625 0.10390625 0.03125
0 0.39296875 0.603125 0.01953125 0.15234375
0 0.51953125 0.8890625 0.10625 0.028125
0 0.3953125 0.90859375 0.01796875 0.1734375
0 0.215625 0.91171875 0.03203125 0.17578125
0 0.40546875 0.7203125 0.11640625 0.0328125
0 0.94375 0.8796875 0.0984375 0.021875
0 0.16953125 0.909375 0.0203125 0.178125
0 0.05390625 0.87109375 0.09453125 0.034375
0 0.74296875 0.94375 0.10546875 0.0234375
0 0.9453125 0.91875 0.1015625 0.03515625
0 0.740625 0.92421875 0.1046875 0.02421875
0 0.05234375 0.93125 0.09609375 0.03359375
0 0.375 0.603125 0.0234375 0.15390625
0 0.6859375 0.90859375 0.0140625 0.18046875
0 0.49453125 0.753125 0.025 0.16640625
0 0.17265625 0.7375 0.11796875 0.0375
0 0.41328125 0.43359375 0.09765625 0.02578125
0 0.41015625 0.51484375 0.1 0.03828125
0 0.63515625 0.78203125 0.1046875 0.028125
0 0.63359375 0.69765625 0.10234375 0.034375
0 0.45078125 0.909375 0.025 0.17421875
0 0.29375 0.59375 0.1140625 0.0328125
0 0.2875 0.85 0.1171875 0.03359375
0 0.63671875 0.75703125 0.10546875 0.03203125
0 0.4296875 0.9078125 0.0203125 0.1734375
0 0.40703125 0.6046875 0.01640625 0.15234375
0 0.8421875 0.81640625 0.1 0.02578125
0 0.053125 0.95625 0.09921875 0.03046875
0 0.8421875 0.790625 0.1015625 0.0265625
0 0.3453125 0.47890625 0.0234375 0.1375
0 0.86015625 0.92109375 0.02734375 0.1546875
0 0.28671875 0.88046875 0.11640625 0.0359375
0 0.840625 0.715625 0.0953125 0.03046875
0 0.840625 0.7421875 0.09921875 0.02890625
0 0.40546875 0.74921875 0.11484375 0.03515625
0 0.053125 0.90234375 0.096875 0.0359375
0 0.28515625 0.915625 0.11953125 0.034375
0 0.47109375 0.75546875 0.02265625 0.17421875
0 0.6296875 0.49296875 0.11328125 0.01953125
0 0.41328125 0.48515625 0.09765625 0.02890625
0 0.36015625 0.6015625 0.02109375 0.15234375
0 0.74296875 0.61875 0.103125 0.02578125
0 0.62890625 0.41328125 0.11015625 0.0203125
0 0.9421875 0.86015625 0.0953125 0.028125
0 0.4140625 0.9109375 0.0171875 0.17109375
0 0.40859375 0.690625 0.11796875 0.02421875
0 0.58359375 0.90546875 0.0140625 0.178125
0 0.83671875 0.6890625 0.09453125 0.0296875
0 0.74140625 0.84609375 0.096875 0.02109375
0 0.63515625 0.80390625 0.10546875 0.02109375
0 0.52109375 0.85 0.1015625 0.03125
0 0.8421875 0.7640625 0.09921875 0.02578125
0 0.5140625 0.75390625 0.01953125 0.165625
0 0.2859375 0.94765625 0.12265625 0.03203125
0 0.52265625 0.95546875 0.10625 0.0296875
0 0.946875 0.9484375 0.1015625 0.03125
0 0.34140625 0.7546875 0.01484375 0.1484375
0 0.5171875 0.5609375 0.10625 0.0234375
0 0.3515625 0.91015625 0.0140625 0.16953125
0 0.2921875 0.66015625 0.115625 0.0453125
0 0.36796875 0.9109375 0.01796875 0.175
0 0.4546875 0.6078125 0.01875 0.15859375
0 0.9453125 0.97421875 0.1046875 0.03046875
0 0.15546875 0.91015625 0.015625 0.17890625
0 0.74296875 0.96015625 0.103125 0.0203125
0 0.59453125 0.90625 0.01484375 0.17421875
0 0.7 0.46015625 0.02109375 0.140625
0 0.74453125 0.98125 0.103125 0.03046875
0 0.1703125 0.70625 0.11484375 0.03828125
0 0.38203125 0.91015625 0.0125 0.17421875
0 0.51953125 0.92265625 0.10625 0.04296875
0 0.05390625 0.984375 0.1015625 0.03046875
0 0.81484375 0.9171875 0.028125 0.1609375
0 0.67578125 0.90546875 0.0109375 0.17734375
0 0.2921875 0.621875 0.11796875 0.03671875
0 0.053125 0.84296875 0.096875 0.03828125
0 0.29453125 0.56484375 0.11328125 0.0421875
0 0.228125 0.62109375 0.02578125 0.15390625
0 0.8359375 0.6640625 0.09296875 0.028125
0 0.515625 0.6296875 0.1046875 0.03203125
0 0.52265625 0.8703125 0.10546875 0.025
0 0.28671875 0.9796875 0.12109375 0.0390625