0 0.37579741379310344 0.442522816166884 0.02904094827586212 0.12369621903520209
0 0.5864762931034483 0.44558018252933507 0.025010775862069005 0.12050847457627127
0 0.2103771551724138 0.44710560625814866 0.029278017241379326 0.12133637548891779
0 0.3423383620689655 0.2395697522816167 0.02689655172413797 0.11503259452411997
0 0.7582219827586207 0.241864406779661 0.027413793103448336 0.1154172099087353
0 0.7199137931034483 0.23625814863103 0.03498922413793106 0.11910691003911346
0 0.8394612068965517 0.4488852672750978 0.022284482758620758 0.11605606258148629
0 0.7140193965517242 0.44940026075619294 0.02414870689655181 0.11560625814863097
0 0.4665086206896552 0.4450651890482399 0.032047413793103455 0.1264928292046936
0 0.7556896551724137 0.4486310299869622 0.020700431034482797 0.11522816166883963
0 0.3795905172413793 0.6938591916558019 0.02462284482758623 0.12013037809647992
0 0.44125000000000003 0.44455671447196876 0.02509698275862065 0.12324641460234677
0 0.8078879310344828 0.45016297262059973 0.02062500000000011 0.11465449804432862
0 0.40315732758620687 0.6979335071707954 0.029181034482758664 0.11745762711864396
0 0.7295905172413792 0.4473598435462842 0.019838362068965606 0.11421121251629729
0 0.6323599137931035 0.24134941329856585 0.029385775862068947 0.1122359843546284
0 0.37285560344827584 0.24134941329856585 0.034461206896551744 0.11306388526727514
0 0.2524676724137931 0.22938722294654498 0.027855603448275888 0.12777053455019557
0 0.8289331896551724 0.25561277705345503 0.038857758620689596 0.11440026075619296
0 0.7468534482758621 0.694367666232073 0.023146551724137952 0.11802477183833128
0 0.7805280172413793 0.24440677966101695 0.02629310344827596 0.11726205997392437
0 0.8242995689655173 0.44913950456323337 0.01961206896551729 0.1148435462842243
0 0.6580387931034483 0.23676662320730116 0.035334051724137894 0.11993481095176012
0 0.19816810344827587 0.6908018252933508 0.027758620689655164 0.1264928292046936
0 0.49344827586206896 0.6948761408083443 0.02599137931034483 0.12095827900912659
0 0.2566810344827586 0.6928357235984355 0.02670258620689652 0.1203194263363756
0 0.30613146551724135 0.6994589308996089 0.027015086206896605 0.11242503259452415
0 0.565010775862069 0.44558018252933507 0.027198275862068976 0.11949152542372879
0 0.2941379310344827 0.4465971316818775 0.023502155172413733 0.11968057366362446
0 0.5435452586206896 0.4473598435462842 0.02689655172413797 0.1188526727509778
0 0.8727155172413793 0.44812255541069096 0.02062500000000011 0.11643415906127765
0 0.7796336206896551 0.9351368970013038 0.029094827586206896 0.12972620599739243
0 0.9341702586206896 0.2566297262059974 0.028491379310344886 0.11421121251629722
0 0.9055387931034483 0.44353976531942635 0.04829741379310338 0.12432855280312909
0 0.22700431034482757 0.6913102998696219 0.035678879310344844 0.1266883963494134
0 0.3111853448275862 0.23040417209908734 0.037047413793103445 0.13343546284224247
0 0.38469827586206895 0.93122555410691 0.023706896551724137 0.13754889178617993
0 0.18017241379310345 0.23218383311603652 0.027198275862068976 0.12076271186440678
0 0.7733728448275863 0.6969100391134289 0.030204741379310316 0.11802477183833128
0 0.639094827586207 0.6953846153846154 0.031066810344827507 0.11910691003911346
0 0.1697521551724138 0.6857105606258149 0.033987068965517266 0.1358539765319427
0 0.28530172413793103 0.2268383311603651 0.022790948275862043 0.13725554106910037
0 0.4711422413793104 0.694367666232073 0.023599137931034457 0.11949152542372893
0 0.28214439655172413 0.6897848761408084 0.03088362068965514 0.12846805736636255
0 0.5111314655172413 0.23906127770534552 0.02378232758620695 0.1122359843546284
0 0.6138362068965517 0.44404823989569747 0.03190732758620679 0.12541069100391128
0 0.42062499999999997 0.6974185136897001 0.024719827586206954 0.11503259452411997
0 0.8878663793103448 0.2497588005215124 0.025689655172413704 0.12541069100391128
0 0.45767241379310347 0.06921121251629725 0.03077586206896546 0.1370013037809648
0 0.31518318965517245 0.44353976531942635 0.025290948275862098 0.12496740547588008
0 0.4010560344827586 0.44328552803129073 0.026799568965517245 0.1264928292046936
0 0.4033728448275862 0.06921121251629725 0.03272629310344828 0.13585397653194264
0 0.6900215517241379 0.23498696219035203 0.03506465517241376 0.11949152542372879
0 0.1388146551724138 0.4473598435462842 0.03106681034482757 0.11726205997392446
0 0.8960129310344828 0.9390482398956975 0.03125 0.12190352020860495
0 0.43115301724137933 0.06921121251629725 0.031206896551724178 0.13470664928292045
0 0.16690732758620688 0.44583441981747063 0.024062499999999983 0.11828552803129078
0 0.6551724137931034 0.9423076923076923 0.028017241379310345 0.11538461538461539
0 0.4218965517241379 0.44761408083441984 0.0227047413793104 0.11681877444589311
0 0.4597737068965517 0.2393155149934811 0.021099137931034528 0.1097522816166884
0 0.7788469827586206 0.44965449804432855 0.03143318965517249 0.11828552803129078
0 0.8003125000000001 0.25561277705345503 0.022532327586206984 0.1138265971316818
0 0.831875 0.6969100391134289 0.021433189655172522 0.11993481095176012
0 0.6751077586206896 0.9416558018252934 0.02693965517241379 0.1166883963494133
0 0.18627155172413795 0.44583441981747063 0.022629310344827586 0.11465449804432848
0 0.6988685344827585 0.6913102998696219 0.04391163793103448 0.12846805736636255
0 0.9504310344827587 0.9341590612777053 0.036637931034482756 0.1316818774445893
0 0.5363900862068965 0.6958930899608866 0.025290948275862098 0.11885267275097794
0 0.4463038793103448 0.6958930899608866 0.028383620689655206 0.12013037809647992
0 0.8626077586206896 0.2551043024771838 0.03125 0.11363754889178622
0 0.6672952586206896 0.45041720990873535 0.021346982758620632 0.11605606258148629
0 0.5161853448275862 0.6964015645371577 0.022887931034482768 0.1178357235984353
0 0.3316056034482759 0.4443024771838331 0.01766163793103447 0.12159061277705345
0 0.5372306034482759 0.24033246414602347 0.022532327586206862 0.1128683181225554
0 0.16723060344827587 0.07754889178617992 0.03917025862068968 0.11681877444589309
0 0.25772629310344825 0.07589960886571057 0.043566810344827595 0.12076271186440678
0 0.5153340517241379 0.07646675358539766 0.04774784482758615 0.12541069100391133
0 0.9072306034482758 0.25739243807040413 0.022887931034482768 0.11127770534550191
0 0.828125 0.9390482398956975 0.0334051724137931 0.12190352020860495
0 0.6083620689655171 0.24161016949152542 0.026594827586206966 0.11261408083441982
0 0.5839547413793104 0.24134941329856585 0.028836206896551714 0.11440026075619296
0 0.8676616379310346 0.7004758800521512 0.03064655172413799 0.1148435462842243
0 0.9552155172413793 0.25816166883963493 0.02406249999999992 0.1132529335071708
0 0.49008620689655175 0.2388070404172099 0.022456896551724174 0.11503259452411997
0 0.5296336206896551 0.9234028683181226 0.0334051724137931 0.15319426336375488
0 0.12292025862068964 0.6780704041720992 0.026594827586206904 0.14196219035202085
0 0.08935344827586207 0.4450651890482399 0.02211206896551725 0.11605606258148629
0 0.2699353448275862 0.44455671447196876 0.03196120689655169 0.12452411994784875
0 0.41217672413793105 0.9276401564537158 0.03987068965517242 0.14471968709256844
0 0.3499137931034483 0.4437940026075619 0.028383620689655206 0.12197522816166892
0 0.296875 0.06889178617992178 0.0352047413793103 0.1331812255541069
0 0.9568965517241379 0.434374185136897 0.0437499999999999 0.14030638852672753
0 0.8466163793103448 0.6989504563233377 0.025204741379310454 0.11560625814863112
0 0.8502155172413793 0.9387222946544981 0.036637931034482756 0.12255541069100391
0 0.7381465517241379 0.9397001303780965 0.028017241379310345 0.12059973924380704
0 0.6891163793103449 0.07007822685788788 0.05064655172413793 0.14015645371577576
0 0.5616379310344828 0.24211864406779662 0.023599137931034582 0.11382659713168189
0 0.10935344827586208 0.23078226857887874 0.04570043103448276 0.12197522816166885
0 0.10721982758620689 0.9354628422425033 0.03987068965517242 0.1290743155149935
0 0.33118534482758616 0.694367666232073 0.0227047413793104 0.11910691003911346
0 0.22616379310344828 0.2324380704041721 0.029730603448275834 0.11847457627118645
0 0.5495689655172413 0.939374185136897 0.032327586206896554 0.121251629726206
0 0.6875 0.44940026075619294 0.03053879310344819 0.1217861799217731
0 0.11640086206896551 0.44558018252933507 0.02314655172413792 0.11910691003911346
0 0.3568534482758621 0.6948761408083443 0.027306034482758656 0.1203194263363756
0 0.9720474137931034 0.6974185136897001 0.03214439655172406 0.11560625814863112
0 0.3141163793103448 0.9331812255541069 0.02478448275862069 0.13363754889178617
0 0.13577586206896552 0.9351368970013038 0.028017241379310345 0.12972620599739243
0 0.3235991379310345 0.06908735332464146 0.022187500000000034 0.13381355932203393
0 0.7192887931034483 0.9234028683181226 0.03556034482758621 0.15319426336375488
0 0.5671120689655172 0.07965449804432854 0.030312500000000117 0.11560625814863106
0 0.9114331896551724 0.7004758800521512 0.028836206896551714 0.11261408083441982
0 0.4854525862068966 0.9240547588005215 0.03987068965517242 0.15189048239895697
0 0.23941810344827588 0.44812255541069096 0.03077586206896552 0.11681877444589311
0 0.48060344827586204 0.06844850065189048 0.02586206896551724 0.13689700130378096
0 0.04963362068965518 0.2259452411994785 0.026702586206896552 0.12865710560625815
0 0.6437284482758621 0.45016297262059973 0.02730603448275853 0.11662972620599744
0 0.3541271551724138 0.0746219035202086 0.045431034482758585 0.12560625814863102
0 0.04689655172413794 0.44226857887874843 0.033674568965517244 0.1174576271186441
0 0.04489224137931034 0.6688983050847457 0.04185344827586207 0.15825945241199477
0 0.1050323275862069 0.6892698826597131 0.021681034482758627 0.11993481095176012
0 0.4039978448275862 0.24364406779661016 0.027306034482758656 0.11013689700130382
0 0.18480603448275862 0.9299217731421121 0.03987068965517242 0.14015645371577576
0 0.4536637931034483 0.9328552803129074 0.03879310344827586 0.13428943937418514
0 0.8006465517241379 0.932529335071708 0.036637931034482756 0.13494132985658408
0 0.2823275862068966 0.9322033898305084 0.032327586206896554 0.13559322033898305
0 0.15732758620689655 0.932529335071708 0.036637931034482756 0.13494132985658408
0 0.5052370689655172 0.44455671447196876 0.04685344827586209 0.1264928292046936
0 0.33405172413793105 0.9348109517601043 0.028017241379310345 0.1303780964797914
0 0.9383728448275861 0.6984419817470665 0.02127155172413794 0.11242503259452415
0 0.07467672413793103 0.2295110821382008 0.03398706896551723 0.12432855280312909
0 0.21390086206896552 0.9302477183833116 0.022629310344827586 0.1395045632333768
0 0.9261853448275862 0.9413298565840938 0.022629310344827586 0.11734028683181226
0 0.984375 0.438722294654498 0.03125 0.1408083441981747
0 0.6977370689655172 0.9214471968709257 0.0334051724137931 0.15710560625814862
0 0.07974137931034483 0.932529335071708 0.02586206896551724 0.13494132985658408
0 0.6677155172413793 0.6969100391134289 0.028071120689655123 0.11560625814863112
0 0.7910452586206896 0.08550847457627116 0.027198275862068976 0.1059322033898305
0 0.9745797413793104 0.2573924380704042 0.03148706896551727 0.11344198174706648
0 0.5915301724137931 0.07258800521512387 0.03167025862068976 0.13152542372881354
0 0.7721120689655172 0.08430247718383312 0.022629310344827586 0.10956323337679273
0 0.2435344827586207 0.9289439374185137 0.01939655172413793 0.1421121251629726
0 0.5591163793103449 0.6979335071707954 0.018793103448275922 0.11700782268578865
0 0.6193103448275863 0.06959582790091264 0.03635775862068966 0.13687092568448503
0 0.12913793103448276 0.07984354628422424 0.022629310344827586 0.10956323337679269
0 0.9518426724137931 0.6994589308996089 0.020862068965517132 0.11127770534550184
0 0.5123922413793104 0.9214471968709257 0.02693965517241379 0.15710560625814862
0 0.7564655172413793 0.9383963494132985 0.028017241379310345 0.12320730117340287
0 0.6500323275862069 0.07475228161668838 0.03712284482758626 0.1275749674054759
0 0.15376077586206896 0.2324380704041721 0.04038793103448278 0.12369621903520209
0 0.07035560344827586 0.44328552803129073 0.020937500000000008 0.11643415906127778
0 0.8895474137931034 0.7020078226857889 0.02406249999999992 0.11382659713168196
0 0.23331896551724138 0.08569752281616688 0.016346982758620707 0.1066949152542373
0 0.26909482758620695 0.24466101694915254 0.02462284482758623 0.10001303780964796
0 0.20510775862068967 0.2354954367666232 0.030204741379310375 0.11421121251629729
0 0.9811422413793104 0.9282920469361148 0.03771551724137931 0.14341590612777053
0 0.5921336206896551 0.9442633637548892 0.06573275862068965 0.11147327249022164
0 0.7215948275862069 0.6872359843546284 0.03783405172413783 0.13865710560625802
0 0.060991379310344825 0.10308344198174707 0.03336206896551725 0.06346805736636246
0 0.943426724137931 0.8130312907431552 0.03336206896551728 0.09822685788787473
0 0.5607974137931034 0.3752933507170796 0.20235991379310342 0.020130378096479863
0 0.5687931034482759 0.3635788787483703 0.19783405172413784 0.01634289439374181