0 0.21804687500000003 0.22778125 0.22766601562500002 0.030382812499999988
0 0.231015625 0.3439921875 0.21728515625 0.044187500000000046
0 0.222470703125 0.263671875 0.22079101562500003 0.039796875000000044
0 0.2491796875 0.4399453125 0.229189453125 0.03125
0 0.6366015625 0.39331249999999995 0.5926562499999999 0.05154687499999997
0 0.225830078125 0.2978515625 0.21560546874999997 0.02971093749999998
0 0.251923828125 0.636234375 0.21942382812500003 0.03004687500000003
0 0.654912109375 0.6352578125 0.6158496093749999 0.049406250000000006
0 0.25298828125 0.560546875 0.20401367187499997 0.024093749999999935
0 0.654296875 0.70703125 0.6219531250000001 0.04913281250000008
0 0.06736328125 0.4008828125 0.133134765625 0.04147656249999998
0 0.063896484375 0.3610859375 0.12779296875 0.04959375000000001
0 0.635986328125 0.5356484375 0.5975390625000001 0.04092187500000009
0 0.634765625 0.8408203125 0.6195117187500001 0.043210937499999956
0 0.628056640625 0.13159375 0.566103515625 0.048585937499999995
0 0.22659179687499997 0.1958046875 0.21972656249999997 0.03125
0 0.6463671875 0.599609375 0.6134082031249999 0.04895312500000006
0 0.24994140625 0.46801562499999994 0.22048828124999997 0.0224609375
0 0.65369140625 0.7705078125 0.6231738281249999 0.03430468750000006
0 0.07236328125 0.440921875 0.1447265625 0.04162499999999998
0 0.642705078125 0.2583046875 0.6036425781249999 0.03985937499999999
0 0.061015625 0.3239765625 0.12203125 0.050507812499999985
0 0.06041015625 0.2497578125 0.12081054687500001 0.05646093749999999
0 0.63904296875 0.4716796875 0.5877734374999999 0.04671874999999996
0 0.63171875 0.1748046875 0.5926562499999999 0.042390624999999994
0 0.252080078125 0.6064453125 0.21316406249999997 0.02971093749999998
0 0.252685546875 0.507328125 0.21912109375 0.022937499999999923
0 0.6561328125 0.6762734375 0.6219531249999999 0.039640625000000006
0 0.077060546875 0.5004921875 0.15266601562499998 0.03933593749999993
0 0.62927734375 0.3388671875 0.6073046874999999 0.05511718749999996
0 0.24978515625 0.693359375 0.221865234375 0.026257812499999922
0 0.6268359375 0.2165546875 0.6085253906249999 0.042234375000000025