0 0.5921715328467153 0.645861650485437 0.03301094890510955 0.13066747572815543
0 0.5536861313868613 0.4762621359223301 0.04583941605839417 0.11752427184466023
0 0.5544708029197081 0.6485194174757282 0.0426277372262774 0.12279126213592241
0 0.4173540145985401 0.6447936893203883 0.02572992700729931 0.1375970873786409
0 0.36481751824817515 0.47332524271844656 0.031642335766423314 0.12580097087378636
0 0.4762956204379562 0.4778640776699029 0.03503649635036505 0.11473300970873782
0 0.39049270072992703 0.6463956310679612 0.032025547445255494 0.1382645631067962
0 0.33335766423357666 0.47359223300970876 0.03182481751824817 0.12706310679611657
0 0.3171167883211679 0.47519417475728154 0.027043795620437943 0.1244660194174758
0 0.5933759124087592 0.4778640776699029 0.03895985401459858 0.10786407766990291
0 0.38527372262773724 0.4762621359223301 0.03468978102189779 0.12066747572815528
0 0.3543978102189781 0.645861650485437 0.02580291970802917 0.13359223300970866
0 0.44260948905109493 0.645861650485437 0.03164233576642342 0.13706310679611658
0 0.5155839416058394 0.4773300970873786 0.040054744525547525 0.11673543689320381
0 0.558485401459854 0.8111893203883495 0.03370437956204385 0.1422572815533981
0 0.41494525547445255 0.47839805825242715 0.04713503649635044 0.11752427184466023
0 0.5067700729927007 0.8122451456310679 0.03443430656934307 0.1433252427184465