0 0.3064516129032258 0.08597285067873303 0.04032258064516129 0.17194570135746606
0 0.34580645161290324 0.0857126696832579 0.04782258064516123 0.16981900452488688
0 0.3167338709677419 0.3029864253393665 0.046270161290322555 0.17578054298642531
0 0.9435483870967742 0.0867081447963801 0.05693548387096776 0.17207013574660635
0 0.41431451612903225 0.30193438914027154 0.0538911290322581 0.17578054298642531
0 0.46959677419354834 0.5357805429864253 0.04143145161290325 0.1706108597285067
0 0.5343346774193548 0.301131221719457 0.03899193548387103 0.17749999999999996
0 0.6250604838709677 0.5357805429864253 0.04058467741935483 0.16875565610859736
0 0.8881048387096774 0.08597285067873303 0.05443548387096774 0.17194570135746606
0 0.7903225806451613 0.08484162895927602 0.04435483870967742 0.16968325791855204
0 0.6600403225806452 0.30059954751131224 0.05566532258064519 0.17631221719457016
0 0.6633467741935484 0.5347171945701358 0.0418548387096774 0.16954751131221718
0 0.8306048387096775 0.5336538461538461 0.041108870967741906 0.1670361990950227
0 0.6037903225806452 0.0867081447963801 0.04568548387096768 0.17207013574660635
0 0.705866935483871 0.5352488687782806 0.043568548387096805 0.17061085972850684
0 0.5258266129032259 0.0867081447963801 0.044112903225806445 0.1726018099547511
0 0.7101209677419356 0.2979524886877828 0.04975806451612893 0.1752488687782805
0 0.03286290322580645 0.3027262443438914 0.059475806451612906 0.17313348416289587
0 0.9949596774193549 0.29694570135746606 0.010080645161290322 0.17081447963800905
0 0.15241935483870966 0.301131221719457 0.04296370967741936 0.176052036199095
0 0.22681451612903225 0.08540723981900453 0.04233870967741935 0.17081447963800905
0 0.42338709677419356 0.08597285067873303 0.04032258064516129 0.17194570135746606
0 0.6471774193548387 0.08597285067873303 0.04435483870967742 0.17194570135746606
0 0.7880846774193548 0.5373642533936651 0.044112903225806445 0.16928733031674217
0 0.9848790322580645 0.08597285067873303 0.03024193548387097 0.17194570135746606
0 0.46346774193548385 0.301131221719457 0.04034274193548385 0.176052036199095
0 0.35358870967741934 0.5378959276018099 0.0421370967741935 0.1706108597285067
0 0.012096774193548387 0.08484162895927602 0.024193548387096774 0.16968325791855204
0 0.6895161290322581 0.08540723981900453 0.04838709677419355 0.17081447963800905
0 0.3861895161290323 0.08591628959276017 0.03735887096774188 0.17153846153846153
0 0.016129032258064516 0.5350678733031674 0.03225806451612903 0.167420814479638
0 0.2621572580645161 0.30193438914027154 0.04754032258064513 0.1769796380090497
0 0.0791733870967742 0.30193438914027154 0.036229838709677414 0.173789592760181
0 0.10181451612903226 0.08653846153846154 0.038306451612903226 0.17307692307692307
0 0.2701612903225806 0.08540723981900453 0.04435483870967742 0.17081447963800905
0 0.9052822580645161 0.3008710407239819 0.06048387096774194 0.1726018099547512
0 0.5475604838709677 0.5347171945701358 0.034556451612903195 0.17127828054298638
0 0.3628024193548387 0.3029864253393665 0.0521774193548387 0.17578054298642531
0 0.43155241935483873 0.5357805429864253 0.03800403225806456 0.1700791855203619
0 0.31318548387096773 0.5373642533936651 0.04306451612903229 0.17035067873303159
0 0.5726209677419355 0.30059954751131224 0.043205645161290225 0.17657239819004528
0 0.22153225806451612 0.3016628959276018 0.040665322580645195 0.176052036199095
0 0.1892741935483871 0.30007918552036195 0.03645161290322577 0.17723981900452496
0 0.8346774193548387 0.08540723981900453 0.05241935483870968 0.17081447963800905
0 0.11118951612903227 0.29583710407239816 0.036229838709677414 0.1743212669683258
0 0.8069959677419355 0.29901583710407237 0.04671370967741927 0.17207013574660635
0 0.20451612903225805 0.5352488687782806 0.03875 0.170871040723982
0 0.5092943548387097 0.5368325791855204 0.04072580645161299 0.17061085972850684
0 0.6146774193548387 0.2979524886877828 0.04568548387096768 0.1755203619909502
0 0.3594959677419355 0.7791628959276018 0.0258870967741935 0.1706108597285067
0 0.497016129032258 0.3008710407239819 0.03927419354838713 0.17697963800904984
0 0.5664717741935484 0.08651583710407242 0.03971774193548396 0.17153846153846153
0 0.10941532258064515 0.785 0.028064516129032234 0.16981900452488674
0 0.3054032258064516 0.778631221719457 0.023326612903225793 0.1700791855203619
0 0.1381048387096774 0.08484162895927602 0.038306451612903226 0.16968325791855204
0 0.7479233870967742 0.5336538461538461 0.039818548387096774 0.16835972850678724
0 0.9652822580645161 0.2968891402714932 0.055463709677419336 0.170871040723982
0 0.7587903225806452 0.29822398190045246 0.051008064516128944 0.1723303167420815
0 0.1266532258064516 0.5352488687782806 0.0418548387096774 0.17035067873303172
0 0.5858467741935484 0.5352488687782806 0.0418548387096774 0.16954751131221718
0 0.23995967741935487 0.5357805429864253 0.038991935483870914 0.16875565610859736
0 0.16270161290322582 0.5347171945701358 0.04175403225806453 0.16808823529411768
0 0.17173387096774195 0.7816515837104072 0.016149193548387078 0.1673981900452489
0 0.2150201612903226 0.781289592760181 0.023588709677419332 0.16782805429864242
0 0.1505241935483871 0.7828733031674208 0.02568548387096776 0.16597285067873307
0 0.28483870967741937 0.7791628959276018 0.02397177419354836 0.16981900452488674
0 0.13221774193548386 0.7823416289592761 0.02608870967741935 0.16729638009049785
0 0.2404233870967742 0.7807579185520362 0.02951612903225804 0.1672963800904976
0 0.2664112903225806 0.781289592760181 0.022096774193548347 0.16954751131221707
0 0.3417741935483871 0.781289592760181 0.02548387096774191 0.16808823529411757
0 0.08544354838709678 0.7834049773755656 0.028508064516129035 0.1706108597285067
0 0.01794354838709677 0.7834049773755656 0.026895161290322586 0.16782805429864267
0 0.19790322580645162 0.7834049773755656 0.023790322580645184 0.1670361990950227
0 0.3212298387096774 0.778631221719457 0.02078629032258065 0.1700791855203619
0 0.3814717741935484 0.777579185520362 0.02270161290322579 0.17631221719457002
0 0.06310483870967741 0.785 0.02510080645161291 0.16808823529411757
0 0.004032258064516129 0.7805429864253394 0.008064516129032258 0.17194570135746606
0 0.04106854838709677 0.7834049773755656 0.029516129032258066 0.16954751131221732
0 0.40038306451612904 0.7765158371040725 0.030201612903225844 0.1821493212669683
0 0.8780241935483871 0.7239819004524887 0.2439516129032258 0.011312217194570135