0 0.40703125 0.803125 0.2875 0.01875
0 0.42421875 0.825 0.309375 0.0265625
0 0.43359375 0.846875 0.2953125 0.03046875
0 0.43671875 0.89921875 0.3015625 0.0359375
0 0.41171875 0.78046875 0.28984375 0.02734375
0 0.44140625 0.94375 0.32109375 0.034375
0 0.8796875 0.8125 0.23984375 0.03515625
0 0.6828125 0.70546875 0.33203125 0.03671875
0 0.87734375 0.77421875 0.2453125 0.0296875
0 0.70703125 0.67734375 0.3125 0.03203125
0 0.87890625 0.86875 0.2421875 0.0265625
0 0.67265625 0.7296875 0.3390625 0.02578125
0 0.88125 0.753125 0.2375 0.01875
0 0.9203125 0.709375 0.159375 0.03125
0 0.865625 0.2171875 0.26875 0.0125
0 0.91640625 0.734375 0.1671875 0.02109375
0 0.87890625 0.92890625 0.2421875 0.02421875
0 0.92578125 0.6796875 0.1484375 0.034375
0 0.6296875 0.453125 0.321875 0.0421875
0 0.871875 0.95390625 0.25546875 0.03125
0 0.73984375 0.3140625 0.0390625 0.175
0 0.7359375 0.071875 0.103125 0.14375
0 0.925 0.528125 0.04296875 0.12890625
0 0.671875 0.88515625 0.03984375 0.2296875
0 0.44140625 0.978125 0.32734375 0.0234375