0 0.5111141304347826 0.26049694189602446 0.031236413043478274 0.14904434250764528
0 0.6295652173913043 0.07598623853211009 0.051413043478260916 0.1470948012232416
0 0.6621059782608696 0.07684250764525995 0.03834239130434786 0.14587155963302753
0 0.6603668478260869 0.779296636085627 0.037961956521739205 0.15234709480122333
0 0.8070108695652174 0.6093730886850153 0.037336956521739156 0.15661314984709473
0 0.8755706521739129 0.25488532110091744 0.04430706521739117 0.16321100917431194
0 0.7766440217391305 0.6108409785932721 0.037038043478260854 0.15356269113149856
0 0.6859646739130435 0.7817354740061162 0.038260869565217424 0.15258409785932717
0 0.6399728260869565 0.45141437308868504 0.03531250000000001 0.13684250764525996
0 0.5440896739130434 0.7802752293577981 0.04264945652173911 0.1568577981651376
0 0.2197554347826087 0.616697247706422 0.0519836956521739 0.150756880733945
0 0.7323913043478261 0.6235321100917431 0.030991847826086882 0.1370871559633027
0 0.46858695652173915 0.6118195718654434 0.048654891304347754 0.14928899082568806
0 0.7002853260869565 0.615237003058104 0.0369565217391305 0.14782874617737013
0 0.8777445652173913 0.625 0.04414402173913045 0.15124617737003052
0 0.19123641304347827 0.4489755351681957 0.03006793478260869 0.14660550458715596
0 0.500258152173913 0.7822247706422019 0.04921195652173917 0.15771406727828752
0 0.5050407608695652 0.616697247706422 0.03580163043478264 0.1379357798165138
0 0.21585597826086958 0.4489755351681957 0.03226902173913043 0.1453822629969419
0 0.2570788043478261 0.07739296636085627 0.0414673913043478 0.14758409785932722
0 0.7050543478260869 0.26049694189602446 0.02993206521739127 0.1512461773700306
0 0.41349184782608694 0.7841819571865444 0.027527173913043466 0.14977828746177368
0 0.25425271739130434 0.6254892966360857 0.04422554347826089 0.134762996941896
0 0.8972690217391304 0.44287461773700304 0.04910326086956535 0.14928899082568806
0 0.5327989130434783 0.6201146788990826 0.02926630434782604 0.13451834862385326
0 0.10012228260869564 0.6098623853211009 0.049592391304347824 0.15661314984709473
0 0.6087364130434783 0.6137691131498471 0.03134510869565224 0.14611620795107025
0 0.5388858695652174 0.2573241590214067 0.029157608695652225 0.15636850152905196
0 0.6382336956521739 0.7885779816513762 0.03197010869565214 0.13757645259938833
0 0.7766440217391305 0.7827140672782874 0.0489266304347826 0.151980122324159
0 0.8434646739130435 0.6171865443425076 0.040516304347826 0.150756880733945
0 0.8169972826086955 0.44262996941896027 0.04179347826086955 0.14709480122324162
0 0.23407608695652174 0.7836926605504587 0.05054347826086955 0.15307339449541277
0 0.4447282608695652 0.7797859327217126 0.03614130434782612 0.1540519877675841
0 0.6768478260869566 0.2692889908256881 0.03270380434782615 0.1358639143730887
0 0.7840217391304347 0.44238532110091744 0.034769021739130324 0.14660550458715596
0 0.14990489130434784 0.6176758409785933 0.05585597826086954 0.15100152905198777
0 0.28398097826086954 0.6132798165137614 0.04501358695652173 0.15002293577981654
0 0.027853260869565216 0.7836926605504587 0.03466032608695653 0.14269877675840986
0 0.8065896739130435 0.07519877675840979 0.0369565217391305 0.1449006116207951
0 0.8807744565217391 0.7797859327217126 0.03812499999999992 0.15002293577981654
0 0.6069972826086957 0.2592737003058104 0.03894021739130431 0.15539755351681955
0 0.5085054347826087 0.4497094801223242 0.035665760869565216 0.1441666666666666
0 0.6022282608695653 0.7797859327217126 0.04389945652173906 0.15539755351681966
0 0.24687499999999998 0.44531345565749236 0.04187499999999999 0.15429663608562685
0 0.6608016304347827 0.6103516819571866 0.04773097826086956 0.151980122324159
0 0.9371875 0.44335626911314985 0.03593750000000006 0.15100152905198777
0 0.20251358695652175 0.07665902140672784 0.031236413043478274 0.14587155963302753
0 0.9649456521739131 0.44384556574923545 0.04585597826086957 0.15124617737003057
0 0.3980842391304348 0.07409785932721713 0.03289402173913048 0.1470948012232416
0 0.8534375 0.44214067278287467 0.03894021739130446 0.14831804281345565
0 0.43582880434782606 0.07409785932721712 0.04811141304347822 0.14636085626911316
0 0.5536277173913043 0.6171865443425076 0.02947010869565225 0.13757645259938842
0 0.5718478260869565 0.4577599388379205 0.04702445652173915 0.12634556574923547
0 0.3909239130434783 0.7817354740061162 0.029605978260869515 0.1490443425076452
0 0.07506793478260869 0.619625382262997 0.04737771739130436 0.1436773700305811
0 0.12788043478260872 0.7812538226299695 0.04838315217391306 0.15173547400611623
0 0.31326086956521737 0.6118195718654434 0.04683423913043482 0.15100152905198777
0 0.9588722826086957 0.615237003058104 0.05650815217391293 0.15771406727828743
0 0.07072010869565216 0.7822247706422019 0.04940217391304347 0.14782874617736996
0 0.44516304347826086 0.2587920489296636 0.041875000000000065 0.15734709480122322
0 0.5024320652173914 0.07501529051987768 0.030529891304347863 0.1429434250764526
0 0.18146739130434783 0.2590366972477064 0.049402173913043496 0.1545412844036697
0 0.47900815217391307 0.4528822629969419 0.029375000000000005 0.13842507645259935
0 0.14589673913043477 0.26733180428134556 0.03654891304347827 0.13793577981651373
0 0.2846195652173913 0.4440902140672783 0.03899456521739129 0.15380733944954134
0 0.024225543478260867 0.6171865443425076 0.048111413043478254 0.140993883792049
0 0.8477989130434783 0.07477064220183485 0.05546195652173904 0.14367737003058104
0 0.035937500000000004 0.44555810397553514 0.04675271739130434 0.1429434250764526
0 0.8864130434782609 0.07171253822629971 0.03580163043478248 0.14220948012232415
0 0.47336956521739126 0.07434250764525993 0.032078804347826104 0.14269877675840978
0 0.7397690217391305 0.7812538226299695 0.03877717391304343 0.14904434250764528
0 0.7119972826086957 0.7905275229357798 0.022866847826086858 0.1326911314984709
0 0.15641304347826088 0.44531345565749236 0.04561141304347825 0.15685779816513762
0 0.91375 0.2634250764525994 0.040380434782608735 0.14660550458715596
0 0.3939673913043478 0.445802752293578 0.038994565217391364 0.15307339449541285
0 0.2256114130434783 0.07684250764525995 0.03294836956521739 0.1468501529051988
0 0.6950815217391304 0.07555810397553517 0.041875000000000065 0.1468501529051988
0 0.5631793478260869 0.26733180428134556 0.027309782608695682 0.1378211009174312
0 0.5818342391304349 0.619625382262997 0.03360054347826089 0.13818042813455658
0 0.4113179347826087 0.268065749235474 0.03512228260869568 0.14220948012232415
0 0.29221467391304345 0.07684250764525995 0.031345108695652164 0.1473394495412844
0 0.18634510869565218 0.6171865443425076 0.04737771739130436 0.15429663608562685
0 0.3241032608695652 0.44555810397553514 0.040516304347826076 0.15356269113149854
0 0.015978260869565216 0.2561009174311927 0.0319429347826087 0.16100917431192663
0 0.39764945652173916 0.6220718654434251 0.031480978260869506 0.1379357798165138
0 0.37226902173913046 0.2626987767584098 0.04389945652173906 0.15429663608562688
0 0.1251766304347826 0.07641437308868501 0.047459239130434795 0.1470948012232416
0 0.5354076086956522 0.46288990825688076 0.022269021739130417 0.11938837920489302
0 0.7315217391304347 0.2734403669724771 0.0336548913043478 0.12805045871559634
0 0.34211956521739134 0.2653822629969419 0.028940217391304323 0.14343272171253824
0 0.9285054347826087 0.7807645259938838 0.05369565217391302 0.15307339449541277
0 0.9640760869565217 0.77782874617737 0.05309782608695642 0.15588685015290518
0 0.9805706521739131 0.07195718654434251 0.03466032608695651 0.13940366972477067
0 0.16823369565217391 0.07574159021406728 0.048192934782608714 0.14685015290519882
0 0.7436684782608696 0.4440902140672783 0.04076086956521739 0.14782874617737
0 0.6052581521739131 0.45141437308868504 0.037336956521739156 0.14099388379204894
0 0.7436684782608696 0.9365214067278288 0.037119565217391216 0.12487767584097871
0 0.8039809782608696 0.2609862385321101 0.041711956521739195 0.1458715596330275
0 0.44039402173913045 0.6230504587155964 0.03525815217391311 0.13342507645259938
0 0.7723097826086956 0.2707492354740061 0.03216032608695662 0.13122324159021406
0 0.35361413043478257 0.7817354740061162 0.033872282608695625 0.15051223241590206
0 0.2880978260869565 0.7836926605504587 0.03580163043478264 0.15026758409785937
0 0.2551222826086957 0.2736850152905199 0.042975543478260866 0.13183486238532113
0 0.37292119565217396 0.7832033639143732 0.02793478260869558 0.15124617737003052
0 0.6430163043478261 0.2719724770642202 0.035448369565217436 0.13232415902140676
0 0.9033423913043478 0.7871100917431192 0.035665760869565216 0.14465596330275232
0 0.3275815217391304 0.786131498470948 0.03855978260869564 0.1475840978593272
0 0.9050679347826087 0.6137691131498471 0.05889945652173901 0.15710244648318045
0 0.7653668478260869 0.07543577981651375 0.0522826086956522 0.14636085626911316
0 0.08781249999999999 0.07519877675840979 0.038478260869565205 0.1470948012232416
0 0.35664402173913046 0.07543577981651377 0.042119565217391304 0.14660550458715596
0 0.8382608695652174 0.2551299694189602 0.03660326086956529 0.160519877675841
0 0.05380434782608696 0.07532110091743119 0.049293478260869564 0.1453822629969419
0 0.7263179347826088 0.07519877675840979 0.040217391304347705 0.1470948012232416
0 0.9432608695652174 0.25243883792048927 0.06475543478260881 0.16564984709480118