0 0.5775166666666667 0.6557666666666667 0.030150000000000052 0.11963333333333341
0 0.5423666666666667 0.5004888888888889 0.04186666666666668 0.10760000000000003
0 0.5430833333333334 0.6582 0.038933333333333354 0.1124222222222223
0 0.41784999999999994 0.6547888888888889 0.02349999999999999 0.1259777777777779
0 0.3698666666666666 0.49779999999999996 0.028899999999999957 0.11517777777777774
0 0.47168333333333334 0.5019555555555556 0.03200000000000008 0.1050444444444444
0 0.3933166666666667 0.6562555555555556 0.02925000000000002 0.12658888888888897
0 0.34113333333333334 0.49804444444444446 0.029066666666666664 0.11633333333333339
0 0.3263 0.49951111111111113 0.02469999999999999 0.11395555555555562
0 0.5786166666666667 0.5019555555555556 0.03558333333333337 0.09875555555555555
0 0.38855 0.5004888888888889 0.03168333333333332 0.11047777777777772
0 0.36035 0.6557666666666667 0.023566666666666646 0.12231111111111104
0 0.4409166666666667 0.6557666666666667 0.028900000000000006 0.12548888888888896
0 0.5075666666666667 0.5014666666666666 0.03658333333333341 0.10687777777777771
0 0.5467500000000001 0.8071333333333333 0.030783333333333378 0.13024444444444447
0 0.41564999999999996 0.5024444444444445 0.04305000000000002 0.10760000000000003
0 0.4995166666666666 0.8080999999999999 0.031450000000000006 0.13122222222222213