0 0.4965311653116531 0.15795731707317073 0.8324661246612466 0.07208841463414634
0 0.5039024390243902 0.21496951219512198 0.820758807588076 0.039435975609756105
0 0.48349593495934956 0.6162042682926829 0.8137940379403794 0.039801829268292704
0 0.5082384823848238 0.3964786585365853 0.8602439024390244 0.06310975609756093
0 0.50130081300813 0.7685518292682927 0.8498373983739836 0.08403963414634145
0 0.4717886178861789 0.5795884146341463 0.8324661246612466 0.04510670731707322
0 0.5095392953929541 0.2680640243902439 0.8411382113821138 0.07367378048780486
0 0.4895934959349593 0.4460518292682927 0.8359349593495934 0.036768292682926834
0 0.4843631436314363 0.6591768292682927 0.8155284552845529 0.05500000000000006
0 0.5091056910569106 0.3232469512195122 0.8224932249322493 0.038689024390243895
0 0.4908943089430894 0.7138719512195122 0.820758807588076 0.058780487804878136
0 0.49956639566395666 0.8383841463414634 0.8137940379403794 0.06210365853658538
0 0.509539295392954 0.9038109756097561 0.8307317073170732 0.08507621951219504
0 0.50130081300813 0.3701219512195122 0.8016531165311653 0.03173780487804877
0 0.5034688346883469 0.3515701219512195 0.7604065040650406 0.03021341463414633
0 0.4973983739837398 0.1303658536585366 0.8359349593495934 0.02635670731707316