0 0.73359375 0.12734375 0.5328125 0.0484375
0 0.24375 0.02109375 0.4875 0.03515625
0 0.240625 0.7859375 0.48046875 0.0375
0 0.18125 0.29375 0.36171875 0.06015625
0 0.8 0.02109375 0.4 0.0359375
0 0.1625 0.5296875 0.325 0.05234375
0 0.1453125 0.65625 0.290625 0.0390625
0 0.3453125 0.06640625 0.3609375 0.04921875
0 0 0.14803568125 0.38881409375 0.1282357046875 0.392393959375 0.0943615 0 0.09941897499999999 0 0.14803568125
0 0.8756154359374999 0.26711817031249996 0.3601791953125 0.24142312656249998 0.36196845624999996 0.280667725 0.8630872484375001 0.3077668359375 0.8756154359374999 0.26711817031249996
0 0.3780758390625 0.41296060937499995 0.379865771875 0.5008481578125 0.98657718125 0.5160914859375 0.9901563765624999 0.4297128328125 0.3780758390625 0.41296060937499995
0 0.299776509375 0.18424396406250002 0.3011187921875 0.2315508265625 0.5928409390625 0.2518754765625 0.591051678125 0.2061454890625 0.299776509375 0.18424396406250002
0 0.3243845640625 0.658619440625 0.329753690625 0.7345781453125 0.8756154359374999 0.744740153125 0.8738255031250001 0.685460609375 0.3243845640625 0.658619440625
0 1 0.7904166109374999 0.5033557046875 0.7772128328125001 0.499776509375 0.81756925 1 0.839498771875 1 0.7904166109374999
0 0.071588590625 0.6162642953125 0.073825503125 0.64142503125 0.5964208046875 0.6583615 0.5964208046875 0.6346499359375 0.071588590625 0.6162642953125
0 0.8684563765625001 0.5211728078125 0.3243845640625 0.5019059718750001 0.317226175 0.5618214734375 0.8630872484375001 0.580451715625 0.8684563765625001 0.5211728078125
0 0 0.26730446875 0.353020134375 0.280667725 0.353020134375 0.240019059375 0 0.2268494828125 0 0.26730446875
0 0 0.22150642656250003 0.28322147656249996 0.2264695046875 0.28322147656249996 0.15364104218750002 0 0.15050868125 0 0.22150642656250003
0 0.9937362421874999 0.21969504374999999 0.5928409390625 0.2054212203125 0.6 0.2552623890625 0.9955255031249999 0.2552623890625 0.9937362421874999 0.21969504374999999
0 0.90425100625 0.16719059687499999 0.3378073828125 0.1397712828125 0.33333355781249996 0.1858214734375 0.8988812078124999 0.204451715625 0.90425100625 0.16719059687499999
0 0 0.60937489375 0.433557046875 0.6160196953125 0.4317671140625 0.5702897078125 0 0.5573692703125 0 0.60937489375
0 0.4541389265625 0.569674078125 0.44608523437500003 0.614325921875 0.9955255031249999 0.6397312578125 0.9955255031249999 0.5940012703125 0.4541389265625 0.569674078125
0 0.4787469796875 0.33460419375 0.4711409390625 0.404307496875 0.8416107374999999 0.4195508265625 0.843400671875 0.3450285890625 0.4787469796875 0.33460419375
0 0 0.7617207968749999 0.5087248328125 0.7633710296875 0.510514765625 0.7294968234375 0 0.730608009375 0 0.7617207968749999
0 0.9973154359375 0.73965883125 0.5190154359375 0.732740153125 0.514093959375 0.7633710296875 0.9991053687499999 0.7820012703125 0.9973154359375 0.73965883125
0 0.8398208046875 0.8429745875 0.33333355781249996 0.8174504453125 0.3279644296875 0.8666861499999999 0.843400671875 0.8971728078125001 0.8398208046875 0.8429745875
0 0 0.868049809375 0.30648791875 0.8582179156249999 0.30648791875 0.8057134687499999 0 0.8129506046874999 0 0.868049809375
0 0 0.9631718921875001 0.5158838921875 0.9598392625000001 0.510514765625 0.932740153125 0 0.923378378125 0 0.9631718921875001
0 0.3579416109375 0.8703939015625 0.36196845624999996 0.9174968234374999 0.8559281875 0.9445959343749999 0.8630872484375001 0.9090285890625 0.3579416109375 0.8703939015625