0 0.7226372315035801 0.29113365155131266 0.027708830548926047 0.16937947494033412
0 0.748854415274463 0.29297136038186156 0.0270883054892602 0.16990453460620525
0 0.7745584725536994 0.2940214797136038 0.028042959427207637 0.17187350835322193
0 0.8028758949880668 0.2950715990453461 0.029188544152744675 0.17121718377088302
0 0.7808472553699284 0.5140095465393795 0.02278042959427198 0.17016706443914084
0 0.889928400954654 0.7389856801909308 0.023257756563245833 0.1600715990453459
0 0.8285680190930788 0.29507159904534613 0.02668257756563234 0.1689856801909308
0 0.9302983293556086 0.7421241050119332 0.022434367541766056 0.15562052505966598
0 0.2595465393794749 0.07995226730310262 0.05369928400954654 0.15990453460620524
0 0.882052505966587 0.30214797136038185 0.02974940334128886 0.16033412887828163
0 0.0477326968973747 0.9463007159904535 0.01909307875894988 0.10739856801909307
0 0.5322792362768497 0.7379355608591885 0.01795942720763718 0.16243436754176624
0 0.9103699284009547 0.7415990453460621 0.02411694510739861 0.15404534606205242
0 0.5915393794749404 0.7321599045346061 0.026730310262529942 0.1789498806682578
0 0.07995226730310262 0.9463007159904535 0.02386634844868735 0.10739856801909307
0 0.9093317422434367 0.3005727923627685 0.029558472553699262 0.16190930787589505
0 0.15982100238663485 0.08274463007159905 0.03368735083532222 0.16466587112171838
0 0.9470883054892602 0.0855727923627685 0.025059665871121718 0.1423747016706444
0 0.5160262529832935 0.7374105011933175 0.019844868735083527 0.16492840095465397
0 0.4815035799522673 0.0805489260143198 0.05847255369928401 0.1610978520286396
0 0.5705608591885442 0.7332100238663484 0.019964200477326992 0.17095465393794748
0 0.946563245823389 0.5252863961813843 0.02647971360381868 0.16033412887828163
0 0.13782816229116945 0.9427207637231504 0.027446300715990454 0.11455847255369929
0 0.7032338902147971 0.5166348448687351 0.021384248210023955 0.1687231503579952
0 0.589964200477327 0.2948090692124105 0.02694510739856793 0.16964200477326966
0 0.10553699284009546 0.3042482100238663 0.03467780429594272 0.1579832935560859
0 0.09606205250596658 0.0805489260143198 0.032219570405727926 0.1610978520286396
0 0.1873508353221957 0.9421241050119332 0.026252983293556086 0.11575178997613365
0 0.3478520286396181 0.0805489260143198 0.05369928400954654 0.1610978520286396
0 0.6696778042959428 0.731109785202864 0.030775656324582297 0.18013126491646783
0 0.34768496420047734 0.7363603818615753 0.019797136038186197 0.16872315035799534
0 0.4745942720763723 0.300835322195704 0.03337708830548929 0.16269689737470164
0 0.11933174224343675 0.081145584725537 0.03341288782816229 0.162291169451074
0 0.09904534606205251 0.9427207637231504 0.016706443914081145 0.11455847255369929
0 0.20780429594272073 0.3000477326968974 0.02896181384248208 0.16164677804295946
0 0.07184964200477326 0.7415990453460621 0.03165871121718377 0.16361575178997628
0 0.028042959427207637 0.9463007159904535 0.025059665871121718 0.10739856801909307
0 0.926109785202864 0.08747016706443914 0.02058472553699284 0.13871121718377086
0 0.41348448687350836 0.08174224343675418 0.05608591885441527 0.16348448687350836
0 0.9198090692124105 0.521873508353222 0.0257279236276849 0.15640811455847262
0 0.26325775656324585 0.7384606205250597 0.03257756563245818 0.1693794749403342
0 0.008353221957040573 0.9468973747016707 0.016706443914081145 0.10620525059665871
0 0.9376491646778043 0.2997852028639618 0.03013126491646778 0.15928400954653935
0 0.6382100238663485 0.29218377088305486 0.028627684964200487 0.17121718377088302
0 0.7687828162291169 0.08897374701670645 0.04562052505966589 0.14394988066825776
0 0.3054773269689738 0.2992601431980907 0.026384248210023883 0.16440334128878287
0 0.19954653937947495 0.0819689737470167 0.04100238663484489 0.16243436754176613
0 0.7210620525059666 0.5158472553699284 0.023221957040572835 0.16990453460620525
0 0.3298568019093079 0.7379355608591885 0.021551312649164614 0.16846062052505975
0 0.7981503579952267 0.5147971360381861 0.02195704057279247 0.1676849642004773
0 0.640835322195704 0.516109785202864 0.031658711217183735 0.17213603818615753
0 0.6880310262529834 0.5189976133651552 0.023663484486873422 0.17095465393794748
0 0.5385680190930787 0.29952267303102625 0.032136038186157456 0.16466587112171838
0 0.26730310262529833 0.9427207637231504 0.026252983293556086 0.11455847255369929
0 0.2805608591885442 0.2997852028639618 0.02739856801909312 0.1654534606205251
0 0.0780071599045346 0.3018854415274463 0.03282816229116944 0.15404534606205247
0 0.8888782816229117 0.0904892601431981 0.025107398568019048 0.13621718377088307
0 0.3854415274463007 0.2997852028639618 0.026575178997613344 0.16650357995226733
0 0.23441527446300717 0.7395107398568019 0.025871121718377098 0.1676849642004773
0 0.23031026252983294 0.07995226730310262 0.04295942720763723 0.15990453460620524
0 0.8025059665871122 0.9468973747016707 0.027446300715990454 0.10620525059665871
0 0.21360381861575178 0.9421241050119332 0.026252983293556086 0.11575178997613365
0 0.5076252983293555 0.3005727923627685 0.029558472553699262 0.16361575178997614
0 0.4423389021479714 0.735310262529833 0.023221957040572835 0.17699284009546531
0 0.8526252983293556 0.951073985680191 0.025059665871121718 0.09785202863961814
0 0.7598687350835321 0.5147971360381861 0.02485680190930779 0.17161097852028634
0 0.034546539379474946 0.2997852028639618 0.03539379474940334 0.15980906921241053
0 0.3301193317422434 0.29952267303102625 0.028365155131264894 0.16387828162291174
0 0.4124463007159904 0.30136038186157516 0.029510739856801933 0.16466587112171838
0 0.36708830548926014 0.7421241050119332 0.018818615751789954 0.159546539379475
0 0.8542601431980907 0.30136038186157516 0.0282577565632459 0.1548329355608592
0 0.6073985680190931 0.9457040572792362 0.016706443914081145 0.10859188544152745
0 0.6649522673031026 0.3034606205250597 0.029069212410501075 0.15875894988066822
0 0.050119331742243436 0.07995226730310262 0.031026252983293555 0.15990453460620524
0 0.07458233890214797 0.0805489260143198 0.029832935560859187 0.1610978520286396
0 0.4627923627684964 0.735835322195704 0.022303102625298395 0.1676849642004773
0 0.9554773269689738 0.7363603818615753 0.032887828162291105 0.1671599045346061
0 0.2863365155131265 0.7389856801909308 0.01894988066825775 0.16466587112171838
0 0.6948448687350836 0.3042482100238663 0.029510739856801933 0.15823389021479717
0 0.7774463007159904 0.9486873508353222 0.027446300715990454 0.1026252983293556
0 0.5262529832935561 0.9439140811455847 0.028639618138424822 0.11217183770883055
0 0.1540453460620525 0.3039856801909308 0.03788782816229117 0.1548329355608592
0 0.6434486873508354 0.7316348448687351 0.023042959427207573 0.17410501193317432
0 0.23192124105011933 0.29952267303102625 0.028365155131264894 0.1641408114558472
0 0.05599045346062053 0.5307875894988067 0.038377088305489256 0.15954653937947486
0 0.7394152744630071 0.5163723150357995 0.023389021479713494 0.1704295942720763
0 0.6193317422434368 0.7326849642004774 0.030656324582338967 0.17463007159904526
0 0.6205250596658711 0.9457040572792362 0.016706443914081145 0.10859188544152745
0 0.8170286396181384 0.5134844868735083 0.023663484486873422 0.17042959427207643
0 0.7511933174224343 0.9468973747016707 0.027446300715990454 0.10620525059665871
0 0.315035799522673 0.9427207637231504 0.02386634844868735 0.11455847255369929
0 0.8558353221957041 0.7489498806682577 0.031181384248210153 0.1373985680190932
0 0.12101431980906921 0.7421241050119332 0.02101431980906923 0.16164677804295946
0 0.9946300715990454 0.08532219570405727 0.010739856801909307 0.14439140811455847
0 0.02264916467780429 0.08150357995226731 0.025727923627684966 0.16243436754176613
0 0.8281622911694511 0.951073985680191 0.026252983293556086 0.09785202863961814
0 0.4837708830548926 0.7347852028639618 0.023890214797136017 0.17331742243436754
0 0.42241050119331747 0.7415990453460621 0.021467780429594283 0.1641408114558472
0 0.20780429594272073 0.7368854415274463 0.02830548926014323 0.17161097852028634
0 0.09892601431980907 0.7421241050119332 0.026336515513126484 0.16269689737470158
0 0.12546539379474939 0.531837708830549 0.030823389021479696 0.15875894988066822
0 0.9009307875894988 0.5226610978520286 0.016945107398568072 0.1512887828162291
0 0.5679355608591885 0.2942840095465394 0.022004773269689804 0.16519093078758956
0 0.8806682577565632 0.951073985680191 0.028639618138424822 0.09785202863961814
0 0.11933174224343675 0.934964200477327 0.014319809069212411 0.13007159904534607
0 0.7121479713603819 0.08878281622911695 0.050477326968973696 0.14775656324582337
0 0.8311933174224343 0.5140095465393795 0.019653937947494066 0.17357995226730313
0 0.33651551312649164 0.9421241050119332 0.02386634844868735 0.11575178997613365
0 0.7441408114558473 0.7473747016706443 0.026384248210023747 0.1469689737470168
0 0.38365155131264916 0.0805489260143198 0.05608591885441527 0.1610978520286396
0 0.982744630071599 0.7431742243436754 0.025584725536992904 0.1545704057279236
0 0.5411694510739857 0.081145584725537 0.06801909307875895 0.162291169451074
0 0.3555489260143198 0.5281742243436754 0.026431980906921212 0.16085918854415268
0 0.0065632458233890216 0.0805489260143198 0.013126491646778043 0.1610978520286396
0 0.1813126491646778 0.302673031026253 0.030083532219570382 0.159546539379475
0 0.8678997613365155 0.09527446300715992 0.016694510739856814 0.12933174224343674
0 0.0932219570405728 0.5281742243436754 0.03758949880668258 0.1603341288782815
0 0.29176610978520284 0.9433174224343676 0.025059665871121718 0.11336515513126491
0 0.9832935560859188 0.29653937947494036 0.03341288782816229 0.1610978520286396
0 0.3581742243436754 0.2992601431980907 0.029558472553699262 0.16440334128878287
0 0.9135202863961813 0.08799522673031025 0.018365155131265035 0.13569212410501194
0 0.3070405727923628 0.7379355608591885 0.026682577565632474 0.1699045346062051
0 0.023830548926014317 0.5315751789976133 0.033448687350835324 0.15562052505966584
0 0.79972553699284 0.08831742243436755 0.0514200477326968 0.14473747016706442
0 0.17659904534606205 0.7395107398568019 0.034868735083532255 0.16650357995226728
0 0.45282816229116946 0.5273866348448687 0.03546539379474944 0.15588305489260143
0 0.4439140811455847 0.07935560859188544 0.05489260143198091 0.15871121718377088
0 0.713198090692124 0.7321599045346061 0.039331742243436794 0.17528639618138409
0 0.28003579952267305 0.5281742243436754 0.030548926014319838 0.16085918854415268
0 0.14605011933174222 0.7436992840095465 0.027398568019093055 0.16190930787589505
0 0.6355847255369929 0.0808472553699284 0.07138424821002379 0.16164677804295946
0 0.7714081145584726 0.7468496420047733 0.030250596658711108 0.1444749403341288
0 0.9761336515513126 0.9516706443914081 0.02386634844868735 0.09665871121718377
0 0.8516467780429594 0.08910501193317423 0.026241050119331755 0.13948687350835323
0 0.3044272076372315 0.5297374701670644 0.02979713603818619 0.16085918854415282
0 0.3884248210023866 0.9433174224343676 0.025059665871121718 0.11336515513126491
0 0.15693317422434366 0.5318377088305488 0.03220763723150359 0.15719570405727926
0 0.9633412887828162 0.29795942720763724 0.01755369928400959 0.15719570405727926
0 0.9564439140811456 0.9516706443914081 0.025059665871121718 0.09665871121718377
0 0.6384248210023866 0.9403341288782816 0.02386634844868735 0.11933174224343675
0 0.3925178997613365 0.7421241050119332 0.03884248210023861 0.1641408114558472
0 0.9367541766109785 0.9516706443914081 0.02386634844868735 0.09665871121718377
0 0.4426014319809069 0.302673031026253 0.026073985680190957 0.16243436754176613
0 0.24045346062052506 0.9421241050119332 0.027446300715990454 0.11575178997613365
0 0.1887947494033413 0.5315751789976133 0.03208830548926013 0.15693317422434366
0 0.3314319809069213 0.5271241050119332 0.03238663484486872 0.162434367541766
0 0.6146062052505966 0.2908711217183771 0.030715990453460632 0.16793556085918857
0 0.4970167064439141 0.9433174224343676 0.025059665871121718 0.11336515513126491
0 0.25014319809069213 0.5313126491646778 0.032887828162291174 0.15719570405727926
0 0.007159904534606206 0.3001193317422434 0.014319809069212411 0.15871121718377088
0 0.4403341288782816 0.9421241050119332 0.03341288782816229 0.11575178997613365
0 0.986873508353222 0.5214797136038186 0.026252983293556086 0.16467780429594273
0 0.5563961813842482 0.7389856801909308 0.01682577565632461 0.16295942720763718
0 0.29594272076372313 0.07935560859188544 0.04295942720763723 0.15871121718377088
0 0.912291169451074 0.9516706443914081 0.027446300715990454 0.09665871121718377
0 0.5910143198090692 0.0808472553699284 0.06928400954653931 0.15875894988066822
0 0.9759307875894988 0.08831742243436756 0.03647971360381854 0.1423747016706444
0 0.5560859188544153 0.9427207637231504 0.031026252983293555 0.11455847255369929
0 0.04510739856801909 0.7436992840095465 0.025632458233890203 0.16190930787589505
0 0.21908114558472555 0.5321002386634844 0.031909307875895 0.15745823389021485
0 0.9922434367541766 0.9504773269689738 0.015513126491646777 0.09904534606205251
0 0.12730310262529834 0.30451073985680194 0.028460620525059693 0.1512887828162291
0 0.36336515513126494 0.9427207637231504 0.027446300715990454 0.11455847255369929
0 0.5853221957040573 0.9421241050119332 0.029832935560859187 0.11575178997613365
0 0.6915274463007159 0.9373508353221957 0.032219570405727926 0.12529832935560858
0 0.6640811455847255 0.9391408114558473 0.027446300715990454 0.12171837708830549
0 0.01718377088305489 0.7436992840095465 0.031730310262529836 0.16466587112171838
0 0.47076372315035797 0.9421241050119332 0.029832935560859187 0.11575178997613365
0 0.4128878281622912 0.9439140811455847 0.026252983293556086 0.11217183770883055
0 0.004176610978520286 0.5298329355608592 0.008353221957040573 0.15274463007159905
0 0.501599045346062 0.7342601431980906 0.01720763723150353 0.1726610978520287
0 0.7225536992840096 0.9295942720763724 0.032219570405727926 0.14081145584725538
0 0.809689737470167 0.721145584725537 0.0392601431980908 0.18525059665871124