0 0.68828125 0.10546875 0.2890625 0.065625
0 0.6953125 0.40078125 0.30859375 0.0453125
0 0.6890625 0.47578125 0.30703125 0.04765625
0 0.6859375 0.62109375 0.31015625 0.05625
0 0.68984375 0.54921875 0.31015625 0.05234375
0 0.69140625 0.35859375 0.30703125 0.0578125
0 0.68828125 0.22109375 0.29765625 0.0453125
0 0.43984375 0.46953125 0.18984375 0.0421875
0 0.44296875 0.215625 0.1953125 0.06171875
0 0.5225149453125 0.3245712328125 0.3474375 0.33307260312500003 0.350154890625 0.3699438359375 0.5178573375 0.3636863015625 0.5225149453125 0.3245712328125
0 0.51009375 0.582726028125 0.32220516250000003 0.5561643828125 0.3144415765625 0.6046301374999999 0.51009375 0.6280986296875 0.51009375 0.582726028125
0 0.5131983703125 0.8455739718749999 0.3280285328125 0.8046972609375 0.319099184375 0.8393164390625 0.506987771875 0.8909465750000001 0.5131983703125 0.8455739718749999
0 0.756987771875 0.761087671875 0.514362771875 0.7225054796875 0.5131983703125 0.7595232875 0.75388179375 0.8017671234374999 0.756987771875 0.761087671875
0 0.5116453796875 0.92536849375 0.32220516250000003 0.8790602734374999 0.309782609375 0.9238027390625 0.5054347828125 0.9723054796874999 0.5116453796875 0.92536849375
0 0.7414592390625 0.9535301374999999 0.5279497281250001 0.9064575343750001 0.514751359375 0.93475479375 0.739907609375 0.99264520625 0.7414592390625 0.9535301374999999
0 0.5225149453125 0.49198082187500003 0.3357921203125 0.4954986296875 0.3423913046875 0.5279657531249999 0.5131983703125 0.5420479453125 0.5225149453125 0.49198082187500003
0 0.514751359375 0.6249698625 0.3144415765625 0.6129164390625 0.319099184375 0.6656479453124999 0.5023288046875 0.693810959375 0.514751359375 0.6249698625
0 0.7492241843749999 0.7141506843750001 0.5298913046875 0.683365753125 0.5178573375 0.7313602734375 0.7492241843749999 0.7595232875 0.7492241843749999 0.7141506843750001
0 0.5178573375 0.40279999999999994 0.520186140625 0.36868904062499996 0.34705027187500004 0.37463835625 0.34860190156250004 0.4012356171875 0.5178573375 0.40279999999999994
0 0.5131983703125 0.8893821921875 0.3144415765625 0.8422698625 0.31599320625 0.8518328765625001 0.5054347828125 0.9206739718750001 0.5131983703125 0.8893821921875
0 0.7507758156250001 0.7094561640625 0.7492241843749999 0.6818 0.5256209234375 0.6625191781249999 0.5256209234375 0.6812945203125 0.7507758156250001 0.7094561640625
0 0.7492241843749999 0.848704109375 0.5318328796875 0.8011739718750001 0.5349375000000001 0.8471397265625 0.7492241843749999 0.8972054796875 0.7492241843749999 0.848704109375
0 0.74611820625 0.8893821921875 0.524067934375 0.8442273968749999 0.520963315625 0.8846890406249999 0.739907609375 0.93475479375 0.74611820625 0.8893821921875
0 0.5131983703125 0.8127191781249999 0.3280285328125 0.775734246875 0.3237581515625 0.8064602734375 0.5131983703125 0.8471397265625 0.5131983703125 0.8127191781249999
0 0.5194103265625001 0.7313602734375 0.32220516250000003 0.6954986296875 0.32065217343749997 0.7344904109375 0.5131983703125 0.767346575 0.5194103265625001 0.7313602734375
0 0.5116453796875 0.7751684937500001 0.32220516250000003 0.7444232875 0.325311140625 0.7704753421875 0.5085407609375 0.8033315062499999 0.5116453796875 0.7751684937500001
0 0.5182459234375 0.3138945203125 0.520963315625 0.2760698625 0.3517078796875 0.28702191718750003 0.3517078796875 0.32300684999999996 0.5182459234375 0.3138945203125
0 0.520963315625 0.2447780828125 0.3474375 0.2551863015625 0.350154890625 0.28702191718750003 0.520963315625 0.28389315000000004 0.520963315625 0.2447780828125
0 0.5178573375 0.41218767187500005 0.3454972828125 0.40782739687499997 0.340838315625 0.44660821874999995 0.5163043484375 0.448172603125 0.5178573375 0.41218767187500005
0 0.739907609375 0.2557301375 0.5395964671875 0.2727986296875 0.5318328796875 0.30110273906249996 0.739907609375 0.28076301406250004 0.739907609375 0.2557301375
0 0.7414592390625 0.28702191718750003 0.541536684375 0.29823835625 0.5318328796875 0.3261356171875 0.74611820625 0.30579726093750004 0.7414592390625 0.28702191718750003