0 0.508288043478261 0.17590214067278287 0.2892934782608695 0.04525993883792047
0 0.8213315217391305 0.1227420998980632 0.3314266304347827 0.05697247706422017
0 0.8141711956521739 0.1958002038735984 0.32915760869565214 0.04742099898063199
0 0.8122282608695651 0.4760754332313965 0.32769021739130444 0.04769622833843014
0 0.270258152173913 0.3488786952089704 0.24357336956521744 0.035402650356778816
0 0.5232608695652174 0.34667686034658507 0.26195652173913037 0.03209989806320083
0 0.518383152173913 0.2932110091743119 0.2622826086956521 0.03622833843017326
0 0.5141440217391304 0.24585117227319062 0.2715489130434783 0.03567787971457696
0 0.8167798913043478 0.30468909276248723 0.32769021739130444 0.04114169215086648
0 0.2351086956521739 0.05572884811416922 0.23933423913043483 0.061100917431192656
0 0.28440217391304345 0.40551478083588177 0.22615489130434777 0.038603465851172275
0 0.7939945652173913 0.6328134556574924 0.29774456521739134 0.06420998980632009
0 0.8187364130434783 0.26855249745158 0.3252445652173912 0.040101936799184536
0 0.8083152173913043 0.5341794087665647 0.3185733695652174 0.06268093781855251
0 0.8180842391304348 0.4084505606523955 0.32915760869565214 0.04238532110091747
0 0.509266304347826 0.1335474006116208 0.2918885869565218 0.06335372069317023
0 0.7861956521739131 0.6738328236493374 0.2901086956521739 0.061977573904179364
0 0.278383152173913 0.3779306829765545 0.2342934782608696 0.0390621814475026
0 0.8161277173913043 0.1561264016309888 0.3257336956521739 0.057706422018348635
0 0.8148233695652174 0.23254841997961265 0.32330163043478266 0.043455657492354735
0 0.7699184782608696 0.8569317023445464 0.25577445652173914 0.07556574923547389
0 0.5294429347826087 0.48803261977573903 0.26358695652173914 0.04394495412844038
0 0.2502445652173913 0.19103975535168197 0.24129076086956527 0.052242609582059125
0 0.5063451086956522 0.09857288481141692 0.2941711956521739 0.06268093781855251
0 0.5268342391304348 0.3842813455657493 0.25789402173913034 0.036503567787971404
0 0.5258695652173914 0.6088888888888889 0.250570652173913 0.055117227319062115
0 0.2652038043478261 0.3261671763506626 0.2447146739130435 0.031977573904179414
0 0.3050679347826087 0.4663098878695209 0.20630434782608692 0.04360856269113147
0 0.5252173913043479 0.4125993883792049 0.25577445652173914 0.04201834862385324
0 0.8265353260869566 0.04428134556574923 0.3407065217391304 0.06731906218144752
0 0.5268342391304348 0.5532212028542304 0.24975543478260862 0.04794087665647296
0 0.3218342391304348 0.794434250764526 0.19410326086956523 0.05758409785932723