0 0.09018348623853212 0.5574614065180102 0.04157492354740061 0.17313893653516305
0 0.6957186544342507 0.7970668953687823 0.04246177370030578 0.18144082332761574
0 0.26877675840978593 0.5606775300171527 0.03735474006116209 0.17674957118353338
0 0.5743577981651377 0.5676500857632933 0.04345565749235468 0.17674957118353338
0 0.02663608562691132 0.5580017152658662 0.04142201834862386 0.1739365351629502
0 0.7492354740061162 0.5767581475128645 0.04368501529051978 0.18238421955403095
0 0.7855504587155964 0.5756861063464837 0.04548929663608563 0.1862692967409949
0 0.5088837920489296 0.5655060034305317 0.03162079510703356 0.17166380789022306
0 0.6775688073394496 0.5735420240137221 0.0403211009174312 0.17715265866209257
0 0.5394648318042814 0.5665780445969125 0.03467889908256873 0.175008576329331
0 0.9839449541284404 0.8087478559176673 0.03211009174311927 0.18696397941680962
0 0.8983180428134556 0.8040308747855918 0.05724770642201843 0.18412521440823332
0 0.9499235474006116 0.5794425385934819 0.04088685015290521 0.18385934819897073
0 0.8299847094801223 0.3334048027444254 0.044892966360856115 0.17421097770154384
0 0.8180428134556575 0.5756861063464837 0.049571865443425185 0.1877444253859349
0 0.819954128440367 0.7997427101200686 0.05070336391437321 0.18064322469982858
0 0.7908103975535169 0.33313893653516297 0.04327217125382256 0.1724614065180103
0 0.2312691131498471 0.7847341337907375 0.04041284403669726 0.18600343053173252
0 0.9489755351681957 0.8045711835334478 0.05386850152905202 0.1835849056603773
0 0.057584097859327214 0.5574614065180102 0.032217125382262984 0.17313893653516305
0 0.8610550458715597 0.8029588336192109 0.05336391437308882 0.18265008576329314
0 0.7463761467889908 0.3323327615780446 0.046972477064220225 0.17313893653516305
0 0.778868501529052 0.7992109777015437 0.04891437308868503 0.17969982847341334
0 0.7110091743119266 0.5751543739279589 0.041177370030580966 0.17943396226415095
0 0.23246177370030582 0.5596054888507719 0.030886850152905182 0.17474271012006862
0 0.6445871559633027 0.5730102915951972 0.0407033639143731 0.1739365351629502
0 0.16305810397553513 0.5580017152658662 0.03685015290519881 0.175008576329331
0 0.9762996941896025 0.5797598627787307 0.047400611620795105 0.18696397941680962
0 0.7320336391437309 0.7986706689536878 0.05847094801223243 0.1835849056603773
0 0.8476758409785933 0.5772984562607204 0.04126911314984711 0.18064322469982838
0 0.6120948012232416 0.5692538593481989 0.03553516819571867 0.17474271012006862
0 0.46062691131498473 0.7890222984562607 0.03778287461773706 0.18117495711835335
0 0.9260397553516819 0.5783704974271012 0.04025993883792038 0.18238421955403095
0 0.8725229357798165 0.5783704974271012 0.04189602446483194 0.17916809605488856
0 0.19889908256880737 0.559073756432247 0.03729357798165135 0.17313893653516285
0 0.9413302752293577 0.3312607204116638 0.07012232415902125 0.18452830188679253
0 0.9717125382262997 0.3271869639794168 0.05657492354740061 0.1895368782161235
0 0.3769113149847095 0.9622641509433962 0.04128440366972477 0.07547169811320754
0 0.8992813455657492 0.5778301886792453 0.04025993883792038 0.17943396226415095
0 0.4105504587155963 0.9631217838765008 0.047400611620795105 0.07375643224699828
0 0.8753822629969419 0.3312607204116638 0.06915902140672786 0.18291595197255572
0 0.4518348623853211 0.9656946826758147 0.04128440366972477 0.0686106346483705
0 0.2851681957186544 0.08276157804459691 0.04128440366972477 0.16552315608919382
0 0.5840978593272171 0.9665523156089194 0.05198776758409786 0.06689536878216124
0 0.5867584097859327 0.33090051457975983 0.1933333333333334 0.18216123499142364
0 0.3967889908256881 0.08190394511149228 0.20030581039755352 0.16380789022298456
0 0.8126911314984709 0.08018867924528301 0.21253822629969418 0.16037735849056603
0 0.3797706422018349 0.3279416809605489 0.18081039755351683 0.1762435677530017
0 0.6085626911314985 0.0823327615780446 0.20795107033639143 0.1646655231560892
0 0.20033639143730889 0.3280445969125214 0.18013761467889908 0.17166380789022306
0 0.9548929663608563 0.08276157804459691 0.09021406727828746 0.16552315608919382
0 0.05504587155963303 0.32847341337907376 0.11009174311926606 0.17495711835334476
0 0.05657492354740061 0.951114922813036 0.11314984709480122 0.09777015437392796
0 0.7247706422018348 0.9686963979416809 0.2018348623853211 0.06260720411663807