0 0.692910447761194 0.16228136882129277 0.30738805970149247 0.07338403041825094
0 0.6793710021321961 0.4303231939163499 0.2896908315565032 0.07287072243346016
0 0.3719829424307036 0.16307984790874525 0.29671641791044784 0.05731939163498095
0 0.6856183368869936 0.35954372623574143 0.29099147121535185 0.0809315589353612
0 0.3686034115138593 0.21960076045627375 0.2889125799573561 0.07821292775665396
0 0.6741684434968017 0.6990684410646387 0.27745202558635396 0.07792775665399242
0 0.6736460554371002 0.4966920152091255 0.29801705756929636 0.06990494296577943
0 0.3740618336886994 0.10507604562737642 0.30061833688699363 0.07043726235741442
0 0.3678144989339019 0.40456273764258555 0.2951599147121535 0.08783269961977196
0 0.687174840085288 0.08638783269961976 0.3141577825159915 0.0859315589353612
0 0.6679211087420043 0.6419771863117871 0.2644456289978678 0.05975285171102652
0 0.6809275053304904 0.8183460076045627 0.2972388059701492 0.08169201520912553
0 0.6939445628997868 0.2947908745247148 0.28396588486140717 0.06608365019011406
0 0.6668763326226013 0.5584220532319392 0.3029637526652453 0.07925855513307996
0 0.7001918976545842 0.22980988593155893 0.2985394456289978 0.07309885931558933
0 0.3683368869936034 0.3400380228136882 0.2782409381663113 0.05787072243346007
0 0.335543710021322 0.5904562737642586 0.2938486140724947 0.06555133079847912
0 0.6814498933901919 0.7580038022813688 0.2912473347547975 0.061159695817490416
0 0.6861407249466951 0.8912167300380227 0.30556503198294255 0.07733840304182521
0 0.3636567164179105 0.47952471482889736 0.2938486140724947 0.08169201520912553
0 0.3454371002132196 0.7988593155893536 0.299317697228145 0.09747148288973381
0 0.35220682302771855 0.7269011406844107 0.29646055437100205 0.07095057034220542
0 0.37797441364605544 0.2845817490494297 0.2810980810234541 0.06990494296577943
0 0.34334754797441364 0.5426425855513308 0.2980170575692965 0.05648288973384037
0 0.1487953091684435 0.6837452471482889 0.12662046908315563 0.49988593155893546