0 0.40040785498489423 0.5652141680395387 0.04397280966767374 0.15002471169686976
0 0.2170845921450151 0.5928830313014827 0.32935045317220546 0.021128500823723303
0 0.013595166163141994 0.5605436573311368 0.027190332326283987 0.1556836902800659
0 0.10800604229607251 0.3756177924217463 0.21601208459214502 0.019769357495881382
0 0.45910876132930517 0.151499176276771 0.3072054380664653 0.02212520593080726
0 0.8602719033232629 0.171334431630972 0.2794561933534743 0.02471169686985173
0 0.11329305135951662 0.39909390444810544 0.22658610271903323 0.025535420098846788
0 0.850453172205438 0.5436573311367381 0.2990936555891239 0.018121911037891267
0 0.8549848942598187 0.5873146622734761 0.29003021148036257 0.0214168039538715
0 0.4521450151057402 0.132504118616145 0.29874622356495467 0.019159802306425035
0 0.8753776435045317 0.11120263591433278 0.24924471299093656 0.026359143327841845
0 0.8549848942598187 0.6177924217462932 0.29003021148036257 0.03459637561779242
0 0.2158308157099698 0.566845140032949 0.3270996978851963 0.032084019769357534
0 0.10800604229607251 0.3484349258649094 0.21601208459214502 0.016474464579901153
0 0.43548338368580064 0.9596705107084019 0.3129305135951661 0.019530477759472847
0 0.43655589123867067 0.984349258649094 0.2990936555891239 0.03130148270181219
0 0.3538972809667673 0.78333607907743 0.3228851963746224 0.023978583196046045
0 0.8625377643504532 0.15238879736408567 0.27492447129909364 0.018121911037891267
0 0.35787009063444114 0.8028665568369027 0.32188821752265867 0.01726523887973644
0 0.8353474320241692 0.9892915980230642 0.3293051359516616 0.0214168039538715
0 0.06419939577039276 0.9476935749588138 0.04380664652567976 0.10461285008237232
0 0.02190332326283988 0.9308072487644151 0.04380664652567976 0.13838550247116968
0 0.12084592145015106 0.9398682042833608 0.05740181268882175 0.12026359143327842
0 0.11956193353474322 0.12979406919275124 0.07910876132930514 0.13022240527182868
0 0.04229607250755287 0.10255354200988467 0.08459214501510574 0.18533772652388797
0 0.9193051359516617 0.7475205930807249 0.04280966767371589 0.1813591433278419
0 0.9640785498489426 0.7529489291598023 0.04959214501510563 0.17607084019769356
0 0.8587613293051359 0.9411037891268533 0.2824773413897281 0.027182866556836903
0 0.851963746223565 0.8962108731466227 0.29607250755287007 0.0214168039538715
0 0.43051359516616317 0.9423064250411862 0.3037311178247733 0.019159802306425222
0 0.454380664652568 0.17849258649093905 0.3159063444108761 0.015502471169687027
0 0.8496978851963746 0.914332784184514 0.30060422960725075 0.023064250411861616
0 0.2200604229607251 0.6189291598023065 0.3335800604229608 0.03804777594728176
0 0.8670694864048338 0.13344316309719934 0.26586102719033233 0.02800658978583196
0 0.850453172205438 0.5275947281713345 0.2990936555891239 0.02059308072487644
0 0.3638368580060423 0.8251070840197694 0.3256193353474319 0.03396210873146624
0 0.21110271903323263 0.543509060955519 0.3261178247734139 0.019464579901153304
0 0.47055891238670694 0.40677924217462935 0.3335800604229608 0.014357495881383908
0 0.3593655589123867 0.7372158154859967 0.2855589123867069 0.020140032948929198
0 0.2128549848942598 0.5190939044481054 0.3144259818731118 0.035469522240527136
0 0.8489425981873112 0.5654859967051071 0.3021148036253776 0.023887973640856673
0 0.8580060422960725 0.5037067545304778 0.283987915407855 0.03212520593080725
0 0.4571299093655589 0.18906919275123557 0.3266163141993958 0.01349258649093904
0 0.10876132930513595 0.33360790774299837 0.2175226586102719 0.016474464579901153
0 0.8587613293051359 0.8830313014827018 0.2824773413897281 0.0214168039538715
0 0.4686858006042296 0.371828665568369 0.31188821752265866 0.011309719934102156
0 0.46507552870090635 0.394843492586491 0.3280966767371602 0.013706754530477842
0 0.8670694864048338 0.8669686985172982 0.26586102719033233 0.02059308072487644
0 0.114214501510574 0.309662273476112 0.21666163141993958 0.015041186161449746
0 0.45910876132930517 0.38263591433278415 0.31243202416918436 0.016120263591433225
0 0.10725075528700906 0.35914332784184516 0.21450151057401812 0.014827018121911038
0 0.10800604229607251 0.32166392092257 0.21601208459214502 0.015650741350906095
0 0.21160120845921448 0.49331960461285007 0.3087009063444109 0.01871499176276773
0 0.2155891238670695 0.46130971993410214 0.2932779456193354 0.018360790774299807