0 0.4174786324786325 0.5829336188436831 0.027549857549857594 0.1142398286937902
0 0.5566666666666666 0.5860064239828694 0.0358689458689458 0.09801927194860809
0 0.28185185185185185 0.58703426124197 0.03524216524216525 0.11443254817987164
0 0.642991452991453 0.45138115631691644 0.02719373219373224 0.10244111349036397
0 0.5085612535612536 0.4544646680942184 0.03420227920227919 0.10033190578158462
0 0.36766381766381767 0.5839614561027837 0.031680911680911694 0.11340471092077095
0 0.5928347578347578 0.5854925053533191 0.038461538461538464 0.09840471092077097
0 0.21515669515669514 0.30625267665952893 0.03299145299145303 0.1116702355460385
0 0.6307122507122507 0.584475374732334 0.037820512820512756 0.09859743040685216
0 0.311025641025641 0.5854925053533191 0.0276068376068376 0.11366167023554613
0 0.1702991452991453 0.3054817987152034 0.04142450142450144 0.11660599571734472
0 0.443062678062678 0.5824197002141328 0.029301994301994372 0.11404710920770876
0 0.3888176638176638 0.4542077087794433 0.027250712250712246 0.10654175588865096
0 0.34343304843304845 0.7152462526766595 0.03210826210826214 0.10468950749464666
0 0.5976068376068375 0.45240899357601716 0.024287749287749225 0.09994646680942186
0 0.19383190883190882 0.4406209850107067 0.042948717948717914 0.12936830835117777
0 0.42668091168091166 0.7142184154175589 0.025327635327635288 0.10211991434689495
0 0.41611111111111115 0.4529229122055674 0.022222222222222254 0.10654175588865096
0 0.6668660968660969 0.451134903640257 0.0276068376068376 0.09769807280513919
0 0.6586752136752136 0.5865203426124196 0.021723646723646725 0.09379014989293352
0 0.194002849002849 0.584475374732334 0.027193732193732157 0.1228265524625268
0 0.6187606837606837 0.4526659528907923 0.02042735042735047 0.10083511777301922
0 0.22794871794871796 0.44625267665952895 0.031196581196581166 0.12539614561027837
0 0.44817663817663816 0.7152462526766595 0.02689458689458689 0.10372591006423995
0 0.3187037037037037 0.7152462526766595 0.03085470085470089 0.10481798715203436
0 0.7832051282051281 0.5849892933618843 0.02239316239316243 0.09199143468950757
0 0.24586894586894587 0.7173019271948609 0.027293447293447327 0.10936830835117783
0 0.3942735042735042 0.5813918629550321 0.027293447293447248 0.11109207708779442
0 0.6880199430199431 0.4529229122055674 0.020740740740740664 0.09494646680942191
0 0.29532763532763534 0.7147323340471091 0.027407407407407422 0.10615631691648832
0 0.27350427350427353 0.3098394004282655 0.026937321937321974 0.10654175588865096
0 0.46796296296296297 0.7152462526766595 0.027934472934472952 0.10173447537473232
0 0.7886609686609687 0.4526659528907923 0.02464387464387458 0.09199143468950745
0 0.2926068376068376 0.4503640256959315 0.03155270655270652 0.11546038543897219
0 0.4696723646723646 0.31906852248394 0.017364672364672443 0.08289079229122051
0 0.33917378917378915 0.31061027837259103 0.019886039886039857 0.1024411134903641
0 0.8282478632478631 0.4531798715203426 0.02222222222222209 0.08968950749464666
0 0.17507122507122508 0.584475374732334 0.027150997150997155 0.12308351177730197
0 0.5703133903133903 0.4531798715203426 0.02957264957264956 0.09647751605995719
0 0.32126780626780627 0.44907922912205567 0.026723646723646712 0.11724839400428265
0 0.3210968660968661 0.3118950749464668 0.020498575498575478 0.10173447537473232
0 0.39735042735042736 0.31906852248394 0.021139601139601186 0.08468950749464671
0 0.46898860398860404 0.5860064239828694 0.025754985754985815 0.10449678800856521
0 0.5399572649572649 0.4539507494646681 0.029743589743589736 0.09859743040685229
0 0.5266524216524217 0.3185546038543897 0.018404558404558347 0.08334047109207712
0 0.8473504273504274 0.5854925053533191 0.022136752136752084 0.09494646680942191
0 0.2543874643874644 0.3093254817987152 0.018760683760683784 0.10173447537473232
0 0.3043732193732194 0.3118950749464668 0.017236467236467268 0.10122055674518197
0 0.34890313390313393 0.4544646680942184 0.018988603988603966 0.10596359743040688
0 0.6440170940170941 0.7096038543897216 0.02698005698005706 0.09789079229122062
0 0.16484330484330484 0.4449785867237688 0.027037037037037023 0.12391862955032121
0 0.45227920227920226 0.3185546038543897 0.021139601139601186 0.08321199143468953
0 0.47752136752136753 0.4542077087794433 0.03132478632478634 0.101541755888651
0 0.8104985754985755 0.45343683083511777 0.02138176638176637 0.09032119914346896
0 0.8166381766381766 0.5865203426124196 0.022749287749287788 0.09327623126338318
0 0.2212962962962963 0.584475374732334 0.03840455840455838 0.11481798715203427
0 0.4457977207977208 0.4539507494646681 0.0291880341880342 0.10173447537473232
0 0.626951566951567 0.7111456102783726 0.021310541310541362 0.0966702355460385
0 0.2716239316239316 0.7157601713062098 0.0291880341880342 0.10975374732334046
0 0.5433618233618234 0.7126873661670236 0.02514245014245011 0.09994646680942175
0 0.5126638176638176 0.3185546038543897 0.01913105413105406 0.08289079229122051
0 0.18940170940170942 0.7178158458244112 0.029814814814814825 0.10898286937901495
0 0.4137179487179487 0.3193254817987152 0.018988603988604046 0.08199143468950754
0 0.7122507122507122 0.4531798715203426 0.025370370370370293 0.09872591006423986
0 0.710883190883191 0.5854925053533191 0.022222222222222254 0.09199143468950757
0 0.7975356125356126 0.3141970021413276 0.029643874643874565 0.0842398286937901
0 0.8712250712250713 0.45240899357601716 0.01950142450142458 0.0869914346895075
0 0.3604985754985755 0.31239828693790145 0.024843304843304923 0.10102783725910065
0 0.5604273504273505 0.31906852248394 0.021068376068376016 0.08321199143468953
0 0.543019943019943 0.31829764453961457 0.022834757834757795 0.08289079229122051
0 0.6753988603988604 0.5854925053533191 0.016339031339031376 0.0912847965738758
0 0.4938888888888889 0.5849892933618843 0.0301566951566951 0.10468950749464666
0 0.3635754985754986 0.45240899357601716 0.020498575498575478 0.10520342612419699
0 0.5235754985754986 0.5849892933618843 0.034074074074074014 0.10192719486081375
0 0.7777492877492878 0.3141970021413276 0.021467236467236375 0.08334047109207712
0 0.33814814814814814 0.5834475374732334 0.03210826210826214 0.11147751605995705
0 0.2554131054131054 0.44907922912205567 0.03095441595441598 0.1209743040685225
0 0.6654985754985755 0.7101177730192719 0.027934472934472952 0.09821199143468953
0 0.497991452991453 0.3195824411134904 0.01833333333333334 0.08256959314775161
0 0.7388603988603988 0.31548179871520343 0.025413105413105295 0.0830192719486081
0 0.7347578347578347 0.5865203426124196 0.024472934472934565 0.09295503211991428
0 0.6904131054131054 0.588576017130621 0.02354700854700851 0.09295503211991428
0 0.525968660968661 0.7111456102783726 0.02239316239316243 0.10051391862955043
0 0.5808974358974359 0.711659528907923 0.03085470085470081 0.10083511777301934
0 0.6617521367521367 0.31728051391862955 0.02138176638176637 0.08256959314775161
0 0.833019943019943 0.5906209850107066 0.020740740740740664 0.10033190578158462
0 0.381994301994302 0.31906852248394 0.017364672364672443 0.08782655246252674
0 0.8541737891737892 0.45343683083511777 0.02019943019943029 0.08795503211991432
0 0.8337037037037037 0.3162526766595289 0.02189458689458674 0.07673447537473228
0 0.5931766381766382 0.3185546038543897 0.022222222222222254 0.08379014989293361
0 0.48434472934472933 0.31881156316916487 0.01811965811965816 0.08186295503211995
0 0.7067806267806268 0.31752676659528906 0.020826210826210834 0.08070663811563168
0 0.8637179487179488 0.5906209850107066 0.019202279202279227 0.0884047109207708
0 0.6324074074074074 0.31752676659528906 0.021139601139601186 0.08468950749464671
0 0.8282478632478631 0.7126873661670236 0.02257834757834745 0.0898822269807281
0 0.760014245014245 0.8357708779443255 0.026054131054131003 0.09737687366167029
0 0.8964814814814815 0.4547216274089936 0.01904558404558389 0.08904710920770874
0 0.5607692307692308 0.7137152034261242 0.023290598290598322 0.10013918629550318
0 0.5010541310541311 0.7126873661670236 0.03451566951566954 0.10013918629550318
0 0.740897435897436 0.45163811563169165 0.015071225071224967 0.0909635974304069
0 0.7504558404558406 0.7132012847965739 0.02196581196581207 0.08923982869379005
0 0.38437321937321933 0.7142184154175589 0.02464387464387458 0.10154175588865087
0 0.7211111111111111 0.31599571734475373 0.0203418803418803 0.08218415417558886
0 0.29175213675213674 0.31061027837259103 0.014943019943019956 0.10083511777301934
0 0.7606980056980057 0.31496788008565313 0.023290598290598163 0.08456102783725912
0 0.21243589743589744 0.7157601713062098 0.02575498575498573 0.10763383297644537
0 0.7142877492877493 0.711659528907923 0.02437321937321939 0.09596359743040697
0 0.6757407407407408 0.3162526766595289 0.0203418803418803 0.08468950749464671
0 0.7340740740740741 0.8367987152034262 0.023005698005698134 0.09532119914346893
0 0.888974358974359 0.7096038543897216 0.027934472934472793 0.09532119914346893
0 0.8800997150997152 0.31983940042826553 0.019572649572649585 0.0655781584582441
0 0.8848717948717948 0.5896038543897217 0.018689458689458534 0.08199143468950741
0 0.7293019943019944 0.4531798715203426 0.016723646723646738 0.0935974304068522
0 0.7777492877492878 0.7121734475374731 0.021068376068376016 0.08904710920770886
0 0.8193732193732194 0.3165096359743041 0.020655270655270654 0.07480728051391863
0 0.6914387464387464 0.3141970021413276 0.020740740740740664 0.08589935760171308
0 0.8514387464387465 0.3170235546038544 0.02317663817663815 0.07602783725910063
0 0.25252136752136756 0.58703426124197 0.031809116809116786 0.11321199143468952
0 0.2385327635327635 0.3095824411134903 0.018404558404558426 0.10192719486081375
0 0.8725925925925925 0.8378158458244112 0.02098290598290601 0.09379014989293352
0 0.4321367521367522 0.3170235546038544 0.021552706552706545 0.08468950749464671
0 0.3666381766381766 0.7132012847965739 0.019886039886039937 0.10173447537473232
0 0.23 0.7157601713062098 0.01756410256410254 0.10724839400428274
0 0.5774786324786325 0.31728051391862955 0.018475783475783516 0.08256959314775161
0 0.6805128205128206 0.8398715203426125 0.01811965811965816 0.08782655246252674
0 0.86508547008547 0.3162526766595289 0.021139601139601023 0.07224839400428268