0 0.19366568914956014 0.5904036243822076 0.04618768328445748 0.12394563426688635
0 0.6902492668621701 0.5904036243822076 0.03737536656891497 0.14261120263591442
0 0.4364076246334311 0.5904036243822076 0.034530791788856235 0.14943163097199347
0 0.2320381231671554 0.5898929159802306 0.0402639296187683 0.12394563426688635
0 0.8730791788856306 0.594011532125206 0.06351906158357762 0.1352718286655684
0 0.4698533724340176 0.5909225700164744 0.03765395894428145 0.14749588138385497
0 0.5917302052785923 0.889003294892916 0.06568914956011723 0.11383855024711682
0 0.6458064516129032 0.8926112026359144 0.061862170087976454 0.11545304777594716
0 0.10533724340175954 0.8828253706754531 0.04966275659824047 0.11017298187808897
0 0.49780058651026393 0.8884925864909391 0.04891495601173022 0.11229818780889615
0 0.46847507331378296 0.8884925864909391 0.047888563049853325 0.11229818780889615
0 0.3786656891495601 0.7402224052718287 0.02850439882697955 0.12696869851729828
0 0.28794721407624635 0.8859143327841845 0.05945747800586512 0.11268533772652403
0 0.6568035190615836 0.587833607907743 0.03617302052785918 0.14286655683690286
0 0.7800586510263929 0.889003294892916 0.06197947214076244 0.11506589785831965
0 0.41189149560117305 0.7417627677100495 0.0342228739002933 0.12355848434925865
0 0.532624633431085 0.8884925864909391 0.06306451612903224 0.11307248764415155
0 0.4180791788856305 0.889003294892916 0.048255131964809336 0.11248764415156504
0 0.2352492668621701 0.24521416803953872 0.0448826979472141 0.1532866556836903
0 0.1736217008797654 0.42540362438220763 0.029618768328445733 0.1341103789126853
0 0.6787976539589443 0.42977759472817134 0.031994134897360776 0.13591433278418452
0 0.8556598240469208 0.25113673805601316 0.06941348973607026 0.1415815485996705
0 0.18129032258064515 0.88334431630972 0.06643695014662757 0.10959637561779258
0 0.3526392961876833 0.9835255354200988 0.03372434017595308 0.032948929159802305
0 0.862991202346041 0.8900329489291599 0.06174486803519047 0.11326194398682043
0 0.9325513196480938 0.43039538714991765 0.1348973607038123 0.12932454695222406
0 0.7200293255131964 0.889003294892916 0.06014662756598238 0.11467874794069176
0 0.20156891495601173 0.24392915980230642 0.04032258064516129 0.15071663920922573
0 0.3479618768328446 0.5481878088962109 0.13929618768328444 0.04781713344316306
0 0.22447214076246336 0.4261779242174629 0.02983870967741939 0.13321252059308075
0 0.9175219941348973 0.8884925864909391 0.060601173020527754 0.11229818780889615
0 0.6151026392961877 0.7443410214168039 0.04112903225806445 0.12291598023064253
0 0.38343108504398826 0.9847611202635914 0.030791788856304986 0.030477759472817133
0 0.6462609970674487 0.42334431630971997 0.04870967741935488 0.15019769357495874
0 0.14211143695014666 0.8807660626029654 0.05957478005865102 0.11036243822075784
0 0.2873900293255132 0.9831136738056013 0.03225806451612903 0.03377265238879736
0 0.23593841642228738 0.8792257001647448 0.05979472140762468 0.10676276771004953
0 0.3460410557184751 0.2583607907742998 0.17302052785923755 0.13616968698517293
0 0.5395014662756599 0.25396210873146624 0.16346041055718477 0.13694398682042833
0 0.31978005865102643 0.4269439868204283 0.16002932551319646 0.13733113673805603
0 0.777316715542522 0.4295222405271829 0.18121700879765384 0.14093080724876436
0 0.7796041055718476 0.7474299835255355 0.15717008797653967 0.13346787479406916
0 0.10912023460410557 0.744341021416804 0.151099706744868 0.1341103789126853
0 0.9560117302052786 0.25123558484349257 0.08797653958944282 0.13344316309719934
0 0.9310850439882697 0.5939044481054365 0.1378299120234604 0.13344316309719934
0 0.9362170087976539 0.7553542009884678 0.12756598240469208 0.14497528830313014
0 0.6769648093841643 0.7443410214168039 0.06414956011730205 0.12394563426688635
0 0.9033137829912022 0.2529324546952224 0.0516568914956012 0.14016474464579898
0 0.2631964809384164 0.877677100494234 0.05417888563049852 0.10212520593080726
0 0.06284457478005866 0.8807660626029654 0.03422287390029326 0.10804777594728178
0 0.6765102639296188 0.889003294892916 0.060821114369501494 0.11525535420098852
0 0.9296187683284457 0.985996705107084 0.10263929618768329 0.02800658978583196
0 0.8854545454545455 0.1643822075782537 0.1526979472140764 0.040189456342668836
0 0.10304985337243402 0.1834349258649094 0.16404692082111436 0.03462108731466225
0 0.3138269794721408 0.8869439868204283 0.05585043988269791 0.11467874794069176
0 0.19574780058651026 0.9822899505766063 0.03372434017595308 0.03542009884678748
0 0.036656891495601175 0.1684514003294893 0.07331378299120235 0.04695222405271829
0 0.8614369501466276 0.9868204283360791 0.036656891495601175 0.026359143327841845
0 0.23093841642228738 0.9831136738056013 0.030791788856304986 0.03377265238879736
0 0.2269941348973607 0.16245469522240527 0.07153958944281529 0.033401976935749596
0 0.1436950146627566 0.9822899505766063 0.03519061583577713 0.03542009884678748
0 0.2595307917888563 0.9831136738056013 0.02932551319648094 0.03377265238879736
0 0.3454398826979472 0.8859143327841845 0.05398826979472148 0.11486820428336064
0 0.592375366568915 0.985996705107084 0.04985337243401759 0.02800658978583196
0 0.8005865102639296 0.9864085667215815 0.03225806451612903 0.027182866556836903
0 0.07624633431085044 0.9818780889621087 0.03519061583577713 0.036243822075782535
0 0.43841642228739003 0.985172981878089 0.04105571847507331 0.029654036243822075
0 0.7353372434017595 0.985996705107084 0.03372434017595308 0.02800658978583196
0 0.5432551319648093 0.985996705107084 0.03372434017595308 0.02800658978583196
0 0.5175953079178885 0.9855848434925865 0.02932551319648094 0.028830313014827018
0 0.7697947214076246 0.9868204283360791 0.02932551319648094 0.026359143327841845
0 0.4941348973607038 0.9855848434925865 0.02932551319648094 0.028830313014827018
0 0.40762463343108507 0.984349258649094 0.02932551319648094 0.03130148270181219
0 0.10997067448680352 0.9814662273476112 0.03519061583577713 0.03706754530477759
0 0.012463343108504398 0.0914332784184514 0.024926686217008796 0.05930807248764415