0 0.634 0.4473958333333333 0.06054166666666671 0.19396875000000005
0 0.3105 0.18643749999999998 0.03423611111111108 0.1998333333333333
0 0.08040277777777778 0.7303020833333334 0.05513888888888891 0.22864583333333333
0 0.5767777777777777 0.7283124999999999 0.06948611111111107 0.2261562499999999
0 0.311 0.7298020833333333 0.06769444444444446 0.22553125
0 0.15956944444444446 0.12332291666666666 0.2661111111111111 0.03104166666666668
0 0.13329166666666667 0.7293125 0.05854166666666667 0.22753125000000007
0 0.2449722222222222 0.7303020833333334 0.06556944444444442 0.22690624999999992
0 0.8206111111111112 0.7487708333333334 0.050847222222222085 0.18112499999999987
0 0.8738333333333332 0.7492708333333333 0.05009722222222213 0.18636458333333342
0 0.3785277777777778 0.7323020833333334 0.07663888888888883 0.22041666666666657
0 0.7421111111111112 0.44290625 0.056180555555555615 0.2008333333333334
0 0.34991666666666665 0.18793749999999998 0.03911111111111107 0.19459375
0 0.6915416666666667 0.4468958333333333 0.0439027777777778 0.1909791666666666
0 0.8591944444444445 0.43816666666666665 0.06511111111111126 0.20843749999999991
0 0.7740416666666666 0.7477708333333334 0.03590277777777765 0.18286458333333327
0 0.4460555555555556 0.7283124999999999 0.06099999999999994 0.22515625000000009
0 0.5551666666666667 0.20577083333333332 0.2965555555555555 0.029062499999999977
0 0.9157500000000001 0.7278125000000001 0.042263888888888976 0.2282708333333332
0 0.16006944444444443 0.15923958333333335 0.2644444444444444 0.03907291666666666
0 0.7899999999999999 0.4374166666666667 0.045236111111111026 0.20657291666666672
0 0.17744444444444443 0.5212395833333333 0.26029166666666664 0.045750000000000075
0 0.1631388888888889 0.20090625 0.263625 0.04035416666666668
0 0.17827777777777779 0.4443958333333333 0.26394444444444437 0.0496458333333333
0 0.5538333333333333 0.23695833333333333 0.2943888888888889 0.03427083333333331
0 0.16530555555555557 0.23221875 0.2597916666666667 0.02158333333333336
0 0.5555 0.27076041666666667 0.2920555555555555 0.03243749999999999
0 0.3642222222222222 0.9633229166666666 0.2172083333333333 0.025979166666666723
0 0.6366527777777777 0.7308020833333334 0.026361111111111137 0.2065729166666666
0 0.7294722222222223 0.7298020833333333 0.035638888888889005 0.21106250000000013
0 0.3619027777777778 0.9034479166666666 0.21688888888888885 0.05993749999999996
0 0.17329166666666668 0.4845625 0.258625 0.03545833333333329
0 0.1651388888888889 0.26028125 0.26279166666666665 0.044718749999999946
0 0.6935416666666667 0.7318020833333333 0.03125 0.2068229166666666
0 0.3625555555555556 0.9877708333333334 0.21904166666666672 0.022562500000000086
0 0.18843055555555555 0.7273125 0.06936111111111111 0.22927083333333323
0 0.6632638888888889 0.7318020833333333 0.024986111111111122 0.20719791666666676
0 0.5085972222222223 0.7283124999999999 0.06656944444444438 0.2303958333333334
0 0.36319444444444443 0.996875 0.22083333333333333 0.00625
0 0.39183333333333337 0.1884375 0.039791666666666635 0.19371874999999997
0 0.5428472222222223 0.47109375 0.13413888888888895 0.1417083333333333