0 0.655954415954416 0.42451820128479656 0.06209401709401714 0.19936830835117778
0 0.3241595441595442 0.15629550321199143 0.035113960113960084 0.20539614561027836
0 0.08816239316239316 0.7152997858672377 0.056552706552706576 0.23501070663811563
0 0.5972649572649572 0.713254817987152 0.07126780626780622 0.23245182012847956
0 0.32467236467236466 0.7147858672376873 0.06943019943019944 0.23180942184154174
0 0.16935897435897437 0.091423982869379 0.2729344729344729 0.03190578158458245
0 0.1424074074074074 0.7142826552462527 0.06004273504273505 0.23386509635974312
0 0.25695156695156696 0.7152997858672377 0.06725071225071222 0.23322269807280507
0 0.8473504273504274 0.7342826552462527 0.05215099715099701 0.18616702355460374
0 0.9019373219373219 0.734796573875803 0.051381766381766295 0.1915524625267667
0 0.39393162393162395 0.717355460385439 0.07860398860398854 0.2265524625267665
0 0.7668376068376069 0.4199036402569593 0.05762108262108269 0.20642398286937907
0 0.3645868945868946 0.1578372591006424 0.04011396011396007 0.20001070663811563
0 0.71497150997151 0.42400428265524626 0.04502849002849005 0.19629550321199135
0 0.8869230769230769 0.41503211991434685 0.06678062678062693 0.21423982869379005
0 0.7995868945868945 0.7332548179871521 0.0368233618233617 0.1879550321199143
0 0.46319088319088325 0.713254817987152 0.06256410256410251 0.23142398286937912
0 0.5750997150997151 0.17616702355460384 0.30415954415954416 0.029871520342612395
0 0.944928774928775 0.7127408993576018 0.043347578347578436 0.23462526766595276
0 0.16987179487179488 0.12834047109207708 0.27122507122507117 0.040160599571734464
0 0.8159544159544159 0.41426124197002145 0.04639601139601131 0.21232334047109214
0 0.18769230769230769 0.5004175588865096 0.2669658119658119 0.04702355460385447
0 0.17301994301994303 0.17116702355460386 0.2703846153846154 0.041477516059957184
0 0.18854700854700857 0.42143468950749463 0.27071225071225063 0.05102783725910061
0 0.5737321937321938 0.20822269807280513 0.301937321937322 0.03522483940042824
0 0.17524216524216527 0.20335117773019273 0.26645299145299145 0.022184154175588895
0 0.5754415954415955 0.24296573875803 0.2995441595441595 0.03334047109207707
0 0.3792592592592593 0.9548072805139186 0.22277777777777777 0.026702355460385498
0 0.6586752136752136 0.715813704496788 0.027037037037037064 0.21232334047109203
0 0.7538746438746439 0.7147858672376873 0.03655270655270667 0.21693790149892947
0 0.37688034188034186 0.8932655246252676 0.2224501424501424 0.061605995717344715
0 0.18343304843304845 0.4627194860813705 0.2652564102564102 0.03644539614561024
0 0.17507122507122508 0.2321948608137045 0.2695299145299145 0.045963597430406795
0 0.7170227920227921 0.7168415417558887 0.03205128205128205 0.21258029978586718
0 0.3775498575498576 0.9799357601713062 0.22465811965811971 0.023190578158458333
0 0.19896011396011395 0.7122269807280515 0.07113960113960113 0.23565310492505342
0 0.6859686609686609 0.7168415417558887 0.02562678062678064 0.21296573875803007
0 0.5273361823361823 0.713254817987152 0.0682763532763532 0.23680942184154183
0 0.3782051282051282 0.9930406852248393 0.2264957264957265 0.013918629550321198
0 0.4075783475783476 0.15835117773019272 0.04081196581196578 0.19911134903640254
0 0.5624643874643875 0.4488758029978587 0.13757834757834764 0.14565310492505348