0 0.6332981927710843 0.608042372881356 0.03846385542168669 0.1632457627118645
0 0.6805120481927711 0.34138983050847455 0.03516566265060245 0.15256779661016948
0 0.8570030120481927 0.34015254237288134 0.03775602409638545 0.1505847457627119
0 0.8053765060240964 0.6065508474576271 0.04399096385542174 0.16572881355932198
0 0.2996987951807229 0.9360169491525424 0.03313253012048193 0.12796610169491526
0 0.31716867469879517 0.608042372881356 0.04817771084337351 0.16461016949152543
0 0.7846385542168675 0.34138983050847455 0.04058734939759043 0.15157627118644068
0 0.8874397590361446 0.34238983050847455 0.03033132530120497 0.15008474576271189
0 0.5834487951807229 0.3431271186440678 0.045587349397590335 0.15455084745762712
0 0.6324246987951807 0.3436271186440678 0.049006024096385485 0.15405932203389827
0 0.8644578313253012 0.9288135593220339 0.04819277108433735 0.1423728813559322
0 0.7502259036144578 0.34015254237288134 0.033915662650602384 0.15331355932203386
0 0.4091566265060241 0.33990677966101696 0.03965361445783139 0.15455084745762712
0 0.7193373493975903 0.6055593220338983 0.03981927710843382 0.1670932203389831
0 0.7590512048192771 0.6060593220338983 0.040210843373494044 0.16672033898305086
0 0.5534337349397591 0.6065508474576271 0.045783132530120445 0.1625
0 0.713855421686747 0.9309322033898305 0.04216867469879518 0.13813559322033897
0 0.9134789156626505 0.3396525423728814 0.040210843373494044 0.1523220338983051
0 0.9496536144578314 0.6065508474576271 0.04274096385542185 0.16001694915254233
0 0.41909638554216866 0.6060593220338983 0.04837349397590362 0.16485593220338982
0 0.8212650602409639 0.33990677966101696 0.03444277108433719 0.15455084745762712
0 0.5075602409638554 0.6055593220338983 0.041054216867469864 0.1625
0 0.36790662650602407 0.6070508474576272 0.049201807228915685 0.16461016949152543
0 0.022590361445783132 0.3228813559322034 0.045180722891566265 0.1864406779661017
0 0.14718373493975903 0.7738983050847458 0.28546686746987954 0.015093220338983004
0 0.7144879518072289 0.34015254237288134 0.03483433734939758 0.15033050847457627
0 0.3433734939759036 0.9347457627118644 0.0572289156626506 0.13050847457627118
0 0.8521385542168676 0.6065508474576271 0.048087349397590455 0.16622033898305075
0 0.5410843373493975 0.342635593220339 0.033915662650602384 0.15182203389830506
0 0.7567771084337349 0.9292372881355933 0.046686746987951805 0.14152542372881355
0 0.05944277108433735 0.6095338983050848 0.04837349397590362 0.16212711864406776
0 0.1438253012048193 0.7491525423728813 0.2876506024096386 0.01694915254237288
0 0.858433734939759 0.8016949152542373 0.28313253012048195 0.02711864406779661
0 0.3687951807228916 0.3408983050847458 0.038162650602409684 0.15716101694915258
0 0.15447289156626506 0.6100338983050848 0.04432228915662652 0.16088135593220332
0 0.07444277108433733 0.33742372881355936 0.05746987951807228 0.15977118644067795
0 0.21865963855421686 0.34064406779661016 0.040421686746987914 0.15256779661016948
0 0.25 0.9355932203389831 0.03313253012048193 0.1288135593220339
0 0.6769879518072289 0.6060593220338983 0.04439759036144581 0.1678389830508474
0 0.29686746987951806 0.33841525423728813 0.03868975903614458 0.15666101694915255
0 0.1089156626506024 0.6095338983050848 0.04533132530120481 0.16113559322033888
0 0.38403614457831325 0.9351694915254237 0.030120481927710843 0.12966101694915255
0 0.9036144578313253 0.9322033898305084 0.045180722891566265 0.13559322033898305
0 0.4687198795180723 0.6055593220338983 0.04128012048192766 0.16299152542372874
0 0.11697289156626506 0.3369237288135593 0.03370481927710842 0.15977118644067795
0 0.27966867469879514 0.6090338983050847 0.037801204819277144 0.16212711864406776
0 0.14774096385542168 0.7609830508474577 0.28921686746987957 0.015330508474576203
0 0.983433734939759 0.6050847457627119 0.03313253012048193 0.15932203389830507
0 0.7168674698795181 0.07076271186440677 0.07228915662650602 0.14152542372881355
0 0.14718373493975903 0.7962372881355931 0.2867921686746988 0.017008474576271134
0 0.4683734939759036 0.9322033898305084 0.06927710843373494 0.13559322033898305
0 0.5026957831325302 0.22780508474576272 0.309066265060241 0.025118644067796597
0 0.954066265060241 0.3396525423728814 0.04406626506024095 0.1571610169491525
0 0.14697289156626506 0.3354322033898305 0.03811746987951808 0.1595169491525424
0 0.21009036144578314 0.06949152542372881 0.07078313253012049 0.13898305084745763
0 0.14457831325301204 0.8351694915254237 0.2891566265060241 0.019491525423728815
0 0.23972891566265062 0.6095338983050848 0.04274096385542168 0.16088135593220332
0 0.19924698795180726 0.6090338983050847 0.04120481927710845 0.16113559322033907
0 0.9002409638554216 0.6070508474576272 0.05179216867469895 0.1670932203389831
0 0.2808734939759036 0.06991525423728813 0.058734939759036146 0.13983050847457626
0 0.10993975903614457 0.934322033898305 0.045180722891566265 0.13135593220338984
0 0.444683734939759 0.3438728813559322 0.03430722891566261 0.1483474576271186
0 0.01882530120481928 0.6101694915254238 0.03765060240963856 0.16271186440677965
0 0.33239457831325303 0.34164406779661016 0.036897590361445784 0.15405932203389827
0 0.14231927710843373 0.8161016949152542 0.28463855421686746 0.023728813559322035
0 0.257605421686747 0.3376694915254237 0.035993975903614424 0.15542372881355931
0 0.8396084337349398 0.24745762711864408 0.3207831325301205 0.03559322033898305
0 0.6649096385542169 0.934322033898305 0.061746987951807226 0.13135593220338984
0 0.1460843373493976 0.06906779661016949 0.05120481927710843 0.13813559322033897
0 0.2213855421686747 0.934322033898305 0.03614457831325301 0.13135593220338984
0 0.27259036144578314 0.9351694915254237 0.030120481927710843 0.12966101694915255
0 0.1566265060240964 0.4745762711864407 0.3132530120481928 0.020338983050847456
0 0.9856927710843374 0.3364406779661017 0.0286144578313253 0.16610169491525423
0 0.8561746987951807 0.7614406779661017 0.2876506024096386 0.03135593220338983
0 0.5163855421686747 0.8374576271186441 0.3291415662650602 0.0283813559322034
0 0.18734939759036146 0.21596610169491523 0.3198795180722892 0.03582203389830507
0 0.8353765060240965 0.2244576271186441 0.32539156626506016 0.03161016949152538
0 0.1588855421686747 0.45659322033898303 0.31569277108433735 0.025262711864406734
0 0.20906626506024095 0.24369491525423728 0.34150602409638553 0.0355338983050847
0 0.5084337349397591 0.7585 0.34569277108433727 0.02711016949152543
0 0.4894578313253012 0.4536186440677966 0.2850301204819277 0.019330508474576225
0 0.15060240963855423 0.4936440677966102 0.30120481927710846 0.02288135593220339
0 0.5075602409638554 0.8031949152542373 0.3214307228915664 0.028754237288135646
0 0.8569277108433735 0.8343220338983051 0.286144578313253 0.027966101694915254
0 0.5371084337349398 0.254 0.2929668674698795 0.023228813559322006
0 0.8444427710843374 0.44919491525423727 0.2873493975903614 0.008957627118644014
0 0.4951957831325301 0.4662796610169492 0.286355421686747 0.013652542372881271
0 0.839789156626506 0.4608135593220339 0.30179216867469894 0.014415254237288127
0 0.8402259036144578 0.4685084745762712 0.30025602409638574 0.013389830508474537
0 0.4881475903614458 0.4811779661016949 0.28260542168674696 0.0155677966101694
0 0.838027108433735 0.4868813559322034 0.30069277108433745 0.017533898305084793
0 0.493433734939759 0.4950762711864407 0.284367469879518 0.015152542372881448
0 0.8389156626506024 0.47769491525423724 0.2998042168674698 0.014355932203389876
0 0.5128463855421687 0.778364406779661 0.33334337349397597 0.022279661016949122
0 0.8287650602409637 0.5146949152542373 0.3234186746987952 0.015754237288135523
0 0.49123493975903615 0.5146949152542373 0.286355421686747 0.014415254237288127
0 0.15210843373493976 0.5156779661016949 0.3042168674698795 0.02288135593220339
0 0.3328313253012048 0.07033898305084746 0.045180722891566265 0.14067796610169492
0 0.3742469879518072 0.06991525423728813 0.046686746987951805 0.13983050847457626
0 0.42093373493975905 0.07033898305084746 0.061746987951807226 0.14067796610169492
0 0.48493975903614456 0.07076271186440677 0.07530120481927711 0.14152542372881355
0 0.47754518072289154 0.34338135593220337 0.0326204819277108 0.1505847457627118
0 0.6453313253012049 0.07203389830508475 0.07379518072289157 0.1440677966101695
0 0.5685240963855421 0.07033898305084746 0.07981927710843373 0.14067796610169492
0 0.5075602409638554 0.34611016949152545 0.03510542168674691 0.1498389830508475
0 0.08132530120481928 0.06822033898305084 0.08433734939759036 0.13644067796610168
0 0.9871987951807228 0.07245762711864406 0.025602409638554216 0.14491525423728813
0 0.01882530120481928 0.06822033898305084 0.03765060240963856 0.13644067796610168
0 0.8252259036144579 0.07511016949152542 0.08399096385542167 0.1365508474576271
0 0.8786144578313253 0.07374576271186441 0.05308734939759036 0.1359322033898305