0 0.578125 0.53984375 0.2890625 0.05234375
0 0.5890625 0.5390625 0.30546875 0.06015625
0 0.7356317734375 0.4576526875 0.739737684375 0.410441021875 0.4400652703125 0.42621756250000004 0.4466342359375 0.461145478125 0.7356317734375 0.4576526875
0 0.7356317734375 0.6463519 0.7356317734375 0.6148276546875 0.4334975375 0.586885321875 0.44991748749999994 0.630545215625 0.7356317734375 0.6463519
0 0.73891625625 0.698653996875 0.45648645312499997 0.6507208390625 0.44334975312499997 0.6846834859375 0.7290640390625 0.735328309375 0.73891625625 0.698653996875
0 0.72577955625 0.7929593703125 0.44827586249999996 0.7293577984375 0.4367820203125 0.772002621875 0.7060751234375 0.8488440359375 0.72577955625 0.7929593703125
0 0.7192118234375 0.904728046875 0.44334975312499997 0.7981985578125 0.40722536875 0.84360485 0.6863706890625 0.9623591093750001 0.7192118234375 0.904728046875
0 0.7586206890625 0.0682077328125 0.42774999999999996 0.15705570156249998 0.44334975312499997 0.1834692 0.745483990625 0.1136140234375 0.7586206890625 0.0682077328125
0 0.7422007390625 0.2114115328125 0.4400652703125 0.264089121875 0.4466342359375 0.29873132343750003 0.73891625625 0.25332503281249996 0.7422007390625 0.2114115328125
0 0.7290640390625 0.3092096984375 0.4441711828125 0.34272608125000004 0.426929803125 0.3720792921875 0.7224963046874999 0.33889777187500003 0.7290640390625 0.3092096984375
0 0.732348521875 0.745806684375 0.4400652703125 0.6834862390625001 0.4203608375 0.7178643515625 0.715927340625 0.7824809953125 0.732348521875 0.745806684375
0 0.7356317734375 0.260310615625 0.4400652703125 0.3034076015625 0.4367820203125 0.3423905640625 0.7356317734375 0.30222411562499996 0.7356317734375 0.260310615625
0 0.6528679890625 0 0.4400652703125 0.0543905640625 0.45648645312499997 0.0944036703125 0.7717573890625 0.000098296875 0.77156761875 0 0.6528679890625 0
0 0.71100123125 0.8451290953124999 0.4367820203125 0.7737490171875 0.4367820203125 0.7981985578125 0.7093596062499999 0.8977424640624999 0.71100123125 0.8451290953124999