0 0.39921875 0.17578125 0.28359375 0.01796875
0 0.4171875 0.15390625 0.30546875 0.02578125
0 0.42578125 0.13203125 0.29140625 0.0296875
0 0.42890625 0.08125 0.29765625 0.03515625
0 0.40390625 0.19765625 0.2859375 0.0265625
0 0.43359375 0.03671875 0.31640625 0.03359375
0 0.8734375 0.165625 0.253125 0.034375
0 0.671875 0.271875 0.32734375 0.0359375
0 0.871875 0.203125 0.25625 0.0296875
0 0.6953125 0.29921875 0.30859375 0.03203125
0 0.87265625 0.1109375 0.2546875 0.02578125
0 0.66171875 0.24765625 0.334375 0.02578125
0 0.875 0.225 0.25 0.01875
0 0.9140625 0.26796875 0.171875 0.03125
0 0.859375 0.753125 0.28125 0.0125
0 0.909375 0.2421875 0.17734375 0.02109375
0 0.87265625 0.0515625 0.2546875 0.0234375
0 0.91953125 0.29609375 0.16015625 0.03359375
0 0.61953125 0.5203125 0.31796875 0.04140625
0 0.86640625 0.02578125 0.265625 0.03125
0 0.728125 0.65703125 0.03828125 0.17265625
0 0.72578125 0.91171875 0.10078125 0.17578125
0 0.9109375 0.446875 0.0421875 0.1265625
0 0.6609375 0.10390625 0.0390625 0.2078125
0 0.4328125 0.0078125 0.321875 0.01484375