0 0.9762364130434783 0.5825178389398573 0.04510869565217397 0.21935779816513767
0 0.6596059782608696 0.5996126401630989 0.05067934782608689 0.24511722731906221
0 0.9105027173913044 0.5834964322120285 0.07024456521739136 0.23864424057084604
0 0.6491983695652174 0.23815494393476044 0.04543478260869557 0.2724566768603466
0 0.7744701086956521 0.23755351681957185 0.05031249999999996 0.27124362895005094
0 0.39699728260869566 0.6098674821610601 0.06947010869565216 0.2854026503567788
0 0.7464945652173912 0.5922833843017329 0.12577445652173905 0.2531702344546382
0 0.8376086956521739 0.2386442405708461 0.0537364130434782 0.2680632008154944
0 0.575 0.6079102956167176 0.060122282608695655 0.25268093781855244
0 0.6846603260869566 0.23681957186544342 0.04657608695652178 0.27173292558613665
0 0.6176222826086957 0.6040061162079511 0.05010869565217391 0.2462181447502548
0 0.6137228260869565 0.23437308868501527 0.04665760869565222 0.2717329255861366
0 0.9697282608695652 0.24767584097859327 0.059103260869565216 0.2519571865443425
0 0.8076630434782609 0.23706422018348625 0.04900815217391296 0.26732925586136597
0 0.8786141304347825 0.24072375127421003 0.0781793478260869 0.26440366972477064
0 0.5652309782608695 0.23302752293577983 0.051576086956521786 0.2788073394495413
0 0.44125 0.6035168195718654 0.09754076086956517 0.2810091743119267
0 0.02747282608695652 0.1855453618756371 0.054932065217391315 0.3652293577981652
0 0.5108967391304348 0.6015596330275229 0.08403532608695655 0.2729459734964322
0 0.061263586956521746 0.18493374108053007 0.06869565217391305 0.3618144750254842
0 0.7321739130434782 0.2347400611620795 0.06283967391304347 0.27954128440366977
0 0.22697010869565218 0.6123037716615698 0.08811141304347829 0.33032619775739036
0 0.3439538043478261 0.21093781855249746 0.06069293478260872 0.3142099898063201
0 0.28880434782608694 0.21948012232415903 0.07850543478260866 0.30248725790010195
0 0.1508288043478261 0.6186544342507645 0.09876358695652175 0.33862385321100924
0 0.7354211956521739 0.8774413863404689 0.10900815217391306 0.23657492354740053
0 0.21639945652173914 0.2032517838939857 0.09355978260869567 0.3298369011213047
0 0.38854619565217396 0.21252803261977574 0.050027173913043545 0.3085932721712538
0 0.5216304347826087 0.22485219164118245 0.04384510869565215 0.2878389398572885
0 0.862336956521739 0.581539245667686 0.08729619565217392 0.249388379204893
0 0.4702173913043478 0.2207033639143731 0.057269021739130406 0.2971151885830785
0 0.4259646739130435 0.21435270132517836 0.041589673913043496 0.30834862385321105