0 0.21575257731958766 0.22121911037891268 0.240340206185567 0.03203459637561778
0 0.22944329896907217 0.3437479406919275 0.22938144329896906 0.04658978583196051
0 0.22042268041237115 0.25906095551894565 0.23308247422680414 0.041960461285008285
0 0.24861855670103092 0.44491762767710047 0.24194845360824743 0.032948929159802305
0 0.6576082474226804 0.39574958813838546 0.6256494845360824 0.05434925864909392
0 0.22396907216494846 0.2950988467874794 0.22760824742268038 0.03132619439868202
0 0.25151546391752583 0.6518780889621087 0.231639175257732 0.031680395387149944
0 0.6757731958762887 0.6503294892915981 0.6484536082474227 0.051894563426688634
0 0.25263917525773194 0.5720757825370676 0.21537113402061853 0.025403624382207512
0 0.6737113402061856 0.7261120263591433 0.6525773195876289 0.051894563426688634
0 0.0634020618556701 0.4032125205930807 0.1268041237113402 0.04365733113673806
0 0.05979381443298969 0.36120263591433277 0.11958762886597939 0.051894563426688634
0 0.6569587628865979 0.5458237232289951 0.6308041237113403 0.04314662273476121
0 0.6556701030927835 0.8675864909390445 0.6540000000000001 0.045560131795716594
0 0.6485876288659794 0.11980230642504118 0.597618556701031 0.05122734761120264
0 0.22477319587628863 0.18750411861614497 0.23195876288659795 0.032948929159802305
0 0.6679175257731959 0.6132619439868204 0.6475567010309277 0.05161449752883038
0 0.24942268041237114 0.47451400329489285 0.23276288659793812 0.02368204283360791
0 0.6731958762886598 0.7932454695222405 0.6536082474226804 0.036243822075782535
0 0.06907216494845361 0.4456342668863262 0.13814432989690723 0.044481054365733116
0 0.6640515463917526 0.25340197693574956 0.6372474226804122 0.04202635914332783
0 0.05670103092783505 0.32248764415156506 0.1134020618556701 0.05354200988467875
0 0.05618556701030928 0.24382207578253706 0.11237113402061856 0.05930807248764415
0 0.6601855670103093 0.47837726523887975 0.6204948453608247 0.049258649093904414
0 0.6524536082474227 0.16536243822075783 0.6256494845360824 0.04469522240527182
0 0.25168041237113403 0.6204695222405272 0.22503092783505152 0.03132619439868202
0 0.25231958762886597 0.5159637561779242 0.23131958762886598 0.02418451400329481
0 0.6747422680412372 0.693986820428336 0.6505154639175258 0.042009884678747944
0 0.07371134020618557 0.5082372322899505 0.14742268041237114 0.04118616144975288
0 0.6498762886597939 0.33834431630971995 0.6411134020618555 0.05811367380560128
0 0.24925773195876288 0.7121087314662273 0.23421649484536083 0.027685337726523807
0 0.647298969072165 0.2093822075782537 0.64240206185567 0.044530477759472865