0 0.7610062890625 0.8410652171875 0.1589100625 0.7924747546875001 0.15555534531249998 0.8298520343750001 0.750943396875 0.8852265078125001 0.7610062890625 0.8410652171875
0 0.8163522015625 0.8092945296874999 0.0649893078125 0.756967040625 0.06331257812499999 0.7812615703125 0.8033540875 0.8384761578125 0.8163522015625 0.8092945296874999
0 0.78784088125 0.801819075 0.796226415625 0.6579172515625 0.1438157234375 0.6261465640625 0.12620566093750002 0.754324684375 0.78784088125 0.801819075
0 0.799580503125 0.5364417953125 0.16394150937500002 0.49345792499999996 0.1505239 0.6055890609375 0.7928723265625 0.6444600281249999 0.799580503125 0.5364417953125
0 0.78784088125 0.385063815625 0.1505239 0.3458183734375 0.135429559375 0.47663814843749996 0.8012578609375 0.50654488125 0.78784088125 0.385063815625
0 0.8750522015625 0.360769284375 0.8716981125000001 0.24863744687499997 0.0935012578125 0.21686676093749999 0.08637295625 0.32889200625 0.8750522015625 0.360769284375
0 1 0.20930415781249997 0.031446540625000005 0.1757524546875 0.031446540625000005 0.192571528125 1 0.24004465625 1 0.20930415781249997
0 1 0.179383515625 0.02641509375 0.13837517500000002 0.02641509375 0.166408134375 1 0.2095659 1 0.179383515625
0 1 0.12295573281250001 0.9991616359375 0.11594880781250001 0 0.086059534375 0 0.11155495625 1 0.1439003953125 1 0.12295573281250001
0 0 0.0767707015625 0.9983226421875001 0.10916339374999999 0.9991616359375 0.08417812031250001 0 0.054288846875 0 0.0767707015625
0 1 0.04677415 0.0029352203125 0.0150301546875 0.0012578609375000001 0.046800842187500004 0.9983226421875001 0.07410028125 1 0.0558983796875 1 0.04677415