0 0.6315061171874999 0.357854284375 0.093709678125 0.436846153125 0.10165072343749999 0.4649799875 0.6302358171875 0.3857066921875 0.6315061171874999 0.357854284375
0 0.6607308125 0.34219011875 0.9988876531249999 0.30000625468750003 0.773817575 0.258584115625 0.43328698593750004 0.2942926828125 0.6607308125 0.34219011875
0 0.6639065625 0.34219011875 0.665813125 0.3585684796875 0.9988876531249999 0.31428955625 0.9974493875 0.2992920578125 0.6639065625 0.34219011875
0 0.6350322578125 0.38805065625 0.0627196890625 0.48662163906250006 0.0747408234375 0.5478599125 0.6392135703124999 0.43740337656249995 0.6350322578125 0.38805065625
0 0.6538487203125001 0.449153846875 0.09146607343749999 0.5644928078125 0.11655283593750002 0.6171882421875 0.6663926578125 0.4961569734375 0.6538487203125001 0.449153846875
0 0.6099443828125 0.5337585984375 0.1019187984375 0.6614640406250001 0.1102814234375 0.6982676671875 0.6057630703125 0.560785490625 0.6099443828125 0.5337585984375
0 0.6141256953124999 0.56431019375 0.1202124578125 0.699665415625 0.11864404843750001 0.74997060625 0.6162169078125 0.6007373359375 0.6141256953124999 0.56431019375
0 0.6224883203125 0.5995622265625 0.0888520578125 0.758435896875 0.0789221359375 0.7852226390625 0.6224883203125 0.6207135703125 0.6224883203125 0.5995622265625
0 0.6329421578125001 0.6289393375000001 0.0993058953125 0.7981063171875 0.1144627359375 0.8381006875000001 0.6329421578125001 0.6630162609375 0.6329421578125001 0.6289393375000001
0 0.9981412687500001 0.353365853125 0.66927475 0.4129387109375 0.6635050062500001 0.43249155781250004 0.9981412687500001 0.37087742343749996 0.9981412687500001 0.353365853125
0 0.6635050062500001 0.434834896875 0.6646585093749999 0.46362288906250004 0.9923726359374999 0.3981175734375 0.9923726359374999 0.37736272656250003 0.6635050062500001 0.434834896875
0 0.96467853125 0.4065484671875 0.6678320359375001 0.46808380312500003 0.6681201328124999 0.4889174484375 0.9669855390625001 0.42146591562499996 0.96467853125 0.4065484671875
0 0.9681401562499999 0.41952032499999997 0.66927475 0.5086316453124999 0.66927475 0.5323714828125 0.96467853125 0.435085678125 0.9681401562499999 0.41952032499999997
0 0.975063403125 0.448706065625 0.66927475 0.537015009375 0.6565806453125 0.5596116328125 0.972755284375 0.4694602875 0.975063403125 0.448706065625
0 0.6577352609375 0.5678317703125 0.6508120140625 0.584906190625 0.9704482765625 0.4921601 0.975063403125 0.47854033749999997 0.6577352609375 0.5678317703125
0 0.6490812015625 0.59134896875 0.643887653125 0.6069574734375001 0.9600622921875 0.5096716703124999 0.9600622921875 0.494754846875 0.6490812015625 0.59134896875
0 0.26304894375 0.10768167656250001 0.24011679687499998 0.1078486546875 0.27168298125 0.3060275171875 0.28894994375 0.3017817390625 0.26304894375 0.10768167656250001
0 0.21664516093750003 0.1004027515625 0.1767152390625 0.100263915625 0.219882090625 0.310879925 0.2457830921875 0.307240775 0.21664516093750003 0.1004027515625
0 0.1227563953125 0.10404252656249999 0.0836362625 0.1040562859375 0.1346273640625 0.3193714828125 0.164844271875 0.31633896250000004 0.1227563953125 0.10404252656249999
0 0.0720355953125 0.101616009375 0.024281423437499998 0.10178111249999999 0.0806685203125 0.324224515625 0.12923136875000002 0.3193714828125 0.0720355953125 0.101616009375
0 0.3526206890625 0.0979768609375 0.307565071875 0.099505940625 0.332116796875 0.297535334375 0.3709666296875 0.29025703593749996 0.3526206890625 0.0979768609375
0 0.391471634375 0.10100938125 0.3628731921875 0.1010225140625 0.378521690625 0.2908630390625 0.4022636265625 0.28783051875 0.391471634375 0.10100938125