0 0.46362363919129085 0.15066666666666667 0.030497667185070007 0.2801666666666667
0 0.42090202177293934 0.4822777777777778 0.03010886469673408 0.2666388888888889
0 0.38818040435458784 0.48316666666666663 0.031741835147744986 0.26447222222222216
0 0.5195334370139969 0.17605555555555558 0.024883359253499222 0.22611111111111112
0 0.4025816485225506 0.15141666666666667 0.02810264385692072 0.27930555555555553
0 0.48827371695178845 0.4840277777777778 0.04031104199066868 0.2734166666666667
0 0.5497978227060653 0.17672222222222222 0.029533437013996904 0.23155555555555554
0 0.5795956454121306 0.1792222222222222 0.025225505443234878 0.2241388888888889
0 0.1829860031104199 0.1733333333333333 0.02377916018662518 0.24158333333333332
0 0.16174183514774496 0.17366666666666666 0.02258164852255056 0.23916666666666664
0 0.5898444790046656 0.5023333333333333 0.02377916018662514 0.237
0 0.22729393468118197 0.1767222222222222 0.030435458786936227 0.23219444444444445
0 0.4521461897356143 0.48577777777777775 0.029424572317262768 0.2649166666666667
0 0.6137636080870917 0.5027777777777778 0.022799377916018614 0.2411388888888889
0 0.12171073094867808 0.17452777777777778 0.02045101088646968 0.23633333333333337
0 0.4331104199066874 0.15141666666666664 0.030855365474339085 0.2821388888888889
0 0.5668895800933126 0.5019166666666667 0.021617418351477413 0.23633333333333328
0 0.9394556765163298 0.7997500000000001 0.021570762052876967 0.22000000000000006
0 0.5429704510108865 0.5001666666666666 0.02433903576982889 0.2383055555555556
0 0.6840746500777605 0.19972222222222225 0.027107309486780636 0.20080555555555563
0 0.8950233281493002 0.7918888888888889 0.02342146189735606 0.22611111111111104
0 0.31494556765163295 0.1792222222222222 0.023825816485225495 0.23025000000000004
0 0.06548989113530326 0.1721388888888889 0.02169517884914464 0.2383055555555556
0 0.6542923794712285 0.19972222222222225 0.027169517884914507 0.1993888888888889
0 0.2753965785381027 0.1798888888888889 0.021337480559875624 0.23025000000000004
0 0.5180715396578538 0.7966944444444445 0.025614307931570806 0.21955555555555553
0 0.14087091757387246 0.1748611111111111 0.021041990668740282 0.24027777777777778
0 0.5654276827371695 0.7953888888888888 0.024992223950233358 0.22152777777777777
0 0.5947278382581649 0.7962499999999999 0.027636080870917547 0.2210833333333334
0 0.8720684292379471 0.7905833333333334 0.022768273716951944 0.22849999999999998
0 0.9838880248833592 0.7966944444444445 0.023094867807153825 0.21847222222222215
0 0.8207931570762053 0.7923333333333333 0.029704510108864556 0.22958333333333328
0 0.849611197511664 0.1661388888888889 0.02800933125972005 0.2583611111111111
0 0.7934525660964231 0.16580555555555554 0.026920684292379475 0.2566111111111111
0 0.8793934681181961 0.16822222222222222 0.030917573872472955 0.254
0 0.9174805598755833 0.7971111111111111 0.02284603421461906 0.22183333333333338
0 0.7089891135303266 0.8019166666666666 0.029751166407465002 0.21955555555555553
0 0.9614307931570762 0.7958055555555555 0.023188180404354716 0.21552777777777787
0 0.10303265940902022 0.1748611111111111 0.019906687402799383 0.23983333333333334
0 0.5424727838258165 0.7966944444444445 0.022457231726283132 0.22227777777777774
0 0.019860031104199066 0.17366666666666666 0.03339035769828927 0.23111111111111113
0 0.2612286158631415 0.49797222222222226 0.031026438569206824 0.2367777777777778
0 0.2961430793157076 0.49886111111111114 0.03155520995334373 0.23916666666666658
0 0.848149300155521 0.7910277777777778 0.023141524105754447 0.2287222222222223
0 0.9653343701399689 0.5128055555555556 0.02390357698289252 0.22261111111111107
0 0.8217729393468118 0.1661388888888889 0.0266562986003112 0.2579444444444445
0 0.3298289269051322 0.49972222222222223 0.029533437013996904 0.24069444444444454
0 0.6782270606531882 0.798861111111111 0.027076205287713793 0.22075000000000009
0 0.045598755832037326 0.17269444444444446 0.020839813374805602 0.23547222222222225
0 0.9882737169517886 0.5110555555555555 0.023141524105754447 0.22522222222222218
0 0.9438413685847589 0.18533333333333332 0.03265940902021773 0.22183333333333338
0 0.727542768273717 0.5267499999999999 0.026500777604976614 0.19055555555555562
0 0.2548833592534992 0.1792222222222222 0.02006220839813371 0.225
0 0.42065318818040437 0.7979999999999999 0.024790046656298685 0.2132222222222222
0 0.3620528771384137 0.1798888888888889 0.025132192846034254 0.23155555555555551
0 0.29101088646967344 0.8054166666666667 0.0324105754276827 0.20777777777777773
0 0.8017573872472783 0.5258888888888889 0.025614307931570806 0.19797222222222216
0 0.3386158631415241 0.8023611111111112 0.022534992223950247 0.20397222222222233
0 0.31762052877138414 0.8027777777777778 0.020917573872472766 0.20494444444444437
0 0.7397511664074651 0.16733333333333333 0.03228615863141523 0.25116666666666665
0 0.6289113530326594 0.20080555555555557 0.023234836702954984 0.19666666666666663
0 0.2629393468118196 0.8071388888888889 0.024665629860031124 0.20461111111111102
0 0.4943856920684292 0.1558888888888889 0.02696734059097983 0.2734166666666667
0 0.4675272161741835 0.7971111111111111 0.02360808709175731 0.21769444444444447
0 0.8544945567651634 0.5141111111111112 0.031617418351477335 0.2132222222222222
0 0.8901399688958009 0.510638888888889 0.03698289269051318 0.21769444444444447
0 0.3596267496111975 0.4992777777777778 0.024836702954898954 0.237
0 0.33715396578538104 0.18138888888888888 0.023825816485225495 0.22958333333333336
0 0.6484447900466562 0.7979999999999999 0.02866251944012434 0.21738888888888885
0 0.942379471228616 0.510638888888889 0.022363919129082595 0.2188055555555555
0 0.40063763608087094 0.8041111111111111 0.02045101088646964 0.20494444444444437
0 0.7016640746500777 0.5289444444444444 0.02665629860031102 0.1885833333333333
0 0.380855365474339 0.8054166666666667 0.02147744945567652 0.20211111111111107
0 0.4443390357698289 0.798861111111111 0.022286158631415306 0.21616666666666673
0 0.7534214618973561 0.5280833333333333 0.025505443234836667 0.19361111111111107
0 0.13757387247278383 0.7892777777777777 0.04031104199066872 0.23916666666666672
0 0.7109331259720062 0.19525 0.023950233281492966 0.2017777777777778
0 0.9760808709175739 0.18697222222222223 0.027216174183514776 0.21661111111111117
0 0.03650077760497667 0.7901388888888888 0.04052877138413686 0.2326388888888889
0 0.35937791601866254 0.8036666666666666 0.020839813374805564 0.20430555555555552
0 0.10174183514774494 0.7914444444444445 0.03180404354587869 0.23219444444444454
0 0.7680715396578538 0.16494444444444445 0.025381026438569286 0.24941666666666668
0 0.6059564541213064 0.19558333333333333 0.024479004665629873 0.19558333333333333
0 0.6220684292379471 0.7962499999999999 0.022939346811819597 0.22075000000000009
0 0.07147744945567652 0.7901388888888888 0.03289269051321927 0.23308333333333325
0 0.7758786936236391 0.5232777777777777 0.023654743390357755 0.19558333333333325
0 0.826656298600311 0.5245833333333333 0.025552099533437112 0.19938888888888898
0 0.921384136858476 0.5145555555555555 0.023654743390357755 0.21180555555555555
0 0.2398755832037325 0.8054166666666667 0.022037325038880274 0.20461111111111102
0 0.17956454121306378 0.7883888888888889 0.040839813374805606 0.23916666666666672
0 0.49242612752721615 0.7975555555555556 0.024790046656298685 0.21433333333333324
0 0.9116174183514774 0.18205555555555558 0.03155520995334365 0.21922222222222218
0 0.6772472783825817 0.5285 0.022768273716951767 0.18924999999999997
0 0.20325038880248833 0.18052777777777776 0.01671850699844479 0.22075
0 0.2137480559875583 0.8058333333333334 0.02948678071539657 0.20636111111111108
0 0.653810264385692 0.5267499999999999 0.023514774494556773 0.18369444444444444
0 0.2946811819595645 0.18019444444444446 0.018942457231726294 0.22958333333333336
0 0.5195334370139969 0.5001666666666666 0.022799377916018614 0.23066666666666671
0 0.07031104199066875 0.4992777777777778 0.04192846034214619 0.2265277777777778
0 0.03272161741835147 0.5210833333333333 0.027636080870917568 0.19525000000000006
0 0.009486780715396577 0.5215277777777778 0.018538102643856916 0.18958333333333333
0 0.08435458786936237 0.1721388888888889 0.018833592534992224 0.2393888888888889
0 0.38110419906687404 0.18052777777777776 0.016469673405909758 0.22805555555555554
0 0.7900466562986003 0.8354999999999999 0.034307931570761965 0.14269444444444446
0 0.7490202177293934 0.8128333333333333 0.04922239502332811 0.1915277777777779
0 0.9963297045101088 0.18466666666666667 0.007340590979782313 0.21150000000000005
0 0.008149300155520995 0.7853611111111112 0.01629860031104199 0.22719444444444442