0 0.6281231231231231 0.28760135135135134 0.07331831831831838 0.379481981981982
0 0.858993993993994 0.2873310810810811 0.09196696696696696 0.38379504504504497
0 0.09840840840840842 0.269527027027027 0.09030030030030033 0.40753378378378374
0 0.6701951951951952 0.28652027027027027 0.07223723723723725 0.3824436936936937
0 0.15936936936936935 0.2708783783783784 0.06118618618618619 0.3808333333333333
0 0.485 0.2857094594594594 0.08914414414414415 0.39216216216216215
0 0.015765765765765764 0.2956081081081081 0.03153153153153153 0.37274774774774777
0 0.9834834834834835 0.29504504504504503 0.03303303303303303 0.3581081081081081
0 0.42027027027027025 0.28597972972972974 0.06657657657657662 0.3881081081081081
0 0.33809309309309304 0.28597972972972974 0.07938438438438439 0.3881081081081081
0 0.9496246246246247 0.2563063063063063 0.09331831831831845 0.4390878378378379
0 0.03863363363363363 0.2816666666666667 0.07223723723723724 0.3808333333333334
0 0.8086486486486486 0.28706081081081086 0.07453453453453468 0.38137387387387384
0 0.21456456456456457 0.28516891891891893 0.09466966966966969 0.382713963963964
0 0.7554204204204205 0.29002252252252253 0.09665165165165183 0.3808333333333333