0 0.6226851851851852 0.10164835164835165 0.032407407407407406 0.2032967032967033
0 0.3125 0.11318681318681319 0.06327160493827161 0.22637362637362637
0 0.4515895061728395 0.326989010989011 0.04223765432098766 0.182032967032967
0 0.5023148148148148 0.10604395604395604 0.047839506172839504 0.21208791208791208
0 0.39319444444444446 0.32645054945054947 0.050864197530864255 0.1798901098901098
0 0.3645679012345679 0.3256483516483516 0.04540123456790117 0.18015384615384608
0 0.5378086419753086 0.10604395604395604 0.038580246913580245 0.21208791208791208
0 0.8356481481481481 0.0967032967032967 0.06944444444444445 0.1934065934065934
0 0.878858024691358 0.09505494505494505 0.07253086419753087 0.1901098901098901
0 0.36574074074074076 0.11318681318681319 0.05555555555555555 0.22637362637362637
0 0.5371141975308642 0.31867032967032966 0.03425925925925933 0.17935164835164838
0 0.5655864197530864 0.10384615384615385 0.035493827160493825 0.2076923076923077
0 0.21310185185185185 0.12429670329670331 0.08773148148148152 0.22523076923076926
0 0.26080246913580246 0.11263736263736264 0.08641975308641975 0.22527472527472528
0 0.590246913580247 0.3138461538461539 0.05783950617283953 0.18471428571428575
0 0.595679012345679 0.10384615384615385 0.040123456790123455 0.2076923076923077
0 0.13586419753086418 0.12496703296703296 0.07483024691358026 0.22590109890109888
0 0.7816358024691358 0.10384615384615385 0.07253086419753087 0.2076923076923077
0 0.9444444444444444 0.09505494505494505 0.08950617283950617 0.1901098901098901
0 0.46219135802469136 0.1087912087912088 0.047839506172839504 0.2175824175824176
0 0.7376543209876543 0.1010989010989011 0.05246913580246913 0.2021978021978022
0 0.2196913580246914 0.3438901098901099 0.0758179012345679 0.17263736263736265
0 0.84945987654321 0.29694505494505496 0.07709876543209881 0.17585714285714282
0 0.629429012345679 0.30714285714285716 0.05212962962962959 0.18283516483516482
0 0.47984567901234565 0.3235054945054945 0.032777777777777795 0.1790769230769231
0 0.560108024691358 0.3138461538461539 0.0452314814814814 0.1805604395604395
0 0.07455246913580248 0.13047252747252747 0.08726851851851854 0.21261538461538457
0 0.4251543209876543 0.11043956043956044 0.06327160493827161 0.22087912087912087
0 0.6736111111111112 0.1021978021978022 0.044753086419753084 0.2043956043956044
0 0.612854938271605 0.4734725274725275 0.04455246913580248 0.13146153846153832
0 0.7190895061728395 0.3017692307692308 0.0643364197530865 0.18229670329670328
0 0.02546296296296296 0.12967032967032968 0.05092592592592592 0.23076923076923078
0 0.3389351851851852 0.5013736263736264 0.04850308641975301 0.13978021978021982
0 0.13115740740740742 0.3481868131868132 0.08364197530864195 0.17760439560439562
0 0.7944444444444444 0.30124175824175825 0.07625000000000012 0.17840659340659343
0 0.5032098765432098 0.3232307692307692 0.04083333333333339 0.18015384615384622
0 0.9059722222222223 0.28916483516483515 0.07794753086419752 0.17989010989010995
0 0.5269444444444444 0.48206593406593407 0.06640432098765428 0.13723076923076924
0 0.4485802469135803 0.4970879120879121 0.06229938271604939 0.14607692307692316
0 0.8878858024691358 0.45389010989010986 0.0558024691358026 0.12636263736263736
0 0.2924074074074074 0.3361098901098901 0.09135802469135801 0.18551648351648345
0 0.06842592592592593 0.35086813186813187 0.0924074074074074 0.17814285714285716