0 0.9010344124999999 0.848924059375 0.255060728125 0.9010218046875 0.26585695 0.9483706765625 0.904633603125 0.8889992484375 0.9010344124999999 0.848924059375
0 1 0.8109786328125 0.1956815109375 0.8669578953125001 0.20962685625000002 0.8982458640625 1 0.8371795343749999 1 0.8109786328125
0 0.2172739546875 0.7046541359375 0.22627057968750003 0.8589428578125 0.9361221328125 0.8080202999999999 0.9172287453125 0.670590225 0.2172739546875 0.7046541359375
0 0.8956363015625 0.528324059375 0.21367543906250003 0.5744105265624999 0.2208724703125 0.6902255640625 0.9100317140625 0.648548871875 0.8956363015625 0.528324059375
0 0.9100317140625 0.3700278203125 0.22627057968750003 0.41210601562500004 0.21187584375 0.5423556390625001 0.9262260453125 0.510290225 0.9100317140625 0.3700278203125
0 0.13630229375 0.26583233125 0.132703778125 0.3860578953125 0.9788576250000001 0.3518797 0.9712098515625 0.23176842031249997 0.13630229375 0.26583233125
0 1 0.1889945921875 0 0.2236132265625 0 0.2565532046875 1 0.2075704484375 1 0.1889945921875
0 1 0.149429090625 0 0.1915228125 0 0.22388079843750003 1 0.1795807609375 1 0.149429090625
0 1 0.093657709375 0 0.1235527109375 0 0.1534916875 1 0.12116717343750001 1 0.093657709375
0 1 0.059593799999999995 0 0.08948880000000001 0 0.10289661718750001 0.00045006718749999997 0.116290978125 1 0.08387944375 1 0.059593799999999995
0 1 0.0175386609375 0 0.0493555125 0 0.07381623281250001 0.00045006718749999997 0.07869699218750001 1 0.0513472140625 1 0.0175386609375