0 0.09707417582417582 0.6106831683168317 0.06177197802197802 0.2291287128712872
0 0.1653708791208791 0.1965148514851485 0.2896153846153846 0.025722772277227742
0 0.5209615384615385 0.18848514851485149 0.28292582417582424 0.026415841584158422
0 0.5144505494505495 0.219 0.28601648351648357 0.033940594059405915
0 0.9692582417582417 0.33819801980198017 0.05351648351648357 0.21060396039603965
0 0.14875000000000002 0.6111782178217822 0.042087912087912106 0.22258415841584153
0 0.8534065934065934 0.19416831683168317 0.27625000000000016 0.02365346534653464
0 0.3334752747252747 0.6141386138613861 0.07707417582417585 0.22431683168316827
0 0.1628021978021978 0.7505049504950495 0.2606456043956044 0.027019801980197985
0 0.8115934065934066 0.3414059405940594 0.0434615384615386 0.19887128712871288
0 0.16759615384615387 0.22789108910891087 0.30092032967032967 0.03847524752475249
0 0.9089423076923078 0.33770297029702967 0.0494368131868132 0.20331683168316833
0 0.19861263736263737 0.6146336633663366 0.06353021978021978 0.22332673267326728
0 0.04273351648351648 0.6116732673267327 0.04524725274725275 0.22987128712871294
0 0.5240384615384616 0.5079108910891089 0.28292582417582424 0.026376237623762476
0 0.5230082417582418 0.48000000000000004 0.2793269230769231 0.0317425742574258
0 0.8534065934065934 0.755940594059406 0.28739010989010993 0.03458415841584165
0 0.821195054945055 0.49555445544554455 0.29629120879120885 0.03109900990099018
0 0.0945054945054945 0.34510891089108914 0.07210164835164837 0.2004752475247525
0 0.5175274725274726 0.5592970297029702 0.30605769230769225 0.030405940594059443
0 0.8164010989010989 0.47060396039603963 0.26939560439560456 0.02393069306930689
0 0.6926648351648351 0.3414059405940594 0.030796703296703396 0.2004752475247525
0 0.156978021978022 0.7737227722772277 0.2556868131868132 0.025
0 0.5185576923076923 0.25395049504950495 0.2846428571428572 0.033227722772277174
0 0.1583379120879121 0.3453564356435644 0.053598901098901114 0.1954059405940594
0 0.8534065934065934 0.8932970297029703 0.28635989010989016 0.03174257425742569
0 0.5192445054945055 0.3171980198019802 0.2776098901098901 0.03303960396039604
0 0.5782005494505494 0.8962574257425743 0.04923076923076927 0.18997029702970286
0 0.8506730769230769 0.84290099009901 0.2820741758241757 0.027237623762376227
0 0.3657005494505495 0.3438712871287129 0.03461538461538468 0.20516831683168318
0 0.3002335164835165 0.34708910891089106 0.06391483516483512 0.1994851485148515
0 0.5147939560439561 0.592891089108911 0.3106868131868133 0.028613861386138705
0 0.2620192307692308 0.6146336633663366 0.06075549450549453 0.22777227722772272
0 0.536043956043956 0.8992277227722772 0.038365384615384544 0.19084158415841584
0 0.8513598901098901 0.7915148514851484 0.27760989010989 0.03359405940594066
0 0.7670467032967032 0.34411881188118815 0.041771978021978136 0.2010891089108911
0 0.1630631868131868 0.8285742574257425 0.2573901098901099 0.019019801980198058
0 0.16193681318681316 0.8142376237623762 0.2585989010989011 0.02542574257425749
0 0.036153846153846154 0.3517821782178218 0.04969780219780219 0.20615841584158417
0 0.8540934065934066 0.9565346534653466 0.2741895604395606 0.03303960396039593
0 0.5213049450549451 0.5336039603960396 0.2776098901098901 0.025811881188118748
0 0.8198214285714286 0.5227326732673268 0.30006868131868136 0.029039603960395968
0 0.2452335164835165 0.3443663366336634 0.04635989010989011 0.1957821782178218
0 0.15997252747252744 0.7944752475247524 0.260989010989011 0.02707920792079199
0 0.472293956043956 0.8972475247524753 0.03726648351648351 0.1905940594059406
0 0.517184065934066 0.6185841584158416 0.3141208791208792 0.030990099009900945
0 0.16648351648351647 0.8844059405940594 0.2606456043956044 0.029148514851485202
0 0.5041620879120878 0.8982376237623763 0.03442307692307685 0.18787128712871287
0 0.20718406593406596 0.34411881188118815 0.04652472527472528 0.1954059405940594
0 0.8595879120879121 0.34066336633663363 0.04743131868131864 0.2025742574257426
0 0.5213049450549451 0.3885940594059406 0.27675824175824176 0.02770297029702972
0 0.8520467032967033 0.21812871287128713 0.2789835164835164 0.03776237623762375
0 0.8520467032967033 0.9219504950495049 0.27675824175824176 0.03671287128712864
0 0.1610851648351648 0.8646435643564356 0.2639010989010989 0.020613861386138552
0 0.7272802197802198 0.3389306930693069 0.03814560439560437 0.20072277227722773
0 0.5195879120879121 0.6551485148514852 0.31256868131868126 0.043475247524752555
0 0.633379120879121 0.8967524752475248 0.05843406593406589 0.19602970297029704
0 0.3958653846153846 0.8947821782178218 0.08174450549450549 0.198871287128713
0 0.8191346153846154 0.5563267326732673 0.30144230769230773 0.04258415841584157
0 0.16391483516483515 0.9407227722772277 0.25945054945054946 0.0302277227722772
0 0.5213049450549451 0.3409108910891089 0.27024725274725275 0.020613861386138663
0 0.16417582417582416 0.9120693069306931 0.2573901098901099 0.026217821782178234
0 0.32302197802197796 0.8928019801980198 0.06884615384615385 0.1994851485148515
0 0.901401098901099 0.6235247524752475 0.05260989010989005 0.17280198019801976
0 0.958282967032967 0.6284653465346535 0.05942307692307691 0.1828118811881187
0 0.6858104395604395 0.8992277227722772 0.05054945054945049 0.19145544554455435
0 0.16451923076923075 0.9753168316831684 0.2524313186813187 0.03798019801980188
0 0.517184065934066 0.4105742574257426 0.2759065934065934 0.020841584158415798
0 0.8081730769230769 0.6245148514851485 0.04472527472527465 0.16761386138613857
0 0.5620879120879121 0.7574257425742574 0.27984890109890115 0.03501980198019791
0 0.5195879120879121 0.28631683168316835 0.28326923076923083 0.03303960396039604
0 0.5219917582417583 0.6991188118811882 0.31120879120879114 0.05008910891089101
0 0.7711538461538461 0.6284653465346535 0.04281593406593417 0.15723762376237618
0 0.8506730769230769 0.6274752475247525 0.04767857142857148 0.1645247524752476
0 0.8472390109890109 0.8666138613861386 0.27710164835164836 0.028891089108910955
0 0.8561538461538462 0.9842079207920792 0.2644230769230769 0.025178217821782242
0 0.8458653846153845 0.8191881188118811 0.28326923076923083 0.02839603960396046
0 0.5617445054945055 0.7845940594059406 0.2776098901098901 0.03187128712871293
0 0.19861263736263737 0.49185148514851484 0.3033241758241758 0.02398019801980201
0 0.7293406593406594 0.6294554455445545 0.03864010989011004 0.15279207920792073
0 0.16391483516483515 0.8453663366336635 0.25482142857142853 0.02697029702970298
0 0.5233516483516484 0.43355445544554455 0.27453296703296703 0.027326732673267348