0 0.65625 0.45546875 0.33671875 0.07578125
0 0.4265625 0.5125 0.05546875 0.5984375
0 0.36484375 0.51171875 0.06875 0.62421875
0 0.6484375 0.52109375 0.3234375 0.07578125
0 0.31328125 0.5234375 0.05859375 0.625
0 0.64921875 0.68125 0.3015625 0.0546875
0 0.653125 0.74609375 0.3109375 0.096875
0 0.65703125 0.61171875 0.346875 0.08984375
0 0.2751719828125 0.21903003281250003 0.2251407125 0.2154249171875 0.2468211375 0.838794215625 0.299353971875 0.838794215625 0.2751719828125 0.21903003281250003
0 0.2168023765625 0.21903003281250003 0.14800938125000002 0.21913236875000003 0.1867836140625 0.8684482765625001 0.2468211375 0.8610344828125 0.2168023765625 0.21903003281250003
0 0.159474671875 0.8568776421875001 0.185115696875 0.858068965625 0.14258911875 0.165654059375 0.1109024390625 0.159723025 0.159474671875 0.8568776421875001
0 0.0858868046875 0.1626885421875 0.0260581609375 0.1653693 0.0825515953125 0.8981023359375 0.1400875546875 0.88327475 0.0858868046875 0.1626885421875
0 0.45861976249999997 0.28401890937499996 0.45611819843749996 0.8046918796875 0.483635396875 0.8046918796875 0.48446966874999997 0.2813036703125 0.45861976249999997 0.28401890937499996