0 0.5174764150943396 0.016666666666666666 0.3032783018867924 0.017893081761006287
0 0.5145283018867924 0.2852830188679245 0.48311320754716974 0.030172955974842763
0 0.5097405660377359 0.06410377358490567 0.36556603773584906 0.03286163522012577
0 0.5049292452830189 0.036289308176100626 0.33811320754716984 0.024858490566037738
0 0.5064150943396226 0.39361635220125785 0.5291981132075472 0.039213836477987415
0 0.507877358490566 0.187751572327044 0.4179009433962264 0.0543238993710692
0 0.4957311320754717 0.5417610062893082 0.5796698113207547 0.04108490566037735
0 0.49830188679245285 0.11116352201257862 0.3898820754716981 0.0637578616352201
0 0.5089858490566038 0.24424528301886794 0.4171698113207547 0.05742138364779872
0 0.5001415094339623 0.4692924528301887 0.5549764150943398 0.03562893081761001
0 0.4975707547169811 0.7039150943396226 0.6589150943396226 0.05226415094339624
0 0.5034669811320756 0.7555031446540881 0.6791745283018868 0.05699685534591195
0 0.4971933962264151 0.4348899371069182 0.5325 0.04308176100628927
0 0.4960849056603774 0.6596855345911949 0.6227830188679245 0.0434905660377358
0 0.5023584905660378 0.8532861635220127 0.7539858490566039 0.05742138364779872
0 0.5082547169811321 0.3189308176100629 0.5052358490566038 0.043883647798742174
0 0.5038443396226415 0.7997327044025158 0.6658962264150942 0.032437106918239166
0 0.495 0.6007232704402515 0.5944103773584904 0.07984276729559744
0 0.48283018867924526 0.9589308176100629 0.7937735849056604 0.06135220125786161