0 0.7765625 0.51328125 0.29140625 0.0640625
0 0.17890625 0.1953125 0.27421875 0.0796875
0 0.48359375 0.39609375 0.29921875 0.0671875
0 0.1984375 0.403125 0.2640625 0.0515625
0 0.7859375 0.596875 0.27578125 0.0921875
0 0.8109375 0.11328125 0.30703125 0.09375
0 0.4828125 0.209375 0.32421875 0.075
0 0.2140625 0.55859375 0.26328125 0.0859375
0 0.79375 0.2390625 0.2890625 0.0671875
0 0.47734375 0.0921875 0.33828125 0.0640625
0 0.3238485765625 0.32267999999999997 0.05645935 0.32267999999999997 0.0573617890625 0.3696963640625 0.3220416671875 0.37438181875 0.3238485765625 0.32267999999999997