0 0.5139071038251366 0.26056153846153846 0.031407103825136624 0.1499615384615385
0 0.6330054644808744 0.07491538461538462 0.051693989071038296 0.148
0 0.665724043715847 0.07577692307692309 0.03855191256830605 0.1467692307692308
0 0.6639754098360655 0.7825538461538463 0.0381693989071039 0.15328461538461538
0 0.8114207650273224 0.6115846153846154 0.0375409836065574 0.157576923076923
0 0.8803551912568306 0.2549153846153846 0.04454918032786872 0.16421538461538462
0 0.7808879781420766 0.6130615384615384 0.03724043715846993 0.1545076923076924
0 0.6897131147540984 0.7850076923076923 0.03846994535519137 0.15352307692307687
0 0.6434699453551912 0.4526538461538462 0.03550546448087433 0.1376846153846154
0 0.5470628415300546 0.7835384615384615 0.042882513661202167 0.15782307692307698
0 0.22095628415300547 0.6189538461538462 0.05226775956284152 0.15168461538461542
0 0.7363934426229508 0.6258307692307693 0.031161202185792276 0.1379307692307692
0 0.47114754098360656 0.6140461538461538 0.04892076502732233 0.1502076923076923
0 0.7041120218579234 0.6174846153846154 0.03715846994535525 0.14873846153846162
0 0.8825409836065573 0.6273076923076923 0.04438524590163936 0.15217692307692302
0 0.19228142076502733 0.4502 0.030232240437158463 0.1475076923076923
0 0.5029918032786885 0.7855000000000001 0.04948087431693993 0.15868461538461537
0 0.5078005464480874 0.6189538461538462 0.03599726775956287 0.13878461538461545
0 0.21703551912568306 0.4502 0.03244535519125683 0.14627692307692314
0 0.25848360655737707 0.07633076923076923 0.041693989071038225 0.14849230769230767
0 0.7089071038251366 0.26056153846153846 0.03009562841530051 0.1521769230769231
0 0.41575136612021857 0.7874692307692308 0.027677595628415288 0.1506999999999999
0 0.25564207650273224 0.6278 0.044467213114754114 0.13559230769230768
0 0.9021721311475409 0.44406153846153845 0.049371584699453686 0.1502076923076923
0 0.5357103825136612 0.6223923076923077 0.02942622950819667 0.1353461538461539
0 0.10066939890710382 0.6120769230769231 0.049863387978142076 0.157576923076923
0 0.6120628415300546 0.6160076923076923 0.03151639344262302 0.14701538461538452
0 0.5418306010928962 0.25736923076923074 0.029316939890710433 0.15733076923076922
0 0.6417213114754099 0.7918923076923077 0.03214480874316936 0.1384230769230768
0 0.7808879781420766 0.7859923076923077 0.04919398907103824 0.1529153846153846
0 0.8480737704918032 0.6194461538461539 0.0407377049180327 0.15168461538461542
0 0.8214617486338797 0.44381538461538467 0.042021857923497254 0.14800000000000008
0 0.2353551912568306 0.786976923076923 0.05081967213114753 0.15401538461538447
0 0.4471584699453552 0.7830461538461538 0.03633879781420768 0.155
0 0.6805464480874317 0.26940769230769235 0.032882513661202255 0.13670000000000002
0 0.7883060109289617 0.44356923076923077 0.03495901639344251 0.1475076923076923
0 0.150724043715847 0.6199384615384615 0.056161202185792326 0.15193076923076923
0 0.2855327868852459 0.6155153846153846 0.04525956284153005 0.15094615384615387
0 0.028005464480874317 0.786976923076923 0.03484972677595629 0.14357692307692316
0 0.8109972677595628 0.07412307692307692 0.03715846994535525 0.1457923076923077
0 0.8855874316939891 0.7830461538461538 0.03833333333333326 0.15094615384615387
0 0.6103142076502732 0.25933076923076925 0.03915300546448083 0.15635384615384615
0 0.5112841530054645 0.45093846153846157 0.035860655737704916 0.14505384615384612
0 0.6055191256830601 0.7830461538461538 0.04413934426229501 0.15635384615384632
0 0.24822404371584697 0.44651538461538465 0.04210382513661201 0.15524615384615378
0 0.6644125683060109 0.6125692307692308 0.047991803278688516 0.1529153846153846
0 0.9423087431693988 0.4445461538461538 0.036133879781420825 0.15193076923076923
0 0.20362021857923499 0.0755923076923077 0.031407103825136624 0.1467692307692308
0 0.9702185792349728 0.4450384615384615 0.04610655737704918 0.15217692307692302
0 0.39959016393442626 0.07346153846153847 0.03415300546448088 0.14692307692307693
0 0.8581010928961749 0.443323076923077 0.039153005464480986 0.14923076923076922
0 0.4378415300546448 0.07307692307692308 0.04781420765027322 0.14615384615384616
0 0.5566530054644809 0.6194461538461539 0.02963114754098368 0.13842307692307695
0 0.5749726775956284 0.45903846153846156 0.04728142076502734 0.12712307692307692
0 0.39306010928961754 0.7850076923076923 0.02976775956284148 0.1499615384615383
0 0.07547814207650273 0.6219 0.04763661202185793 0.14456153846153852
0 0.1285792349726776 0.7845230769230769 0.048647540983606574 0.15266923076923078
0 0.3149726775956284 0.6140461538461538 0.04709016393442627 0.15193076923076923
0 0.9641120218579236 0.6174846153846154 0.05681693989071027 0.15868461538461537
0 0.07110655737704917 0.7855 0.04967213114754097 0.14873846153846146
0 0.44759562841530054 0.25884615384615384 0.04210382513661209 0.15831538461538458
0 0.5051775956284154 0.07393846153846154 0.030696721311475446 0.14382307692307694
0 0.1824590163934426 0.2590923076923077 0.049672131147541 0.15549230769230768
0 0.4816256830601093 0.4541307692307692 0.029535519125683068 0.13927692307692305
0 0.14669398907103826 0.26743846153846157 0.03674863387978143 0.13878461538461534
0 0.28617486338797815 0.4452846153846154 0.03920765027322403 0.15475384615384621
0 0.02435792349726776 0.6194461538461539 0.04837431693989071 0.1418615384615385
0 0.852431693989071 0.07369230769230768 0.055765027322404286 0.14456153846153846
0 0.03613387978142077 0.44676153846153843 0.04700819672131147 0.14382307692307694
0 0.8907103825136612 0.07076923076923076 0.03551912568306011 0.14153846153846153
0 0.47595628415300545 0.07326153846153846 0.03225409836065576 0.14357692307692307
0 0.743811475409836 0.7845230769230769 0.03898907103825132 0.1499615384615385
0 0.7158879781420765 0.7938538461538461 0.022991803278688425 0.13350769230769227
0 0.15726775956284153 0.44651538461538465 0.04586065573770491 0.15782307692307698
0 0.9187431693989071 0.26350769230769233 0.0406010928961749 0.1475076923076923
0 0.39612021857923496 0.44700769230769233 0.03920765027322411 0.15401538461538464
0 0.22684426229508198 0.07577692307692308 0.03312841530054645 0.14775384615384615
0 0.698879781420765 0.07448461538461539 0.04210382513661209 0.14775384615384615
0 0.5662568306010929 0.26743846153846157 0.027459016393442653 0.13866923076923077
0 0.5850136612021858 0.6219 0.03378415300546451 0.13903076923076924
0 0.4135655737704918 0.2681769230769231 0.03531420765027325 0.14308461538461537
0 0.29381147540983604 0.07577692307692308 0.03151639344262294 0.14824615384615383
0 0.1873633879781421 0.6194461538461539 0.04763661202185793 0.15524615384615378
0 0.3258743169398907 0.44676153846153843 0.040737704918032774 0.1545076923076924
0 0.016065573770491802 0.25613846153846154 0.03211748633879782 0.162
0 0.3998224043715847 0.6243615384615384 0.03165300546448082 0.13878461538461545
0 0.3743032786885246 0.2627769230769231 0.04413934426229501 0.15524615384615378
0 0.1258606557377049 0.07534615384615385 0.047718579234972684 0.148
0 0.5383333333333333 0.4642 0.022390710382513643 0.12012307692307699
0 0.7355191256830601 0.2735846153846154 0.03383879781420763 0.12883846153846154
0 0.3439890710382514 0.26547692307692305 0.02909836065573764 0.14431538461538462
0 0.9335792349726776 0.7840307692307692 0.05398907103825134 0.15401538461538447
0 0.9693442622950819 0.781076923076923 0.0533879781420764 0.1568461538461539
0 0.9836065573770492 0.07038461538461538 0.03278688524590164 0.14076923076923076
0 0.16915300546448087 0.07466923076923077 0.0484562841530055 0.14775384615384618
0 0.7477322404371585 0.4452846153846154 0.040983606557377046 0.14873846153846146
0 0.6085655737704918 0.4526538461538462 0.0375409836065574 0.1418615384615385
0 0.7472677595628415 0.9388461538461539 0.03825136612021858 0.12230769230769231
0 0.8083743169398907 0.26105384615384614 0.04193989071038257 0.14676923076923074
0 0.4428005464480874 0.6253461538461539 0.035450819672131206 0.13424615384615382
0 0.7765300546448087 0.27087692307692307 0.03233606557377059 0.13203076923076923
0 0.3555464480874317 0.7850076923076923 0.03405737704918026 0.15143846153846147
0 0.289672131147541 0.786976923076923 0.03599726775956287 0.15119230769230782
0 0.25651639344262295 0.27383076923076927 0.043210382513661195 0.13264615384615389
0 0.37495901639344265 0.7864846153846154 0.028087431693988998 0.15217692307692302
0 0.6465300546448087 0.27210769230769233 0.03564207650273228 0.13313846153846157
0 0.9082786885245901 0.7904153846153846 0.035860655737704916 0.14554615384615388
0 0.32937158469945355 0.7894307692307693 0.038770491803278684 0.14849230769230767
0 0.9100136612021857 0.6160076923076923 0.05922131147540971 0.15806923076923077
0 0.7695491803278688 0.07436153846153845 0.05256830601092899 0.14726153846153847
0 0.08829234972677595 0.07412307692307692 0.03868852459016393 0.148
0 0.3585928961748634 0.07436153846153848 0.04234972677595628 0.1475076923076923
0 0.8428415300546449 0.25516153846153844 0.03680327868852466 0.16150769230769232
0 0.054098360655737705 0.07424615384615384 0.04956284153005465 0.14627692307692308
0 0.7302868852459017 0.07412307692307692 0.04043715846994523 0.148
0 0.9484153005464481 0.25245384615384614 0.06510928961748645 0.16666923076923074