0 0.32226993865030673 0.13116666666666665 0.014069529652351729 0.08847222222222222
0 0.4782617586912066 0.23430555555555554 0.013435582822085875 0.09458333333333337
0 0.5205112474437628 0.23477777777777778 0.01678936605316969 0.09816666666666668
0 0.39355828220858896 0.12047222222222222 0.017034764826175837 0.10230555555555555
0 0.055521472392638035 0.12636111111111112 0.014008179959100208 0.07850000000000001
0 0.5312474437627811 0.1252777777777778 0.012331288343558226 0.0823611111111111
0 0.5439468302658487 0.12544444444444444 0.012965235173824197 0.08452777777777779
0 0.8129856850715746 0.12302777777777778 0.01566462167689155 0.09127777777777778
0 0.18858895705521472 0.33494444444444443 0.020020449897750495 0.10030555555555551
0 0.5820245398773006 0.12344444444444444 0.012822085889570515 0.08513888888888889
0 0.5410224948875255 0.2341388888888889 0.018241308793455948 0.09549999999999999
0 0.5161145194274028 0.12063888888888889 0.015132924335378276 0.08894444444444444
0 0.3781799591002045 0.12544444444444444 0.015010224948875205 0.09708333333333334
0 0.5043967280163599 0.7952222222222222 0.03073619631901835 0.09549999999999999
0 0.13977505112474436 0.3346111111111111 0.014621676891615554 0.09633333333333331
0 0.7265644171779142 0.23030555555555554 0.022515337423312864 0.09277777777777779
0 0.7128834355828221 0.7872777777777779 0.031431492842535796 0.08688888888888881
0 0.4140695296523517 0.13555555555555554 0.01357873210633944 0.07669444444444444
0 0.8002862985685071 0.1295 0.012392638036809704 0.0782222222222222
0 0.21276073619631902 0.33661111111111114 0.028016359918200385 0.09394444444444443
0 0.7895501022494887 0.13347222222222221 0.011881390593046923 0.07391666666666666
0 0.3644989775051125 0.13116666666666665 0.014233128834355787 0.08961111111111109
0 0.5966871165644171 0.5693888888888888 0.0352760736196319 0.08747222222222224
0 0.5034151329243354 0.1327222222222222 0.011513292433537823 0.06786111111111114
0 0.08586912065439674 0.13025 0.013435582822085904 0.07402777777777779
0 0.16576687116564418 0.23297222222222225 0.01924335378323108 0.09111111111111114
0 0.6977505112474437 0.12544444444444444 0.014069529652351729 0.08177777777777777
0 0.02079754601226994 0.1252777777777778 0.03010224948875256 0.07999999999999999
0 0.6235378323108385 0.1246111111111111 0.013169734151329354 0.08622222222222221
0 0.5566462167689161 0.1223611111111111 0.0128629856850715 0.08730555555555557
0 0.15441717791411044 0.33775 0.012965235173824138 0.09344444444444441
0 0.6831083844580778 0.24058333333333334 0.012106339468302574 0.08299999999999999
0 0.4799795501022495 0.34588888888888886 0.015664621676891668 0.09144444444444441
0 0.5688548057259714 0.12169444444444445 0.012392638036809704 0.08705555555555557
0 0.5952147239263804 0.12194444444444444 0.01278118609406953 0.08622222222222223
0 0.8286094069529653 0.6911111111111111 0.011411042944785359 0.08480555555555548
0 0.776359918200409 0.13372222222222221 0.015419222903885406 0.07361111111111111
0 0.16515337423312884 0.3452222222222222 0.012331288343558285 0.08655555555555558
0 0.6821267893660532 0.1275 0.010613496932515449 0.07669444444444444
0 0.06805725971370144 0.13025 0.012229038854805734 0.07158333333333332
0 0.12914110429447853 0.33544444444444443 0.009631901840490785 0.09077777777777776
0 0.9140695296523518 0.1353888888888889 0.017995910020449805 0.0881388888888889
0 0.13611451942740288 0.22169444444444444 0.02040899795501022 0.10627777777777775
0 0.47167689161554194 0.7958888888888889 0.011288343558282172 0.09616666666666668
0 0.8808588957055214 0.1338888888888889 0.0176482617586912 0.08977777777777776
0 0.30760736196319016 0.1338888888888889 0.013026584867075674 0.08311111111111112
0 0.4301840490797546 0.13555555555555554 0.012862985685071616 0.07669444444444444
0 0.6596728016359917 0.12858333333333333 0.01098159509202455 0.07375
0 0.9443353783231083 0.13538888888888886 0.016850715746421288 0.08705555555555554
0 0.6191411042944786 0.45466666666666666 0.013435582822085991 0.08813888888888893
0 0.9887730061349693 0.3853611111111111 0.021042944785275998 0.0872222222222222
0 0.8266666666666667 0.13 0.009734151329243336 0.07811111111111112
0 0.027750511247443762 0.23494444444444443 0.05511247443762782 0.036000000000000025
0 0.8974642126789366 0.13580555555555557 0.017300613496932588 0.08894444444444448
0 0.9609406952965235 0.1338888888888889 0.018057259713701514 0.08894444444444448
0 0.29662576687116565 0.13041666666666668 0.010736196319018405 0.08605555555555557
0 0.08660531697341514 0.5534722222222223 0.016155419222903897 0.09277777777777771
0 0.08343558282208588 0.23030555555555554 0.013333333333333326 0.07983333333333335
0 0.48754601226993866 0.13844444444444445 0.009815950920245422 0.05877777777777777
0 0.9799795501022495 0.13347222222222221 0.022883435582822197 0.08730555555555558
0 0.4841308793456033 0.5690555555555556 0.03417177914110425 0.09244444444444437
0 0.1961758691206544 0.22766666666666666 0.12987730061349692 0.09583333333333334
0 0.29687116564417176 0.35350000000000004 0.010940695296523565 0.08572222222222219
0 0.3356850715746421 0.26480555555555557 0.08239263803680985 0.025111111111111088
0 0.7460940695296523 0.23147222222222222 0.1634560327198363 0.09516666666666664