0 0.6028358208955223 0.45693317422434376 0.044582089552238816 0.2357279236276849
0 0.4338805970149254 0.4491527446300716 0.03874626865671647 0.24899761336515522
0 0.7409552238805971 0.45988066825775653 0.0340447761194029 0.2195226730310263
0 0.3058059701492537 0.4440692124105012 0.05183582089552242 0.2623985680190932
0 0.47577611940298503 0.45022673031026256 0.045850746268656754 0.2459188544152745
0 0.389955223880597 0.4470167064439141 0.04814925373134327 0.2523508353221957
0 0.6953582089552238 0.46175417661097845 0.054313432835821046 0.2284964200477327
0 0.3835820895522388 0.11992840095465394 0.08358208955223881 0.2398568019093079
0 0.8073283582089552 0.45263723150357993 0.04358208955223888 0.2247374701670645
0 0.7691044776119402 0.45747016706443916 0.033611940298507434 0.21750596658711216
0 0.5193582089552239 0.4545226730310262 0.04944776119402984 0.2418973747016707
0 0.1864626865671642 0.43468973747016704 0.051074626865671685 0.28116945107398555
0 0.2628955223880597 0.4384367541766111 0.04567164179104481 0.27420047732696895
0 0.6437313432835821 0.4590811455847255 0.04341791044776124 0.22755369928400948
0 0.34905970149253734 0.44486873508353225 0.042507462686567195 0.25542959427207645
0 0.8475522388059702 0.4505011933174224 0.04701492537313433 0.2289021479713603
0 0.22635820895522388 0.43495226730310266 0.04140298507462688 0.2782100238663483
0 0.8877910447761195 0.4478162291169451 0.04664179104477612 0.2267541766109785
0 0.7490000000000001 0.8297613365155132 0.051074626865671685 0.27794749403341296
0 0.6584776119402985 0.8378042959427208 0.05619402985074624 0.28652744630071586
0 0.465044776119403 0.8592482100238663 0.05770149253731339 0.27741050119331745
0 0.558910447761194 0.4531742243436754 0.04285074626865677 0.2357279236276849
0 0.8790746268656716 0.12282816229116945 0.05661194029850756 0.1818615751789976
0 0.5143283582089553 0.8581742243436754 0.05577611940298508 0.2729832935560859
0 0.42014925373134326 0.847255369928401 0.058208955223880594 0.3054892601431981
0 0.8902985074626866 0.7905727923627685 0.21940298507462686 0.017899761336515514
0 0.7407910447761195 0.1289856801909308 0.029850746268656716 0.23649164677804296
0 0.22637313432835818 0.08465393794749403 0.2547313432835821 0.06429594272076372