0 0.7696467391304348 0.6928695652173914 0.03258152173913046 0.20849999999999994
0 0.8978260869565217 0.39648913043478257 0.031521739130434843 0.20276086956521736
0 0.6366032608695652 0.7016630434782608 0.04317934782608692 0.22436956521739138
0 0.5697690217391305 0.7050760869565217 0.04745923913043471 0.232304347826087
0 0.926508152173913 0.3913586956521739 0.02933423913043467 0.20752173913043473
0 0.9503124999999999 0.3913586956521739 0.02721467391304344 0.20556521739130434
0 0.7818614130434783 0.3942826086956522 0.03130434782608691 0.2197282608695652
0 0.7617255434782608 0.12378260869565216 0.032635869565217364 0.2091086956521739
0 0.7910190217391305 0.12597826086956523 0.032445652173913195 0.20885869565217394
0 0.0503125 0.41577173913043475 0.07225543478260871 0.25952173913043475
0 0.6005842391304348 0.11029347826086956 0.044442934782608745 0.2183804347826087
0 0.9771739130434783 0.40258695652173915 0.03104619565217379 0.1912826086956522
0 0.8654755434782608 0.40209782608695654 0.032690217391304274 0.1993369565217391
0 0.47119565217391307 0.3855 0.06542119565217389 0.2665978260869565
0 0.9460461956521738 0.13842391304347826 0.03357336956521744 0.1983695652173913
0 0.2917527173913043 0.1044891304347826 0.05542119565217394 0.2031304347826087
0 0.8190896739130435 0.13025 0.03301630434782603 0.20727173913043478
0 0.5303940217391304 0.3855 0.06763586956521736 0.2636739130434783
0 0.8819565217391304 0.1303695652173913 0.036290760869565265 0.19872826086956527
0 0.5364945652173914 0.7065434782608695 0.04665760869565222 0.24071739130434786
0 0.5133016304347826 0.10858695652173914 0.045896739130434745 0.2133804347826087
0 0.4791304347826087 0.10705434782608696 0.04944293478260868 0.21179347826086956
0 0.916141304347826 0.1346413043478261 0.036222826086956636 0.1971413043478261
0 0.661616847826087 0.11718478260869565 0.040815217391304295 0.21838043478260866
0 0.7281521739130434 0.1218913043478261 0.03713315217391294 0.21179347826086956
0 0.8496059782608695 0.13110869565217392 0.03769021739130436 0.20373913043478262
0 0.9765625 0.13928260869565215 0.035815217391304215 0.19678260869565214
0 0.835570652173913 0.40405434782608696 0.029565217391304334 0.1983695652173913
0 0.3689538043478261 0.10840217391304348 0.05668478260869569 0.20752173913043476
0 0.562133152173913 0.11065217391304348 0.04982336956521734 0.21972826086956523
0 0.8660869565217392 0.8989239130434783 0.19317934782608703 0.06408695652173917
0 0.718383152173913 0.6938478260869566 0.03331521739130432 0.21301086956521742
0 0.7458559782608696 0.6904347826086957 0.03158967391304348 0.20885869565217402
0 0.1739538043478261 0.10070652173913044 0.05328804347826085 0.19531521739130434
0 0.8075000000000001 0.4033152173913044 0.02650815217391303 0.200195652173913
0 0.4449456521739131 0.10760869565217392 0.05165760869565215 0.20946739130434786
0 0.5029347826086957 0.706054347826087 0.05241847826086962 0.2509782608695653
0 0.6903125000000001 0.6987282608695653 0.036426630434782614 0.21728260869565227
0 0.629266304347826 0.11029347826086956 0.039293478260869506 0.21667391304347824
0 0.7049592391304348 0.9252934782608695 0.030937499999999975 0.13793478260869574
0 0.6671195652173914 0.7006847826086956 0.033899456521739195 0.215336956521739
0 0.6964130434782608 0.11920652173913043 0.03769021739130436 0.21375
0 0.4086277173913043 0.10742391304347824 0.049089673913043474 0.2069130434782609
0 0.46966032608695657 0.7085 0.061182065217391265 0.25317391304347836
0 0.8679211956521738 0.9418913043478261 0.18722826086956515 0.06076086956521749
0 0.10811141304347825 0.4165 0.08025815217391304 0.2531739130434782
0 0.39611413043478266 0.4033152173913044 0.09110054347826081 0.25195652173913047
0 0.22293478260869568 0.41357608695652176 0.07605978260869568 0.2432826086956521
0 0.3292798913043478 0.10705434782608696 0.05680706521739131 0.20654347826086958
0 0.2818342391304348 0.4121086956521739 0.07198369565217394 0.2390108695652174
0 0.2313179347826087 0.10320652173913042 0.08903532608695648 0.2031304347826087
0 0.041426630434782605 0.09948913043478261 0.0823233695652174 0.19165217391304348
0 0.33172554347826094 0.41381521739130434 0.06542119565217393 0.23376086956521747
0 0.6799320652173912 0.9238260869565217 0.03629076086956519 0.14586956521739136
0 0.887445652173913 0.7358369565217392 0.19927989130434792 0.050717391304347915
0 0.9515353260869566 0.8891630434782608 0.07251358695652159 0.20885869565217402
0 0.15960597826086956 0.41332608695652173 0.07778532608695653 0.24976086956521737
0 0.3891032608695652 0.703608695652174 0.09445652173913041 0.28076086956521734
0 0.7275407608695652 0.9165 0.040353260869565276 0.1563695652173912
0 0.036480978260869566 0.7402391304347826 0.07296195652173913 0.33910869565217394
0 0.8538858695652174 0.858891304347826 0.2212499999999999 0.06781521739130446
0 0.6024184782608696 0.706054347826087 0.043451086956521764 0.22399999999999992
0 0.01921195652173913 0.4165 0.037635869565217396 0.2770978260869565
0 0.516358695652174 0.9267608695652174 0.09163043478260861 0.13818478260869552
0 0.6051630434782609 0.9252934782608695 0.05974184782608699 0.14014130434782615
0 0.8886684782608695 0.6791956521739131 0.20065217391304357 0.0850869565217391