0 0.3139444444444444 0.31878124999999996 0.09455555555555553 0.33355208333333336
0 0.5424583333333334 0.31354166666666666 0.05941666666666663 0.3402916666666667
0 0.1778888888888889 0.3073020833333333 0.0982083333333333 0.36822916666666666
0 0.25240277777777775 0.3220208333333333 0.09122222222222223 0.3345520833333334
0 0.863125 0.29957291666666663 0.06894444444444459 0.36598958333333337
0 0.5940277777777777 0.30705208333333334 0.050472222222222266 0.3495208333333333
0 0.7906111111111112 0.3018125 0.06961111111111096 0.35874999999999996
0 0.6479166666666667 0.3068020833333333 0.0580833333333334 0.3522708333333334
0 0.39909722222222227 0.3157916666666667 0.10544444444444438 0.33705208333333336
0 0.11951388888888889 0.30830208333333337 0.09205555555555556 0.37371875
0 0.48093055555555553 0.30980208333333337 0.08054166666666668 0.3455312499999999
0 0.7121111111111111 0.3043125 0.07426388888888892 0.35651041666666666
0 0.10583333333333333 0.7762916666666667 0.09777777777777778 0.34132291666666675
0 0.17472222222222225 0.7626041666666666 0.10095833333333333 0.35825000000000007
0 0.3531944444444445 0.7606145833333334 0.10004166666666663 0.35651041666666666
0 0.9396388888888888 0.7566145833333333 0.07180555555555562 0.3420416666666666
0 0.6492361111111111 0.7576145833333333 0.09680555555555562 0.3615
0 0.5487777777777778 0.7591145833333334 0.09372222222222225 0.3594999999999999
0 0.4509861111111111 0.7601145833333334 0.10037499999999998 0.3567604166666667
0 0.8757638888888888 0.755625 0.07563888888888894 0.3522708333333334
0 0.2570555555555556 0.7611145833333333 0.10711111111111112 0.3590000000000001
0 0.9694444444444444 0.26666666666666666 0.06111111111111111 0.4270833333333333
0 0.9791666666666666 0.7526041666666666 0.041666666666666664 0.3260416666666667