0 0.46834415584415584 0.13953488372093023 0.030844155844155844 0.27906976744186046
0 0.4247402597402597 0.48145348837209306 0.03142857142857145 0.27904069767441864
0 0.3905844155844156 0.4823837209302326 0.033133116883116924 0.27677325581395346
0 0.5276948051948052 0.16098837209302327 0.025974025974025976 0.2366279069767442
0 0.4042207792207792 0.13953488372093023 0.02922077922077922 0.27906976744186046
0 0.49506493506493504 0.48328488372093026 0.04207792207792201 0.2861337209302326
0 0.5592857142857143 0.1616860465116279 0.030827922077922093 0.24232558139534885
0 0.5903896103896104 0.16430232558139535 0.026331168831168875 0.23456395348837208
0 0.17639610389610388 0.1581395348837209 0.024821428571428557 0.25281976744186047
0 0.15422077922077923 0.15848837209302324 0.023571428571428587 0.2502906976744186
0 0.6010876623376623 0.5024418604651163 0.02482142857142851 0.24802325581395346
0 0.2226461038961039 0.16168604651162788 0.03176948051948051 0.24299418604651163
0 0.45735389610389615 0.48511627906976745 0.03071428571428565 0.27723837209302327
0 0.6260551948051948 0.502906976744186 0.023798701298701246 0.2523546511627907
0 0.11243506493506494 0.15938953488372093 0.021347402597402608 0.24732558139534888
0 0.4366883116883117 0.14098837209302326 0.032467532467532464 0.2819767441860465
0 0.5771266233766233 0.5020058139534883 0.022564935064935027 0.2473255813953488
0 0.9660227272727273 0.8136918604651163 0.02251623376623359 0.23023255813953503
0 0.5521590909090909 0.5001744186046512 0.02540584415584412 0.24938953488372098
0 0.6994480519480519 0.1857558139534884 0.028295454545454464 0.21014534883720937
0 0.9196428571428571 0.8054651162790697 0.02444805194805186 0.23662790697674413
0 0.31413961038961036 0.16430232558139535 0.02487012987012986 0.24095930232558144
0 0.05375 0.15688953488372093 0.0226461038961039 0.24938953488372098
0 0.6683603896103896 0.1857558139534884 0.028360389610389655 0.20866279069767443
0 0.27285714285714285 0.165 0.022272727272727316 0.24095930232558144
0 0.5261688311688312 0.8104941860465117 0.02673701298701303 0.22976744186046502
0 0.13243506493506493 0.15973837209302327 0.021964285714285717 0.251453488372093
0 0.5756006493506494 0.8091279069767441 0.02608766233766242 0.2318313953488372
0 0.606185064935065 0.8100290697674418 0.02884740259740257 0.23136627906976753
0 0.8956818181818182 0.8040988372093024 0.023766233766233928 0.23912790697674416
0 0.8421590909090909 0.8059302325581396 0.031006493506493357 0.24026162790697667
0 0.8722402597402596 0.15061046511627907 0.02923701298701297 0.2703779069767442
0 0.81362012987013 0.15026162790697672 0.02810064935064926 0.26854651162790694
0 0.9033279220779221 0.1527906976744186 0.03227272727272745 0.2658139534883721
0 0.9430844155844157 0.8109302325581395 0.023847402597402687 0.23215116279069772
0 0.7254545454545455 0.8159593023255813 0.031055194805194797 0.22976744186046502
0 0.9878246753246753 0.8081395348837209 0.024350649350649352 0.22674418604651161
0 0.0929383116883117 0.15973837209302327 0.020779220779220797 0.25098837209302327
0 0.5516396103896104 0.8104941860465117 0.02344155844155853 0.2326162790697674
0 0.011363636363636364 0.1569767441860465 0.022727272727272728 0.2441860465116279
0 0.2580681818181818 0.4978779069767442 0.032386363636363616 0.24779069767441864
0 0.294512987012987 0.49880813953488373 0.032938311688311725 0.2502906976744185
0 0.8707142857142858 0.8045639534883721 0.024155844155844333 0.23936046511627918
0 0.9902597402597403 0.5116279069767442 0.01948051948051948 0.23255813953488372
0 0.8431818181818181 0.15061046511627907 0.027824675324675488 0.2699418604651163
0 0.3296753246753247 0.4997093023255814 0.030827922077922093 0.251889534883721
0 0.6933441558441559 0.8127616279069767 0.028262987012986962 0.2310174418604652
0 0.03298701298701299 0.15747093023255815 0.021753246753246764 0.2464244186046512
0 0.9706006493506494 0.17069767441860464 0.03409090909090909 0.23215116279069772
0 0.7448214285714285 0.5279941860465116 0.027662337662337604 0.19941860465116285
0 0.25144480519480517 0.16430232558139535 0.020941558441558403 0.23546511627906977
0 0.4244805194805195 0.811860465116279 0.025876623376623466 0.2231395348837209
0 0.3633116883116883 0.165 0.026233766233766276 0.2423255813953488
0 0.28915584415584417 0.8196220930232557 0.03383116883116879 0.21744186046511615
0 0.822288961038961 0.527093023255814 0.02673701298701303 0.20718023255813947
0 0.3388474025974026 0.8164244186046512 0.02352272727272729 0.21345930232558158
0 0.31693181818181815 0.8168604651162791 0.021834415584415567 0.21447674418604643
0 0.757564935064935 0.15186046511627907 0.03370129870129868 0.26284883720930236
0 0.6418668831168831 0.18688953488372095 0.024253246753246843 0.20581395348837203
0 0.2598538961038961 0.8214244186046511 0.025746753246753268 0.21412790697674408
0 0.5008116883116883 0.14098837209302326 0.027597402597402596 0.2819767441860465
0 0.4734090909090909 0.8109302325581395 0.02464285714285706 0.22781976744186047
0 0.8773376623376624 0.5147674418604652 0.03300324675324663 0.2231395348837209
0 0.9145454545454546 0.5111337209302326 0.03860389610389606 0.22781976744186047
0 0.3607792207792208 0.49924418604651166 0.02592532467532472 0.24802325581395346
0 0.33732142857142855 0.16656976744186044 0.02487012987012986 0.24026162790697675
0 0.6622564935064935 0.811860465116279 0.029918831168831088 0.22749999999999998
0 0.9690746753246754 0.5111337209302326 0.02334415584415602 0.22898255813953483
0 0.40358766233766236 0.8182558139534885 0.02134740259740256 0.21447674418604643
0 0.7178084415584416 0.5302906976744186 0.027824675324675304 0.19735465116279066
0 0.38293831168831166 0.8196220930232557 0.02241883116883117 0.21151162790697672
0 0.4492045454545454 0.8127616279069767 0.02326298701298708 0.2262209302325583
0 0.7718344155844156 0.529389534883721 0.026623376623376587 0.2026162790697674
0 0.1289935064935065 0.8027325581395348 0.042077922077922054 0.2502906976744187
0 0.7274837662337662 0.18107558139534885 0.024999999999999963 0.21116279069767446
0 0.9943181818181818 0.17151162790697674 0.011363636363636364 0.22674418604651161
0 0.02349025974025974 0.8036337209302326 0.04230519480519481 0.24345930232558138
0 0.3605194805194805 0.8177906976744186 0.021753246753246715 0.2138081395348836
0 0.0915909090909091 0.805 0.03319805194805193 0.2429941860465117
0 0.7871266233766234 0.14936046511627907 0.026493506493506576 0.26101744186046516
0 0.6179058441558442 0.18142441860465117 0.025551948051948065 0.20468023255813952
0 0.634724025974026 0.8100290697674418 0.023944805194805196 0.2310174418604652
0 0.060000000000000005 0.8036337209302326 0.03433441558441557 0.24392441860465108
0 0.795275974025974 0.5243604651162791 0.0246915584415585 0.20468023255813944
0 0.8482792207792207 0.5257267441860465 0.026672077922078024 0.20866279069767452
0 0.947159090909091 0.515232558139535 0.0246915584415585 0.22165697674418605
0 0.23577922077922078 0.8196220930232557 0.02300324675324678 0.21412790697674408
0 0.17282467532467533 0.8018023255813953 0.042629870129870115 0.2502906976744187
0 0.49939935064935065 0.8113953488372093 0.025876623376623466 0.22430232558139526
0 0.9369642857142857 0.16726744186046513 0.03293831168831163 0.22941860465116276
0 0.6923214285714286 0.5298255813953489 0.023766233766233744 0.19805232558139532
0 0.1975487012987013 0.1656686046511628 0.0174512987012987 0.2310174418604651
0 0.2085064935064935 0.8200581395348838 0.030779220779220746 0.21595930232558128
0 0.6678571428571428 0.5279941860465116 0.024545454545454554 0.19223837209302325
0 0.29298701298701296 0.16531976744186047 0.019772727272727282 0.24026162790697675
0 0.5276948051948052 0.5001744186046512 0.023798701298701246 0.24139534883720937
0 0.05878246753246753 0.49924418604651166 0.04376623376623376 0.23706395348837211
0 0.019545454545454543 0.5220639534883721 0.02884740259740259 0.20433139534883726
0 0.002435064935064935 0.5203488372093024 0.00487012987012987 0.19767441860465115
0 0.07344155844155845 0.15688953488372093 0.019659090909090907 0.2505232558139535
0 0.38319805194805195 0.1656686046511628 0.0171915584415584 0.2386627906976744
0 0.810064935064935 0.8511046511627907 0.035811688311688225 0.14933139534883721
0 0.7672402597402598 0.8273837209302326 0.051379870129870095 0.20043604651162805