0 0.2375 0.5126404494382022 0.0475 0.9747191011235955
0 0.1795625 0.5502902621722847 0.07043750000000001 0.8994194756554307
0 0.4494625 0.5378558052434457 0.05310000000000002 0.9242883895131087
0 0.1153125 0.574438202247191 0.071875 0.851123595505618
0 0.89404375 0.5614325842696629 0.047881250000000077 0.8258707865168539
0 0.33325000000000005 0.5314513108614232 0.03436250000000001 0.9370880149812733
0 0.39501875 0.5137172284644195 0.06359999999999999 0.972565543071161
0 0.0448625 0.5 0.08587500000000002 1
0 0.6870125 0.5533988764044944 0.07519374999999996 0.8932022471910113
0 0.4838875 0.5374906367041198 0.04123125000000002 0.9250187265917603
0 0.9751125 0.613370786516854 0.049774999999999923 0.6901779026217227
0 0.9282250000000001 0.5650936329588014 0.0555125000000001 0.8083146067415728
0 0.7431625 0.5530243445692884 0.06524374999999992 0.8931741573033709
0 0.609375 0.5234082397003745 0.09125 0.9531835205992509
0 0.3630375 0.5003651685393258 0.041474999999999936 0.9992696629213483
0 0.5265625 0.5276217228464419 0.080625 0.9447565543071161