0 0.6031204379562044 0.704114077669903 0.03301094890510955 0.13066747572815543
0 0.5646350364963504 0.5345145631067961 0.04583941605839417 0.11752427184466023
0 0.5654197080291972 0.7067718446601942 0.0426277372262774 0.12279126213592241
0 0.42830291970802914 0.7030461165048543 0.02572992700729931 0.1375970873786409
0 0.3757664233576642 0.5315776699029126 0.031642335766423314 0.12580097087378636
0 0.48724452554744524 0.5361165048543689 0.03503649635036505 0.11473300970873782
0 0.40144160583941607 0.7046480582524272 0.032025547445255494 0.1382645631067962
0 0.3443065693430657 0.5318446601941748 0.03182481751824817 0.12706310679611657
0 0.32806569343065695 0.5334466019417475 0.027043795620437943 0.1244660194174758
0 0.6043248175182482 0.5361165048543689 0.03895985401459858 0.10786407766990291
0 0.3962226277372263 0.5345145631067961 0.03468978102189779 0.12066747572815528
0 0.3653467153284672 0.704114077669903 0.02580291970802917 0.13359223300970866
0 0.45355839416058397 0.704114077669903 0.03164233576642342 0.13706310679611658
0 0.5265328467153285 0.5355825242718446 0.040054744525547525 0.11673543689320381
0 0.5694343065693431 0.8694417475728154 0.03370437956204385 0.1422572815533981
0 0.4258941605839416 0.5366504854368932 0.04713503649635044 0.11752427184466023
0 0.5177189781021897 0.870497572815534 0.03443430656934307 0.1433252427184465