0 0.6460112359550562 0.1405 0.028820224719101097 0.19713999999999998
0 0.36346910112359554 0.15491 0.057050561797752815 0.21204000000000003
0 0.4896488764044944 0.35156 0.038441011235955065 0.16564999999999996
0 0.5366292134831461 0.14893 0.04275280898876412 0.19812000000000002
0 0.4365028089887641 0.35107 0.046292134831460725 0.16369999999999993
0 0.4104494382022472 0.35034 0.041320224719101066 0.16393999999999995
0 0.5688623595505617 0.14196999999999999 0.035421348314606776 0.21008
0 0.8400842696629214 0.12927000000000002 0.062401685393258514 0.20239
0 0.879185393258427 0.13097999999999999 0.0664747191011235 0.19287
0 0.41216292134831456 0.15466 0.05078651685393254 0.21106
0 0.5674859550561798 0.34399 0.03117977528089894 0.16321000000000005
0 0.5938904494382022 0.14087 0.03171348314606747 0.20557
0 0.27259831460674155 0.16711 0.07984550561797756 0.20496000000000003
0 0.3166573033707865 0.15453999999999998 0.07766853932584271 0.21045
0 0.6158426966292135 0.3396 0.05264044943820227 0.16809000000000004
0 0.6220084269662921 0.13892 0.03646067415730342 0.20886000000000002
0 0.20230337078651683 0.16772 0.06810393258426968 0.20557
0 0.7907162921348315 0.14026 0.06660112359550573 0.20557
0 0.9388483146067417 0.13037 0.08088483146067404 0.19469999999999998
0 0.5002808988764045 0.14697 0.043160112359550584 0.21045
0 0.750252808988764 0.13477 0.04817415730337072 0.20752000000000004
0 0.2785955056179775 0.36694 0.06900280898876404 0.15710000000000002
0 0.8517556179775282 0.32422 0.07016853932584274 0.16002999999999998
0 0.651502808988764 0.3335 0.04744382022471906 0.16638
0 0.5153651685393258 0.34839 0.029831460674157317 0.16296000000000005
0 0.5884129213483146 0.3396 0.04116573033707858 0.16430999999999996
0 0.14650280898876405 0.17273 0.0794241573033708 0.19347999999999996
0 0.4663342696629213 0.14819 0.056699438202247196 0.21436000000000002
0 0.6923033707865168 0.13721 0.04092696629213481 0.20752000000000004
0 0.6364185393258427 0.48486 0.04054775280898877 0.11962999999999994
0 0.7331039325842696 0.32861 0.05855337078651693 0.16588999999999998
0 0.03075842696629213 0.18042000000000002 0.061502808988764056 0.20789000000000002
0 0.07625 0.17236 0.09764044943820224 0.20984000000000003
0 0.38712078651685394 0.51025 0.044143258426966224 0.12720000000000004
0 0.19801966292134832 0.37085 0.07612359550561797 0.16162
0 0.8016853932584269 0.32813 0.06939606741573046 0.16235000000000002
0 0.5366292134831461 0.34814 0.037162921348314656 0.16394000000000006
0 0.03915730337078652 0.38599 0.07831460674157303 0.16051999999999997
0 0.9031882022471911 0.31714 0.07094101123595505 0.1637
0 0.5582303370786517 0.49268 0.06043539325842693 0.12487999999999999
0 0.48691011235955056 0.5063500000000001 0.056699438202247196 0.13293000000000008
0 0.8867275280898876 0.46703999999999996 0.0507865168539327 0.11498999999999995
0 0.3447752808988764 0.35986 0.08314606741573032 0.16881999999999994
0 0.14092696629213483 0.37329 0.08410112359550562 0.16211