0 0.5941983695652173 0.28174311926605505 0.06634510869565223 0.343506625891947
0 0.8031114130434783 0.2814984709480122 0.08322010869565218 0.3474108053007135
0 0.11486413043478262 0.2653822629969419 0.08171195652173914 0.3688990825688073
0 0.6322690217391305 0.2807645259938838 0.06536684782608697 0.3461875637104995
0 0.17002717391304345 0.266605504587156 0.05536684782608694 0.344729867482161
0 0.4646875 0.2800305810397553 0.08066576086956523 0.35498470948012234
0 0.02747282608695652 0.28930682976554534 0.054932065217391315 0.3369113149847095
0 0.9423913043478261 0.28906218144750256 0.08187499999999999 0.3234862385321101
0 0.40611413043478256 0.28027522935779814 0.06024456521739135 0.3513149847094801
0 0.3317527173913043 0.28027522935779814 0.07183423913043475 0.3513149847094801
0 0.8851222826086957 0.2534148827726809 0.08444293478260882 0.39746177370030583
0 0.06077445652173913 0.2763710499490316 0.06536684782608695 0.3447298674821611
0 0.7575543478260869 0.28125382262996945 0.06744565217391318 0.34521916411824666
0 0.21997282608695654 0.27954128440366977 0.08566576086956523 0.34643221202854235
0 0.7093885869565217 0.28393476044852195 0.08745923913043487 0.344729867482161