0 0.07139130434782609 0.17628260869565218 0.022434782608695657 0.107
0 0.43424637681159417 0.15636956521739132 0.019768115942028965 0.1167608695652174
0 0.18433333333333332 0.1701630434782609 0.022275362318840586 0.11122826086956521
0 0.31294202898550727 0.38454347826086954 0.14465217391304355 0.019967391304347833
0 0.22702898550724637 0.1680869565217391 0.022608695652173945 0.11239130434782606
0 0.4512608695652174 0.15623913043478263 0.019913043478260884 0.11864130434782606
0 0.371072463768116 0.1588478260869565 0.024318840579710104 0.11721739130434786
0 0.1558695652173913 0.2778152173913043 0.11463768115942029 0.014597826086956468
0 0.049884057971014494 0.17719565217391306 0.026623188405797107 0.1058913043478261
0 0.1647246376811594 0.1701630434782609 0.02305797101449279 0.10907608695652177
0 0.09469565217391304 0.17602173913043478 0.02331884057971015 0.10569565217391305
0 0.41515942028985503 0.15806521739130433 0.022971014492753655 0.11656521739130436
0 0.2469855072463768 0.1658695652173913 0.020463768115942034 0.11239130434782613
0 0.330463768115942 0.1622282608695652 0.022434782608695678 0.11395652173913047
0 0.28099999999999997 0.1657391304347826 0.021188405797101455 0.11356521739130437
0 0.14668115942028984 0.17159782608695653 0.031086956521739113 0.11025
0 0.30426086956521736 0.16379347826086957 0.024594202898550764 0.11142391304347825
0 0.512695652173913 0.14920652173913043 0.020231884057971068 0.12450000000000003
0 0.2645217391304348 0.16534782608695653 0.022188405797101452 0.11454347826086957
0 0.9837246376811594 0.13358695652173913 0.029913043478261014 0.1108369565217391
0 0.720608695652174 0.14739130434782607 0.019536231884057998 0.1062826086956522
0 0.43668115942028984 0.3035869565217391 0.031159420289855074 0.11798913043478255
0 0.9956521739130435 0.1298913043478261 0.008695652173913044 0.11413043478260869
0 0.3118985507246377 0.39964130434782613 0.14171014492753628 0.01626086956521743
0 0.11934782608695652 0.17550000000000002 0.026275362318840572 0.1045869565217391
0 0.3776811594202899 0.47202173913043477 0.03559420289855065 0.11258695652173906
0 0.3089420289855072 0.41396739130434784 0.1364927536231884 0.018315217391304373
0 0.7039565217391305 0.14778260869565218 0.020304347826086942 0.10680434782608694
0 0.5324782608695653 0.14791304347826087 0.023492753623188457 0.1223586956521739
0 0.7393623188405797 0.14791304347826087 0.021753623188405784 0.10419565217391306
0 0.44917391304347826 0.4730543478260869 0.03492753623188409 0.11473913043478268
0 0.4123913043478261 0.47383695652173907 0.03559420289855065 0.11220652173913045
0 0.40856521739130436 0.3043695652173913 0.02728985507246383 0.11513043478260865
0 0.2643478260869565 0.3160760869565218 0.017072463768115904 0.08942391304347824
0 0.950391304347826 0.2929130434782609 0.024898550724637772 0.12795652173913047
0 0.06714492753623189 0.3134782608695652 0.02615942028985509 0.09951086956521735
0 0.969840579710145 0.29056521739130436 0.02627536231884074 0.1310760869565218
0 0.7046521739130435 0.49232608695652175 0.018869565217391276 0.10399999999999994
0 0.7539420289855073 0.30696739130434786 0.02168115942028991 0.10569565217391305
0 0.5751739130434783 0.6407065217391305 0.025188405797101444 0.11239130434782618
0 0.9884057971014493 0.29293478260869565 0.02318840579710145 0.13369565217391305
0 0.7796231884057971 0.655804347826087 0.0332318840579711 0.12027173913043489
0 0.623768115942029 0.15325 0.01908695652173907 0.10276086956521742
0 0.0900144927536232 0.31295652173913047 0.022014492753623185 0.09918478260869565
0 0.9573333333333333 0.13502173913043478 0.03330434782608698 0.10966304347826085
0 0.7851739130434783 0.3048913043478261 0.02062318840579713 0.11239130434782606
0 0.29992753623188406 0.30540217391304353 0.023492753623188378 0.10868478260869566
0 0.5908695652173913 0.31018478260869564 0.019971014492753583 0.09780434782608698
0 0.5651159420289855 0.3108695652173913 0.026884057971014428 0.10009782608695655
0 0.6123188405797102 0.3108695652173913 0.021753623188405784 0.10061956521739124
0 0.7122898550724638 0.30931521739130435 0.024420289855072497 0.10295652173913046
0 0.6737536231884058 0.3106086956521739 0.02331884057971019 0.10185869565217395
0 0.858072463768116 0.30332608695652175 0.02218840579710137 0.10699999999999994
0 0.8761159420289855 0.3030652173913043 0.02218840579710137 0.10718478260869567
0 0.7817101449275362 0.14673913043478262 0.0268405797101449 0.1058913043478261
0 0.6924927536231884 0.3082717391304348 0.023695652173913076 0.10146739130434786
0 0.6314057971014493 0.30983695652173915 0.022014492753623268 0.10114130434782603
0 0.7226956521739131 0.4933695652173913 0.021188405797101455 0.10458695652173916
0 0.8330724637681161 0.14309782608695654 0.026884057971014428 0.1062826086956522
0 0.8073913043478261 0.14595652173913043 0.02781159420289863 0.10569565217391305
0 0.7337971014492755 0.3082717391304348 0.023492753623188457 0.10419565217391306
0 0.9274927536231884 0.1376304347826087 0.03291304347826092 0.11064130434782611
0 0.606072463768116 0.15351086956521737 0.021188405797101455 0.10569565217391305
0 0.7969710144927535 0.4938804347826087 0.021260869565217496 0.10628260869565215
0 0.8816666666666667 0.14114130434782607 0.02557971014492767 0.1066086956521739
0 0.9031884057971015 0.13983695652173914 0.0285652173913044 0.10848913043478262
0 0.777536231884058 0.49440217391304353 0.021014492753623187 0.10497826086956513
0 0.9163768115942028 0.2931739130434783 0.023318840579710027 0.12626086956521734
0 0.5408115942028986 0.31269565217391304 0.023231884057970976 0.09846739130434785
0 0.8969420289855072 0.29994565217391306 0.023782608695652293 0.11539130434782605
0 0.6577826086956522 0.15129347826086956 0.02192753623188405 0.10458695652173916
0 0.8157246376811594 0.4912826086956522 0.02252173913043473 0.11201086956521734
0 0.7587971014492755 0.4850326086956522 0.017739130434782622 0.11942391304347814
0 0.832376811594203 0.49440217391304353 0.022347826086956627 0.10718478260869554
0 0.5553913043478261 0.15038043478260868 0.021840579710145 0.1176086956521739
0 0.5869710144927536 0.15428260869565216 0.019768115942028965 0.1043913043478261
0 0.8830579710144927 0.4975326086956522 0.024797101449275216 0.11220652173913045
0 0.9642753623188406 0.4985760869565217 0.030550724637681055 0.11161956521739123
0 0.9330434782608695 0.2931739130434783 0.02210144927536232 0.12645652173913047
0 0.20550724637681161 0.16886956521739133 0.023695652173913076 0.1116195652173913
0 0.6397391304347826 0.15325 0.019318840579710204 0.10530434782608696
0 0.9024927536231885 0.495445652173913 0.025275362318840658 0.11083695652173917
0 0.7601884057971015 0.1463478260869565 0.020942028985507313 0.1043913043478261
0 0.3443478260869565 0.30931521739130435 0.019768115942028965 0.09639130434782603
0 0.9226231884057972 0.4970108695652174 0.026507246376811542 0.11064130434782604
0 0.805304347826087 0.6584130434782609 0.03349275362318826 0.12046739130434775
0 0.8684782608695653 0.6615326086956522 0.03579710144927543 0.1240434782608697