0 0.77265625 0.4921875 0.2875 0.06328125
0 0.184375 0.8046875 0.26953125 0.07890625
0 0.484375 0.6078125 0.29453125 0.065625
0 0.203125 0.6 0.26015625 0.05078125
0 0.78203125 0.41015625 0.271875 0.090625
0 0.80625 0.88515625 0.3015625 0.0921875
0 0.48359375 0.790625 0.31875 0.0734375
0 0.21875 0.4484375 0.25859375 0.084375
0 0.7890625 0.76171875 0.284375 0.06640625
0 0.478125 0.90625 0.3328125 0.0625
0 0.324889 0.6287321421875001 0.064444 0.633333928125 0.063556 0.6795107140625001 0.326667 0.6795107140625001 0.324889 0.6287321421875001