0 0.295260663507109 0.1745891276864728 0.030505529225908375 0.11827433628318584
0 0.09592417061611375 0.5583312262958281 0.018025276461295415 0.10022756005056886
0 0.1432306477093207 0.557882427307206 0.016090047393364934 0.09803413400758529
0 0.1565086887835703 0.55775600505689 0.015284360189573477 0.09520227560050562
0 0.119739336492891 0.5607142857142857 0.014162717219589263 0.0882490518331227
0 0.34011058451816745 0.5506700379266751 0.018830963665086912 0.10936788874841971
0 0.41380726698262243 0.5487420986093553 0.031058451816745606 0.10808470290771176
0 0.09045023696682467 0.44174462705436157 0.019952606635071084 0.0924083438685209
0 0.03075039494470774 0.430543615676359 0.019628751974723545 0.10863463969658653
0 0.2871642969984202 0.7895385587863464 0.009494470774091613 0.09003160556257891
0 0.4051974723538705 0.7879898862199747 0.015450236966824602 0.09209228824273076
0 0.4461532385466035 0.7865107458912769 0.005631911532385552 0.09299620733249045
0 0.4287756714060032 0.7878002528445006 0.009494470774091613 0.0904235145385589
0 0.4816350710900474 0.7888242730720607 0.0170537124802527 0.10278128950695317
0 0.22738546603475515 0.7883754740834387 0.01705371248025279 0.09029077117572702
0 0.1805608214849921 0.6788053097345133 0.01673775671406003 0.0900695322376737
0 0.3153317535545024 0.6720480404551201 0.03684834123222747 0.10359039190897605
0 0.47986571879936807 0.6685082174462705 0.016737756714060074 0.10551833122629573
0 0.41099526066350717 0.6751390644753477 0.020600315955766134 0.09431731984829332
0 0.3552764612954186 0.5486725663716814 0.02139020537124806 0.10660556257901396
0 0.37563981042654027 0.549165613147914 0.021058451816745632 0.10530973451327427
0 0.2755134281200632 0.6686725663716814 0.016587677725118485 0.10364096080910243
0 0.2880173775671406 0.6736156763590393 0.020347551342812 0.10111251580278131
0 0.4441390205371248 0.5481795195954489 0.030624012638230634 0.10383059418457648
0 0.04838862559241706 0.7857142857142857 0.021966824644549764 0.10092920353982306
0 0.47221958925750396 0.5501517067003793 0.028120063191153167 0.10475347661188371
0 0.46450236966824643 0.7837420986093553 0.014541864139020602 0.0995701643489254
0 0.22229067930489732 0.18286346396965866 0.028925750394944712 0.10494310998735776
0 0.3176382306477093 0.5570670037926675 0.020244865718799365 0.09883059418457643
0 0.05652448657187994 0.6691719342604299 0.02925750394944707 0.1020417193426042
0 0.1628988941548183 0.6681795195954487 0.02699842022116904 0.10457016434892531
0 0.3139336492890995 0.3076801517067004 0.023120063191153225 0.10845764854614408
0 0.06473933649289099 0.7871934260429835 0.025458135860979454 0.10111251580278131
0 0.7736729857819905 0.6652212389380532 0.020734597156398103 0.10185208596713029
0 0.4799289099526067 0.051624525916561324 0.011895734597156355 0.09852085967130216
0 0.4512401263823065 0.6721302149178255 0.03818325434439172 0.10092920353982306
0 0.46851500789889416 0.43064475347661185 0.027906793048973085 0.10771807838179524
0 0.13643759873617692 0.6691719342604299 0.018830963665086867 0.10512642225031602
0 0.09424170616113745 0.6686725663716814 0.01826224328593997 0.10512642225031602
0 0.8693206951026856 0.894361567635904 0.018475513428119962 0.09506321112515795
0 0.07364928909952606 0.18372945638432367 0.015774091627172197 0.10383059418457648
0 0.6702211690363349 0.04898862199747155 0.02132701421800948 0.0979772439949431
0 0.0841390205371248 0.18150442477876105 0.018973143759873627 0.1034576485461441
0 0.8366192733017378 0.5575600505689001 0.021714060031595404 0.09000000000000007
0 0.8538941548183254 0.8933691529709229 0.020963665086887805 0.09407711757269274
0 0.9026461295418642 0.04998735777496839 0.020015797788309753 0.09883059418457649
0 0.7995892575039494 0.5580530973451328 0.018902053712480122 0.08999999999999993
0 0.2579304897314376 0.18212389380530974 0.019194312796208497 0.10419721871049306
0 0.5157266982622433 0.30940581542351453 0.01613744075829389 0.1022250316055626
0 0.5626224328593996 0.04958912768647283 0.015829383886255894 0.09864096080910241
0 0.11429699842022116 0.8963337547408344 0.023214849921011048 0.08271807838179528
0 0.852045813586098 0.5570670037926675 0.020497630331753412 0.08950695322376732
0 0.8699368088467614 0.5570670037926675 0.022559241706161096 0.08950695322376732
0 0.015347551342812005 0.30298988621997475 0.019194312796208528 0.11648546144121363
0 0.6268009478672986 0.05140960809102402 0.01677725118483413 0.09814791403286979
0 0.5811374407582939 0.051011378002528446 0.016082148499210032 0.09957016434892542
0 0.43285939968404424 0.05025284450063211 0.01263823064770932 0.10050568900126422
0 0.6434676145339653 0.05070164348925411 0.01664296998420216 0.09938685208596712
0 0.5446287519747235 0.0493046776232617 0.015007898894154818 0.0986093552465234
0 0.7551579778830964 0.7847281921618205 0.022290679304897337 0.09728824273072051
0 0.4611137440758294 0.05171934260429835 0.012503949447077351 0.09901390644753476
0 0.8508135860979463 0.7822566371681415 0.039067930489731464 0.10166877370417203
0 0.10003159557661927 0.18150442477876105 0.015000000000000006 0.10024652338811633
0 0.7131990521327014 0.7812705436156764 0.024684044233807267 0.10419721871049314
0 0.6098341232227488 0.04998735777496839 0.017432859399683993 0.09957016434892542
0 0.33965244865718797 0.05056890012642225 0.023696682464454975 0.1011378002528445
0 0.9007977883096367 0.5565739570164349 0.01818325434439177 0.09030973451327427
0 0.8341469194312796 0.8938621997471554 0.0204186413902053 0.09049304677623253
0 0.868088467614534 0.43632743362831855 0.020576619273301882 0.09209860935524655
0 0.5203554502369668 0.053723135271807845 0.012085308056872001 0.09623893805309734
0 0.1321958925750395 0.8958407079646018 0.01853870458135863 0.07950695322376751
0 0.5955766192733017 0.049620733249051835 0.014218009478672985 0.09924146649810367
0 0.19915481832543444 0.1965676359039191 0.02454976303317539 0.07895069532237672
0 0.31192733017377566 0.7837420986093553 0.040884676145339645 0.10129582806573957
0 0.7366429699842022 0.7857142857142857 0.020173775671405974 0.09679519595448806
0 0.6693838862559243 0.5541024020227561 0.015955766192733055 0.09555625790139069
0 0.6570379146919431 0.4348419721871049 0.024257503949447107 0.09543615676359041
0 0.8174881516587679 0.5585524652338811 0.02281200631911541 0.09049304677623267
0 0.8859873617693523 0.8953476611883692 0.019344391785149906 0.08321112515802773
0 0.6564218009478673 0.5531163084702908 0.019494470774091676 0.09765486725663718
0 0.4512401263823065 0.1690328697850822 0.024028436018957402 0.12179519595448796
0 0.194218009478673 0.8923830594184576 0.026690363349131094 0.08870417193426039
0 0.4749921011058452 0.16989886219974715 0.023254344391785194 0.12432364096080914
0 0.5302290679304897 0.05393805309734513 0.012361769352290752 0.09178887484197219
0 0.9901263823064771 0.5549936788874842 0.019747235387045814 0.08723135271807839
0 0.44321484992101107 0.051504424778761076 0.011895734597156355 0.10043615676359038
0 0.5931674565560822 0.7812705436156764 0.023214849921011138 0.10080278128950683
0 0.14731437598736177 0.8948546144121365 0.020015797788309617 0.07938685208596723
0 0.7619510268562402 0.5560809102402023 0.029368088467614583 0.0912958280657396
0 0.6817219589257504 0.6716371681415929 0.024162717219589194 0.09543615676359041
0 0.6298894154818326 0.5526232616940582 0.024162717219589194 0.09747155499367892
0 0.5922432859399683 0.6706510745891276 0.018902053712480302 0.0952465233881162
0 0.4048183254344392 0.05120101137800253 0.022906793048973143 0.10240202275600506
0 0.36334913112164297 0.05056890012642225 0.023696682464454975 0.1011378002528445
0 0.6570379146919431 0.05070164348925409 0.013886255924170558 0.09765486725663718
0 0.18878357030015797 0.05088495575221239 0.020537124802527645 0.10176991150442478
0 0.04071090047393365 0.30249683944374206 0.02128751974723539 0.11629582806573958
0 0.6122985781990521 0.5526232616940582 0.020734597156398103 0.09883059418457643
0 0.3842812006319115 0.05088495575221239 0.02448657187993681 0.10176991150442478
0 0.6804897314375987 0.5570670037926675 0.015537124802527703 0.0919152970922883
0 0.4218009478672986 0.05088495575221239 0.014218009478672985 0.10176991150442478
0 0.9211611374407583 0.05008217446270545 0.023214849921010958 0.09852085967130216
0 0.9285624012638231 0.786700379266751 0.017172195892574866 0.09987989886219989
0 0.5172669826224329 0.1719974715549937 0.018120063191153283 0.11648546144121363
0 0.8822827804107425 0.7827496839443742 0.032606635071090205 0.10438685208596706
0 0.017772511848341232 0.049620733249051835 0.035545023696682464 0.09924146649810367
0 0.22507109004739337 0.891890012642225 0.05418641390205373 0.09191529709228816
0 0.16627172195892576 0.0493046776232617 0.02448657187993681 0.0986093552465234
0 0.5123301737756715 0.05224399494310999 0.008230647709320752 0.10006321112515804
0 0.12625592417061612 0.7847281921618205 0.06128751974723537 0.10327433628318591
0 0.8094628751974723 0.18125790139064477 0.05939968404423367 0.1034576485461441
0 0.39199842022116904 0.8681858407079647 0.04308056872037912 0.04762326169405825
0 0.21958925750394945 0.0493046776232617 0.02527646129541864 0.0986093552465234
0 0.1713823064770932 0.19915929203539823 0.0394391785150079 0.0709860935524652
0 0.9106714060031597 0.1811314791403287 0.033436018957345916 0.1051264222503161
0 0.7335624012638231 0.18199747155499368 0.07026856240126385 0.10327433628318584
0 0.1291864139020537 0.1813843236409608 0.02838862559241706 0.10006321112515808
0 0.6243364928909952 0.6696649810366625 0.0687677725118483 0.09191529709228816
0 0.9932859399684044 0.3147914032869785 0.013428120063191154 0.09355246523388117
0 0.2707345971563981 0.06440581542351453 0.08801737756714065 0.07740834386852087
0 0.6996208530805688 0.4360809102402023 0.07200631911532392 0.09407711757269274
0 0.5262164296998421 0.4420037926675095 0.033633491311216374 0.08426042983565105
0 0.7057898894154818 0.5486725663716814 0.06687993680884682 0.08302781289506947
0 0.1409873617693523 0.4412642225031606 0.07454976303317536 0.09555625790139069
0 0.9842022116903634 0.6630847029077117 0.0315955766192733 0.08091024020227561
0 0.5944075829383886 0.44151074589127687 0.032606635071090025 0.08438685208596713
0 0.9849921011058452 0.7831858407079646 0.030015797788309637 0.09987357774968394