0 0.590625 0.465625 0.428125 0.03046875
0 0.49609375 0.58671875 0.35078125 0.03125
0 0.24765625 0.65078125 0.35234375 0.034375
0 0.159375 0.7859375 0.31796875 0.03828125
0 0.1375 0.50234375 0.275 0.03046875
0 0.46640625 0.43828125 0.309375 0.03203125
0 0.32109375 0.365625 0.3234375 0.02890625
0 0.51328125 0.33828125 0.321875 0.02109375
0 0.8546875 0.43046875 0.2890625 0.02265625
0 0.64140625 0.559375 0.3390625 0.021875
0 0.4234375 0.66796875 0.33125 0.02578125
0 0.53046875 0.79375 0.3375 0.0328125
0 0.52578125 0.85390625 0.30234375 0.03515625
0 0.15703125 0.853125 0.3140625 0.040625
0 0.45859375 0.49453125 0.33125 0.0296875
0 0.471875 0.13515625 0.340625 0.02578125
0 0.20234375 0.009375 0.31015625 0.01875
0 0.1234375 0.03125 0.246875 0.03046875
0 0.36015625 0.19609375 0.33671875 0.02109375
0 0.559375 0.921875 0.34453125 0.0359375
0 0.16875 0.96796875 0.3375 0.0203125
0 0.25546875 0.60625 0.33125 0.02578125
0 0.8546875 0.49140625 0.275 0.03359375
0 0.7578125 0.153125 0.32890625 0.01875
0 0.53046875 0.30234375 0.32734375 0.0171875
0 0.52890625 0.38203125 0.31953125 0.02421875
0 0.75625 0.28125 0.2859375 0.0171875