0 0.9857954545454546 0.5872340425531914 0.028409090909090908 0.2297872340425532
0 0.665440340909091 0.6055531914893617 0.05298295454545448 0.2558085106382979
0 0.9277414772727273 0.5887340425531915 0.07343750000000006 0.2490531914893616
0 0.6545596590909091 0.22832978723404254 0.04749999999999992 0.28434042553191485
0 0.7855255681818182 0.22770212765957445 0.05259943181818178 0.28307446808510633
0 0.39089488636363634 0.6162553191489362 0.0726278409090909 0.29785106382978727
0 0.756278409090909 0.5979042553191489 0.13149147727272717 0.26421276595744697
0 0.8515340909090909 0.22884042553191491 0.05617897727272721 0.2797553191489362
0 0.5769886363636364 0.6142127659574468 0.06285511363636363 0.26370212765957435
0 0.6916335227272729 0.22693617021276594 0.04869318181818178 0.2835851063829788
0 0.6215482954545455 0.6101382978723404 0.05238636363636363 0.2569574468085106
0 0.6174715909090909 0.22438297872340424 0.048778409090909136 0.28358510638297874
0 0.9786931818181818 0.2377659574468085 0.04261363636363636 0.26276595744680853
0 0.8202272727272728 0.22719148936170214 0.05123579545454537 0.2789893617021277
0 0.8944034090909091 0.23101063829787238 0.0817329545454545 0.27593617021276595
0 0.5667755681818182 0.22297872340425534 0.0539204545454546 0.29096808510638295
0 0.4371590909090909 0.6096276595744681 0.10197443181818176 0.2932659574468086
0 0.016335227272727272 0.1819148936170213 0.032670454545454544 0.3638297872340426
0 0.5099715909090908 0.6075851063829787 0.08785511363636367 0.2848510638297872
0 0.0390625 0.1803191489361702 0.07244318181818182 0.3606382978723404
0 0.7413068181818182 0.2247659574468085 0.06569602272727272 0.2917340425531915
0 0.21313920454545457 0.6187978723404255 0.0921164772727273 0.34473404255319146
0 0.3354403409090909 0.19992553191489362 0.06345170454545457 0.3279148936170213
0 0.2777840909090909 0.2088404255319149 0.0820738636363636 0.3156808510638298
0 0.13353693181818185 0.6254255319148936 0.10325284090909091 0.35339361702127664
0 0.7443181818181818 0.8856382978723404 0.11363636363636363 0.22872340425531915
0 0.2020880681818182 0.19190425531914893 0.09781250000000002 0.34422340425531905
0 0.3820596590909091 0.20158510638297875 0.05230113636363643 0.32205319148936173
0 0.5211931818181819 0.21444680851063827 0.04583806818181815 0.3003936170212766
0 0.8773863636363636 0.5866914893617021 0.09126420454545454 0.2602659574468086
0 0.4674431818181818 0.21011702127659573 0.05987215909090906 0.3100744680851064
0 0.42117897727272724 0.20348936170212764 0.04348011363636366 0.32179787234042556