0 0.579269340974212 0.2498817204301075 0.06995702005730665 0.3623440860215054
0 0.7995558739255014 0.24962365591397848 0.08775071633237823 0.3664623655913978
0 0.07383954154727794 0.23262365591397846 0.08616045845272208 0.3891290322580645
0 0.6194126074498567 0.2488494623655914 0.06892550143266478 0.3651720430107527
0 0.13200573065902577 0.23391397849462367 0.0583810888252149 0.36363440860215046
0 0.4427077363896848 0.2480752688172043 0.08505730659025788 0.3744516129032258
0 0.9464183381088825 0.2576021505376344 0.0863323782234957 0.34122580645161293
0 0.380945558739255 0.24833333333333332 0.06352435530085965 0.3705806451612903
0 0.3025358166189111 0.24833333333333332 0.07574498567335244 0.3705806451612903
0 0.8860315186246419 0.22 0.08904011461318065 0.41925806451612907
0 0.025071633237822348 0.24408602150537634 0.050143266475644696 0.3634408602150538
0 0.7515186246418337 0.2493655913978495 0.0711174785100288 0.3641505376344086
0 0.1846704871060172 0.24755913978494626 0.09032951289398282 0.36543010752688176
0 0.700730659025788 0.2521935483870968 0.092220630372493 0.36363440860215046