0 0.40091032608695654 0.5590825688073395 0.02627717391304352 0.10876656472986752
0 0.5336684782608695 0.5620081549439349 0.03421195652173906 0.09332313965341484
0 0.2715489130434783 0.562986748216106 0.03361413043478262 0.10895005096839964
0 0.6160054347826087 0.4338328236493374 0.025937500000000044 0.09753312945973491
0 0.4877853260869565 0.4367686034658512 0.03262228260869564 0.09552497451580023
0 0.3533967391304348 0.5600611620795106 0.03021739130434784 0.10797145769622836
0 0.5681657608695653 0.5615188583078492 0.036684782608695655 0.09369011213047913
0 0.20793478260869563 0.2956574923547401 0.03146739130434786 0.10632008154943932
0 0.6042934782608695 0.5605504587155963 0.03607336956521733 0.09387359836901119
0 0.299375 0.5615188583078492 0.026331521739130427 0.10821610601427117
0 0.16514945652173912 0.2949235474006116 0.03951086956521741 0.11101936799184503
0 0.4253125 0.5585932721712539 0.02794836956521746 0.10858307849133535
0 0.37357336956521736 0.4365239551478084 0.02599184782608695 0.10143730886850152
0 0.33028532608695654 0.6850560652395514 0.030625000000000027 0.09967380224260955
0 0.5727173913043478 0.43481141692150865 0.023165760869565157 0.095158002038736
0 0.18759510869565216 0.4235881753312946 0.04096467391304347 0.12317023445463816
0 0.4096875 0.6840774719673802 0.024157608695652137 0.09722731906218132
0 0.3996059782608696 0.43530071355759425 0.021195652173913074 0.10143730886850152
0 0.6387771739130435 0.43359836901121307 0.026331521739130427 0.09301732925586137
0 0.6309646739130435 0.5624974515800203 0.020720108695652172 0.08929663608562688
0 0.18775815217391303 0.5605504587155963 0.025937499999999968 0.11694189602446486
0 0.5928940217391304 0.4350560652395515 0.019483695652173956 0.09600407747196733
0 0.2201358695652174 0.4289500509683996 0.029755434782608666 0.11938837920489297
0 0.43019021739130436 0.6850560652395514 0.02565217391304347 0.09875637104994914
0 0.3066983695652174 0.6850560652395514 0.029429347826086992 0.09979612640163109
0 0.7497418478260869 0.5610397553516819 0.02135869565217395 0.08758409785932723
0 0.23722826086956522 0.687013251783894 0.026032608695652208 0.10412844036697257
0 0.37877717391304344 0.5576146788990826 0.026032608695652132 0.105769622833843
0 0.6589538043478261 0.43530071355759425 0.0197826086956521 0.09039755351681963
0 0.28440217391304345 0.6845667686034658 0.0261413043478261 0.10107033639143741
0 0.26358695652173914 0.29907237512742096 0.02569293478260873 0.10143730886850152
0 0.4490625 0.6850560652395514 0.02664402173913045 0.0968603465851172
0 0.7549456521739131 0.4350560652395515 0.023505434782608633 0.08758409785932718
0 0.2818070652173913 0.4328644240570846 0.030095108695652142 0.10992864424057087
0 0.4506929347826087 0.3078593272171254 0.016562500000000074 0.0789194699286442
0 0.3262228260869565 0.29980632008154945 0.018967391304347797 0.097533129459735
0 0.7927038043478261 0.4355453618756371 0.02119565217391292 0.08539245667686032
0 0.16970108695652175 0.5605504587155963 0.025896739130434786 0.11718654434250768
0 0.5466847826086957 0.4355453618756371 0.028206521739130422 0.09185524974515802
0 0.3091440217391304 0.43164118246687055 0.025489130434782598 0.11163098878695209
0 0.30898097826086957 0.30102956167176353 0.01955163043478259 0.0968603465851172
0 0.3817119565217391 0.3078593272171254 0.020163043478260912 0.08063200815494395
0 0.45004076086956524 0.5620081549439349 0.024565217391304402 0.09949031600407744
0 0.5177309782608696 0.43627930682976557 0.0283695652173913 0.09387359836901124
0 0.5050407608695652 0.30737003058103973 0.0175543478260869 0.0793476044852192
0 0.8109239130434783 0.5615188583078492 0.02111413043478256 0.09039755351681963
0 0.24535326086956524 0.2985830784913354 0.017894021739130458 0.0968603465851172
0 0.2930298913043478 0.30102956167176353 0.016440217391304378 0.09637104994903159
0 0.3355027173913044 0.4367686034658512 0.018111413043478238 0.10088685015290523
0 0.6169836956521739 0.679683995922528 0.025733695652173986 0.09320081549439355
0 0.15994565217391304 0.42773700305810397 0.025788043478260855 0.1179816513761468
0 0.43410326086956524 0.30737003058103973 0.020163043478260912 0.07922528032619779
0 0.458179347826087 0.4365239551478084 0.02987771739130436 0.09667686034658515
0 0.7757744565217392 0.4357900101936799 0.020394021739130422 0.08599388379204895
0 0.7816304347826086 0.5624974515800203 0.021698369565217427 0.08880733944954124
0 0.21379076086956522 0.5605504587155963 0.03663043478260867 0.10931702344546382
0 0.4279211956521739 0.43627930682976557 0.02783967391304349 0.0968603465851172
0 0.6007065217391304 0.6811518858307849 0.02032608695652179 0.09203873598369007
0 0.26179347826086957 0.6855453618756371 0.02783967391304349 0.10449541284403668
0 0.5209782608695652 0.6826197757390418 0.023980978260869534 0.0951580020387359
0 0.4916983695652174 0.30737003058103973 0.018247282608695584 0.0789194699286442
0 0.1833695652173913 0.6875025484199797 0.028437500000000008 0.10376146788990823
0 0.3973233695652174 0.3081039755351682 0.018111413043478318 0.07806320081549444
0 0.6820652173913043 0.4355453618756371 0.024198369565217318 0.09399592252803265
0 0.6807608695652174 0.5615188583078492 0.021195652173913074 0.08758409785932723
0 0.7634103260869566 0.3032212028542304 0.028274456521739055 0.08020387359836896
0 0.8336956521739131 0.43481141692150865 0.018600543478260945 0.0828236493374108
0 0.3465625 0.30150866462793063 0.02369565217391308 0.09618756371049951
0 0.5372554347826087 0.3078593272171254 0.020095108695652123 0.07922528032619779
0 0.5206521739130434 0.30712538226299696 0.02177989130434779 0.0789194699286442
0 0.6469157608695653 0.5615188583078492 0.015584239130434819 0.08691131498470947
0 0.4737907608695652 0.5610397553516819 0.028763586956521682 0.09967380224260955
0 0.34949728260869567 0.43481141692150865 0.01955163043478259 0.1001630988786952
0 0.5021059782608696 0.5610397553516819 0.032499999999999946 0.09704383282364938
0 0.7445380434782609 0.3032212028542304 0.020475543478260784 0.0793476044852192
0 0.3252445652173913 0.5595718654434252 0.030625000000000027 0.10613659531090719
0 0.24633152173913045 0.43164118246687055 0.029524456521739156 0.11517838939857289
0 0.6374728260869565 0.6801732925586137 0.02664402173913045 0.09350662589194701
0 0.47770380434782606 0.30834862385321105 0.017486413043478265 0.07861365953109073
0 0.707445652173913 0.30444444444444446 0.024239130434782576 0.07904179408766561
0 0.7035326086956522 0.5624974515800203 0.023342391304347836 0.0885015290519877
0 0.6612364130434782 0.5644546381243629 0.022459239130434745 0.0885015290519877
0 0.5043885869565218 0.6811518858307849 0.02135869565217395 0.09569826707441398
0 0.5567798913043479 0.6816411824668706 0.029429347826086912 0.09600407747196744
0 0.6338994565217392 0.3061569826707441 0.020394021739130422 0.07861365953109073
0 0.7972554347826086 0.5664016309887869 0.0197826086956521 0.09552497451580023
0 0.3670652173913044 0.3078593272171254 0.016562500000000074 0.08361875637104992
0 0.8174320652173913 0.4357900101936799 0.019266304347826172 0.08374108053007133
0 0.7979076086956521 0.3051783893985729 0.020883152173912897 0.07305810397553512
0 0.568491847826087 0.30737003058103973 0.021195652173913074 0.07977573904179408
0 0.4646875 0.30761467889908256 0.01728260869565221 0.07794087665647302
0 0.6768478260869566 0.3063914373088685 0.019864130434782613 0.07683995922528032
0 0.8265353260869566 0.5664016309887869 0.018315217391304373 0.08416921508664621
0 0.6059103260869565 0.3063914373088685 0.020163043478260912 0.08063200815494395
0 0.7927038043478261 0.6826197757390418 0.021535326086956397 0.0855759429153925
0 0.7276222826086957 0.7998063200815495 0.02485054347826082 0.09271151885830789
0 0.8577853260869566 0.43701325178389394 0.01816576086956507 0.08478083588175327
0 0.5375815217391304 0.6835983690112131 0.02221467391304351 0.09534148827726807
0 0.480625 0.6826197757390418 0.03292119565217394 0.09534148827726807
0 0.7093885869565217 0.4340774719673802 0.014374999999999902 0.086605504587156
0 0.7185054347826088 0.6831090723751274 0.020951086956521838 0.08496432212028533
0 0.3693342391304348 0.6840774719673802 0.023505434782608633 0.09667686034658503
0 0.6905163043478261 0.30493374108053006 0.01940217391304344 0.0782466870540265
0 0.28099184782608694 0.29980632008154945 0.01425271739130436 0.09600407747196742
0 0.7282744565217392 0.3039551478083588 0.022214673913043353 0.08050968399592255
0 0.20533967391304347 0.6855453618756371 0.024565217391304326 0.10247706422018346
0 0.6840081521739131 0.6816411824668706 0.02324728260869567 0.09136595310907249
0 0.647241847826087 0.3051783893985729 0.01940217391304344 0.08063200815494395
0 0.7028804347826088 0.8007849133537207 0.021942934782608742 0.09075433231396532
0 0.850625 0.679683995922528 0.0266440217391303 0.09075433231396532
0 0.8421603260869566 0.3085932721712538 0.018668478260869578 0.06243628950050968
0 0.846711956521739 0.5654332313965342 0.017826086956521593 0.07806320081549432
0 0.6983288043478261 0.4355453618756371 0.01595108695652175 0.08911314984709476
0 0.7445380434782609 0.6821304791029561 0.020095108695652123 0.08478083588175339
0 0.7842391304347827 0.3054230377166157 0.01970108695652174 0.07122324159021408
0 0.6622146739130435 0.3032212028542304 0.0197826086956521 0.08178389398572887
0 0.8148233695652174 0.3059123343527014 0.02210597826086954 0.07238532110091742
0 0.2435733695652174 0.562986748216106 0.030339673913043458 0.10778797145769624
0 0.23023097826086955 0.29882772680937814 0.017554347826086978 0.09704383282364935
0 0.835 0.8017533129459735 0.020013586956521764 0.08929663608562682
0 0.4148913043478261 0.3059123343527014 0.0205570652173913 0.08063200815494395
0 0.3524184782608696 0.6831090723751274 0.018967391304347835 0.0968603465851172
0 0.22209239130434782 0.6855453618756371 0.016752717391304326 0.10211009174311934
0 0.5535190217391304 0.3061569826707441 0.01762228260869569 0.07861365953109073
0 0.6517934782608696 0.803710499490316 0.01728260869565221 0.08361875637104992
0 0.8278396739130435 0.3051783893985729 0.02016304347826076 0.0687869520897044