0 0.620733695652174 0.08990217391304348 0.563654891304348 0.0466304347826087
0 0.2197282608695652 0.22717391304347825 0.22506793478260875 0.028489130434782586
0 0.6347690217391304 0.13158695652173913 0.5697690217391305 0.046543478260869554
0 0.640258152173913 0.3923369565217391 0.590203804347826 0.04941304347826091
0 0.633546195652174 0.17480434782608695 0.5938722826086957 0.04147826086956518
0 0.6366032608695652 0.5375978260869565 0.601195652173913 0.03781521739130431
0 0.6573505434782608 0.5971630434782609 0.6219429347826086 0.04492391304347818
0 0.6408695652173914 0.43383695652173915 0.5841032608695652 0.04009782608695651
0 0.6341576086956522 0.21630434782608696 0.6170652173913045 0.0429673913043478
0 0.6573505434782608 0.6430652173913044 0.6243885869565219 0.041782608695652236
0 0.22445652173913042 0.2629347826086957 0.22125000000000003 0.03881521739130433
0 0.25619565217391305 0.43896739130434786 0.22658967391304347 0.028869565217391244
0 0.6573505434782608 0.7119130434782609 0.6378124999999999 0.0423260869565218
0 0.2282744565217391 0.2980978260869565 0.2169836956521739 0.029249999999999967
0 0.6341576086956522 0.872554347826087 0.642703804347826 0.035673913043478195
0 0.6610054347826086 0.6762717391304347 0.6219429347826086 0.0385434782608696
0 0.633546195652174 0.8398478260869565 0.6317119565217391 0.04467391304347816
0 0.635991847826087 0.2607391304347826 0.6256114130434781 0.040923913043478234
0 0.6445380434782608 0.7460978260869565 0.6292663043478262 0.041228260869565284
0 0.6323233695652174 0.9106413043478261 0.6329347826086955 0.031206521739130473
0 0.2456657608695652 0.414304347826087 0.22735054347826092 0.0188804347826087
0 0.060407608695652176 0.24963043478260868 0.12081521739130435 0.05309782608695655
0 0.65125 0.7978478260869565 0.6353804347826086 0.03775000000000002
0 0.6378125000000001 0.4731413043478261 0.5889945652173914 0.0459565217391304
0 0.2540625 0.6342826086956521 0.21591032608695648 0.031206521739130473
0 0.2502445652173913 0.5854456521739131 0.21179347826086956 0.023956521739130394
0 0.2267391304347826 0.32006521739130434 0.21453804347826083 0.02328260869565213
0 0.6341576086956522 0.5078152173913043 0.5877717391304348 0.028554347826086936
0 0.23101902173913044 0.3469239130434783 0.21835597826086953 0.03781521739130431
0 0.24245923913043477 0.3864782608695652 0.22735054347826092 0.03460869565217395
0 0.06565217391304348 0.3605978260869565 0.13130434782608696 0.048489130434782625
0 0.24703804347826086 0.46655434782608696 0.2183559782608696 0.02225000000000003