0 0.9831378299120235 0.5616740088105727 0.03372434017595308 0.23788546255506607
0 0.6502492668621701 0.5806387665198238 0.054692082111436884 0.26482378854625555
0 0.9210117302052786 0.563226872246696 0.0758064516129033 0.25783039647577083
0 0.6390175953079179 0.19012114537444932 0.04903225806451604 0.2943612334801762
0 0.774208211143695 0.18947136563876651 0.05429618768328442 0.2930506607929515
0 0.3668475073313783 0.5917180616740088 0.07497067448680352 0.3083480176211454
0 0.7440175953079178 0.5727202643171806 0.13573313782991192 0.27352422907489
0 0.8423460410557185 0.19064977973568284 0.057991202346040986 0.28961453744493393
0 0.5589442815249267 0.5896035242290749 0.06488269794721407 0.27299559471365625
0 0.6772873900293256 0.1886784140969163 0.050263929618768285 0.29357929515418507
0 0.6049413489736071 0.5853854625550661 0.054076246334310844 0.2660132158590308
0 0.600733137829912 0.1860352422907489 0.050351906158357815 0.293579295154185
0 0.9758064516129032 0.1998898678414097 0.04838709677419355 0.2720264317180617
0 0.8100293255131965 0.18894273127753305 0.05288856304985328 0.2888215859030837
0 0.8865982404692082 0.19289647577092514 0.0843695014662756 0.28566079295154184
0 0.5484017595307917 0.18458149779735686 0.055659824046920874 0.30122246696035243
0 0.4146041055718475 0.5848568281938326 0.10526392961876828 0.30360132158590314
0 0.48976539589442813 0.5827422907488987 0.09068914956011734 0.2948898678414097
0 0.020527859237536656 0.16354625550660792 0.04105571847507331 0.32709251101321585
0 0.7285630498533724 0.18643171806167397 0.06781524926686217 0.30201541850220265
0 0.1833577712609971 0.5943502202643172 0.09508797653958947 0.35688325991189424
0 0.3086510263929619 0.16519823788546256 0.06598240469208211 0.3303964757709251
0 0.2500879765395895 0.16994493392070484 0.08472140762463339 0.3268061674008811
0 0.1011876832844575 0.6012114537444934 0.10658357771260997 0.36584801762114544
0 0.7316715542521994 0.876101321585903 0.11730205278592376 0.24779735682819384
0 0.17082111436950145 0.16519823788546256 0.10117302052785923 0.3303964757709251
0 0.35703812316715544 0.16409691629955947 0.054252199413489736 0.32819383259911894
0 0.5013489736070381 0.1757488986784141 0.04731671554252197 0.31098017621145374
0 0.869032258064516 0.5611123348017621 0.09420821114369501 0.26943832599118955
0 0.4458651026392962 0.17126651982378854 0.061803519061583545 0.32100220264317186
0 0.3973607038123167 0.16519823788546256 0.04398826979472141 0.3303964757709251