0 0.4036277173913043 0.5405263157894736 0.039551630434782624 0.13501111934766485
0 0.9674592391304347 0.7153298739807264 0.03683423913043465 0.14318754633061526
0 0.23873641304347828 0.5654262416604893 0.2962364130434783 0.019014084507042322
0 0.04949728260869565 0.5366197183098591 0.03910326086956522 0.13989621942179395
0 0.12019021739130434 0.3701186063750927 0.2370516304347826 0.017879911045218685
0 0.4564266304347826 0.1682134914751668 0.2763179347826087 0.019911045218680513
0 0.8390217391304348 0.1864047442550037 0.29377717391304353 0.02157894736842104
0 0.1251766304347826 0.3911119347664937 0.24455163043478262 0.022979985174203115
0 0.4403260869565217 0.9453150481838399 0.2731929347826087 0.025804299481097068
0 0.8251494565217391 0.5214825796886583 0.30205163043478256 0.016923647146034046
0 0.837241847826087 0.5605485544848036 0.30853260869565213 0.01950333580429944
0 0.45016304347826086 0.151119347664937 0.26870923913043476 0.01724240177909562
0 0.8533423913043477 0.1322016308376575 0.2678125000000002 0.023654558932542643
0 0.838125 0.5878873239436619 0.3110054347826087 0.031141586360266857
0 0.2376086956521739 0.5419940696812453 0.2942119565217391 0.028873239436619753
0 0.11903532608695652 0.34570051890289105 0.2380570652173913 0.015129725722757574
0 0.43517663043478266 0.8955077835433655 0.2814673913043478 0.017575982209043762
0 0.43697010869565217 0.9184581171237954 0.2696059782608696 0.029251297257227603
0 0.36179347826086955 0.736819866567828 0.2904211956521739 0.02157894736842098
0 0.8430570652173913 0.16943661971830987 0.2928804347826086 0.01584136397331357
0 0.36536684782608697 0.7543958487768716 0.2895244565217392 0.015537435137138563
0 0.8086005434782608 0.9467753891771683 0.31614130434782617 0.0199110452186806
0 0.8086005434782608 0.9672868791697553 0.3165896739130435 0.02865826538176416
0 0.8063586956521739 0.9262713120830245 0.3170380434782608 0.026456634544106787
0 0.10152173913043479 0.9083988139362491 0.039673913043478254 0.14126019273535947
0 0.05548913043478261 0.8955077835433655 0.056861413043478255 0.17529280948850987
0 0.1529211956521739 0.9008821349147517 0.050570652173913044 0.15429948109710903
0 0.15101902173913045 0.14868050407709413 0.07115489130434784 0.11719051148999261
0 0.0791983695652174 0.1244477390659748 0.0825 0.16662713120830241
0 0.8703532608695653 0.7045885841363974 0.03850543478260859 0.1632097850259452
0 0.910625 0.7094736842105263 0.04460597826086947 0.15845070422535204
0 0.8336141304347826 0.8792068198665678 0.2869021739130435 0.024670126019273684
0 0.8251494565217391 0.8388658265381765 0.29466032608695647 0.01919199406968115
0 0.43070652173913043 0.8798813936249074 0.27319293478260864 0.01724240177909579
0 0.45217391304347826 0.19250555967383245 0.28414402173913045 0.013951074870274293
0 0.8193342391304348 0.8549814677538917 0.2917527173913044 0.02088954781319484
0 0.24141304347826087 0.5888658265381764 0.30004076086956527 0.03424017790956268
0 0.8457336956521739 0.15234247590808006 0.2819157608695652 0.02479614529280948
0 0.8242527173913043 0.5073239436619719 0.29959239130434784 0.01843587842846545
0 0.37073369565217396 0.7744106745737583 0.29288043478260867 0.030563380281690155
0 0.23335597826086957 0.5209933283914011 0.29332880434782604 0.017516679021497488
0 0.46672554347826084 0.3979466271312083 0.30004076086956527 0.01292068198665683
0 0.3667119565217391 0.6953150481838399 0.2568478260869565 0.018124536693847327
0 0.2349320652173913 0.4990214974054855 0.2828125 0.031919940696812414
0 0.8264945652173913 0.5410155670867309 0.30808423913043476 0.021653076352853993
0 0.8269429347826087 0.4853521126760563 0.27811141304347836 0.02893254262416603
0 0.4546467391304348 0.20202372127501853 0.29377717391304353 0.01214232765011119
0 0.11959239130434782 0.33252038547071905 0.23918478260869563 0.014284655300222373
0 0.8332065217391305 0.8266567828020757 0.2870652173913043 0.019421793921423142
0 0.4650407608695652 0.3664936990363232 0.28052989130434786 0.010177909562639005
0 0.4617934782608696 0.38720533728687917 0.29510869565217396 0.012335063009636842
0 0.8394701086956522 0.8124981467753891 0.2709510869565218 0.018480355819125157
0 0.14620923913043476 0.31054855448480356 0.19487771739130436 0.013535952557449956
0 0.4564266304347826 0.3762194217939214 0.2810190217391305 0.014507042253521122
0 0.11835597826086956 0.3557153446997776 0.23671195652173913 0.013276501111934742
0 0.11980978260869567 0.32202372127501855 0.23604619565217394 0.01411415863602666
0 0.23380434782608694 0.47582653817642695 0.2776630434782609 0.016842105263157915
0 0.2373913043478261 0.44702001482579684 0.26379076086956527 0.016523350630096342
0 0.15997282608695654 0.0070348406226834696 0.2966847826086957 0.012483320978502594