0 0.6368644067796609 0.4649097065462755 0.04218926553672317 0.22295711060948079
0 0.47697740112994347 0.4575507900677201 0.036666666666666715 0.23550790067720098
0 0.7675706214689266 0.4676975169300226 0.03221751412429371 0.20762979683972915
0 0.35577683615819206 0.45274266365688487 0.0490536723163842 0.24818284424379244
0 0.5166242937853107 0.4585665914221219 0.043389830508474614 0.23259593679458243
0 0.435409604519774 0.45553047404063207 0.045564971751412414 0.2386794582392777
0 0.7244209039548022 0.46946952595936786 0.0513983050847459 0.216117381489842
0 0.4293785310734463 0.12979683972911965 0.07909604519774012 0.2595936794582393
0 0.8303813559322033 0.46084650112866815 0.04124293785310741 0.21256207674943572
0 0.7942090395480226 0.4654176072234763 0.03180790960451975 0.20572234762979683
0 0.5578672316384181 0.4626297968397291 0.046793785310734456 0.22879232505643346
0 0.24283898305084747 0.4438713318284424 0.048333333333333374 0.26593679458239267
0 0.31516949152542373 0.4474153498871333 0.04322033898305088 0.2593453724604966
0 0.6755649717514124 0.466941309255079 0.04108757062146897 0.21522573363431144
0 0.3967090395480226 0.4534988713318285 0.040225988700565 0.24159142212189624
0 0.8684463276836158 0.45882618510158013 0.04449152542372881 0.21650112866817148
0 0.28059322033898304 0.4441196388261851 0.03918079096045199 0.2631376975169299
0 0.9065254237288136 0.4562866817155756 0.04413841807909605 0.2144695259593679
0 0.7751836158192091 0.8175395033860046 0.048333333333333374 0.2628893905191874
0 0.6895197740112995 0.8251467268623025 0.05317796610169488 0.2710045146726861
0 0.5064689265536723 0.8454288939051918 0.054604519774011255 0.2623814898419865
0 0.5952966101694915 0.46135440180586906 0.04055084745762717 0.22295711060948079
0 0.8982768361581921 0.14890519187358917 0.0535734463276837 0.17200902934537243
0 0.5531073446327683 0.84441309255079 0.05278248587570622 0.2581941309255079
0 0.4646045197740113 0.8383295711060949 0.055918079096045244 0.29686230248306994
0 0.902542372881356 0.7804740406320542 0.19491525423728814 0.016930022573363433
0 0.7674152542372882 0.15472911963882618 0.02824858757062147 0.22367945823927765
0 0.2806073446327683 0.11279909706546275 0.24105932203389832 0.06081264108352144