0 0.8489675516224189 0.1225476839237057 0.035781710914454264 0.2263896457765667
0 0.34358407079646014 0.29817438692098097 0.26905604719764004 0.026525885558583144
0 0.9700737463126844 0.12108991825613079 0.038952802359882126 0.22745231607629426
0 0.6222418879056048 0.058119891008174385 0.24207964601769894 0.035926430517711175
0 0.10766961651917405 0.2963215258855586 0.2153392330383481 0.04223433242506812
0 0.7519616519174042 0.5510626702997276 0.049115044247787544 0.22745231607629435
0 0.9284660766961652 0.1178474114441417 0.045722713864306784 0.2356948228882834
0 0.6285545722713864 0.09814713896457766 0.25542772861356927 0.04287465940054496
0 0.6130678466076697 0.4879700272479564 0.23504424778761063 0.04254768392370575
0 0.1172566371681416 0.40735694822888285 0.2345132743362832 0.027247956403269755
0 0.11799410029498525 0.44686648501362397 0.2359882005899705 0.03814713896457766
0 0.1187315634218289 0.5197547683923706 0.2374631268436578 0.04495912806539509
0 0.12389380530973451 0.6123978201634878 0.24778761061946902 0.04495912806539509
0 0.12020648967551623 0.47888283378746593 0.24041297935103245 0.03678474114441417
0 0.11946902654867257 0.5667574931880109 0.23893805309734514 0.04632152588555858
0 0.3671091445427728 0.0736376021798365 0.2722123893805309 0.03362397820163489
0 0.11504424778761062 0.01907356948228883 0.23008849557522124 0.03814713896457766
0 0.1187315634218289 0.6505449591280654 0.2374631268436578 0.0340599455040872
0 0.373141592920354 0.6518119891008174 0.2598672566371682 0.040395095367847536
0 0.14684365781710915 0.8076839237057221 0.21207964601769907 0.03273841961852857
0 0.36631268436578174 0.47014986376021795 0.2507817109144542 0.04617166212534058
0 0.3479646017699115 0.36580381471389645 0.26022123893805305 0.026307901907356875
0 0.11799410029498525 0.16416893732970028 0.2359882005899705 0.0340599455040872
0 0.6067551622418879 0.3954632152588556 0.23907079646017687 0.038801089918256156
0 0.6176548672566371 0.5282697547683923 0.2320353982300884 0.04029972752043602
0 0.3475958702064897 0.34269754768392374 0.26417404129793515 0.027438692098092625
0 0.11651917404129794 0.1307901907356948 0.23303834808259588 0.035422343324250684
0 0.624542772861357 0.14122615803814714 0.250825958702065 0.037942779291553166
0 0.6205309734513275 0.5675068119891008 0.23361356932153374 0.04682561307901908
0 0.3708407079646018 0.5812942779291553 0.2590117994100295 0.03318801089918258
0 0.11209439528023599 0.05994550408719346 0.22418879056047197 0.03814713896457766
0 0.3665339233038348 0.16429155313351498 0.2625958702064896 0.032561307901907324
0 0.11504424778761062 0.09809264305177112 0.23008849557522124 0.035422343324250684
0 0.37026548672566373 0.6141553133514988 0.257433628318584 0.03546321525885555
0 0.3708407079646018 0.19570844686648503 0.26733038348082594 0.032629427792915514
0 0.36079646017699113 0.047057220708446874 0.2755162241887905 0.02899182561307902
0 0.598716814159292 0.7514850136239782 0.22026548672566376 0.028228882833787505
0 0.372566371681416 0.7912397820163487 0.2234218289085546 0.03029972752043598
0 0.6084660766961653 0.3723978201634877 0.23762536873156345 0.036117166212534045
0 0.5792035398230089 0.9291008174386921 0.2080678466076697 0.04777929155313343
0 0.6176548672566371 0.6072752043596731 0.2267256637168142 0.04145776566757502
0 0.6050294985250737 0.33952316076294276 0.23719764011799419 0.04016348773841964
0 0.6113421828908555 0.450858310626703 0.23318584070796447 0.04666212534059946
0 0.36510324483775813 0.10332425068119891 0.26733038348082594 0.022983651226158044
0 0.5860914454277286 0.8347275204359674 0.2143805309734512 0.03618528610354216
0 0.36280235988200593 0.4299182561307902 0.2637463126843657 0.03585831062670307
0 0.3705604719764012 0.7663215258855586 0.2260029498525074 0.02475476839237067
0 0.363377581120944 0.39572207084468664 0.26977876106194687 0.039863760217983636
0 0.1172566371681416 0.22752043596730245 0.2345132743362832 0.0326975476839237
0 0.14929203539823008 0.9031198910081744 0.19587020648967554 0.029564032697547746
0 0.6090412979351033 0.419850136239782 0.23907079646017704 0.02861035422343324