0 0.41936079545454547 0.3183253588516747 0.02465909090909093 0.11166666666666665
0 0.5336647727272728 0.44539872408293457 0.027045454545454494 0.10358054226475269
0 0.3953125 0.31704944178628386 0.026335227272727222 0.1112838915470495
0 0.48059659090909085 0.318835725677831 0.03917613636363642 0.11147527910685802
0 0.6588636363636363 0.16692982456140348 0.03826704545454553 0.11147527910685802
0 0.6230255681818182 0.16617224880382775 0.03609374999999995 0.11166666666666665
0 0.34859375000000004 0.3170494417862839 0.025326704545454604 0.11147527910685802
0 0.3755823863636364 0.5964035087719298 0.02542613636363633 0.10918660287081346
0 0.5667755681818182 0.8805980861244019 0.03940340909090911 0.10669856459330158
0 0.18700284090909092 0.44284688995215316 0.03316761363636367 0.10784688995215312
0 0.5590625 0.16527910685805422 0.030710227272727278 0.11109250398724078
0 0.8584375000000001 0.1685885167464115 0.034190340909090816 0.11262360446570974
0 0.5196022727272728 0.31934609250398727 0.03240056818181811 0.11185805422647527
0 0.3102698863636364 0.4448883572567783 0.02562500000000003 0.1054306220095694
0 0.2764772727272727 0.15840510366826155 0.038948863636363656 0.11803030303030303
0 0.1640909090909091 0.44208931419457737 0.03671875000000003 0.10880382775119622
0 0.3045880681818182 0.31552631578947377 0.02643465909090911 0.11307017543859646
0 0.5295880681818181 0.16464114832535884 0.031917613636363674 0.11204944178628388
0 0.8144460227272727 0.31934609250398716 0.037286931818181816 0.11440191387559812
0 0.7473153409090909 0.16655502392344498 0.03526988636363626 0.11070972886762363
0 0.21069602272727275 0.44284688995215316 0.03424715909090911 0.10956140350877201
0 0.7341619318181819 0.3188357256778309 0.03649147727272735 0.11090111642743225
0 0.6865340909090909 0.3190909090909091 0.028991477272727228 0.10918660287081346
0 0.5540767045454545 0.31934609250398716 0.033025568181818184 0.11262360446570974
0 0.7636363636363637 0.3196012759170654 0.0347301136363637 0.11090111642743217
0 0.14367897727272727 0.4408133971291866 0.03393465909090907 0.11307017543859646
0 0.6352698863636363 0.882639553429027 0.03671875000000003 0.10669856459330158
0 0.32681818181818184 0.31730462519936203 0.024275568181818145 0.11185805422647527
0 0.6992329545454545 0.7400318979266348 0.03265625000000001 0.11663476874003208
0 0.5708522727272727 0.7410526315789473 0.03600852272727276 0.11580542264752774
0 0.5894602272727273 0.16413078149920254 0.03575284090909085 0.11185805422647527
0 0.71828125 0.16566188197767145 0.032031249999999935 0.11070972886762363
0 0.28576704545454545 0.4456539074960128 0.031065340909090914 0.10746411483253587
0 0.6066903409090909 0.5943700159489633 0.04017045454545451 0.11109250398724078
0 0.5758522727272727 0.5969138755980861 0.04181818181818189 0.10822966507177036
0 0.24676136363636364 0.44641945773524716 0.05086647727272728 0.1054306220095694
0 0.5323011363636364 0.8811084529505583 0.03228693181818185 0.10300637958532702
0 0.5005539772727272 0.5953907496012759 0.04377840909090916 0.1112838915470494
0 0.63390625 0.3190909090909091 0.029204545454545375 0.1112838915470494
0 0.4520170454545455 0.7461403508771929 0.029545454545454482 0.10803827751196174
0 0.4747017045454545 0.7415629984051038 0.027159090909090914 0.11523125996810207
0 0.4583664772727273 0.5969138755980861 0.03757102272727279 0.11185805422647527
0 0.6252982954545454 0.4441228070175438 0.031917613636363674 0.10580542264752796
0 0.7078409090909091 0.32061403508771935 0.02991477272727265 0.11204944178628388
0 0.7609232954545455 0.5938596491228071 0.03826704545454553 0.1112838915470494
0 0.34019886363636365 0.5969138755980861 0.045099431818181816 0.11465709728867621
0 0.6915198863636363 0.1659170653907496 0.03154829545454551 0.10994417862838916
0 0.5790198863636363 0.44590909090909087 0.028991477272727228 0.10358054226475287
0 0.43886363636363634 0.3180701754385965 0.02080965909090906 0.11185805422647527
0 0.20434659090909094 0.5959011164274323 0.03835227272727273 0.12133971291866036
0 0.8412073863636365 0.3196012759170654 0.03742897727272714 0.11682615629984051
0 0.6003409090909091 0.7420653907496012 0.03595170454545447 0.11523125996810207
0 0.11964488636363636 0.14248803827751197 0.04269886363636364 0.14438596491228076
0 0.6779119318181818 0.7410526315789473 0.03291193181818176 0.11382775119617244
0 0.4327414772727272 0.44539872408293457 0.02274147727272726 0.10319776714513564
0 0.5372869318181818 0.7430861244019139 0.03742897727272731 0.11625199362041465
0 0.4492897727272727 0.4436124401913875 0.021633522727272755 0.10504784688995217
0 0.3975852272727272 0.5964035087719298 0.025923295454545456 0.11070972886762355
0 0.8298721590909092 0.16692982456140348 0.03328125000000009 0.11503987240829346
0 0.3211505681818182 0.7441068580542265 0.03362215909090911 0.11968899521531094
0 0.35630681818181814 0.44539872408293457 0.03498579545454545 0.10338915470494425
0 0.5010085227272727 0.8785645933014354 0.03757102272727279 0.09753588516746407
0 0.6692897727272727 0.5953907496012759 0.03757102272727279 0.11147527910685802
0 0.3293181818181818 0.4441228070175438 0.025724431818181837 0.11070972886762355
0 0.7327982954545454 0.5948803827751197 0.039090909090909065 0.10899521531100484
0 0.2730681818181818 0.31527113237639554 0.03265625000000001 0.11262360446570974
0 0.20196022727272728 0.1423604465709729 0.039176136363636344 0.14005582137161085
0 0.4824005681818182 0.44284688995215316 0.022926136363636343 0.10561403508771934
0 0.7863210227272728 0.32011164274322174 0.03857954545454557 0.1132535885167464
0 0.7813352272727272 0.8780542264752791 0.03143465909090925 0.11109250398724078
0 0.21931818181818183 0.3122169059011164 0.03129261363636368 0.11542264752791069
0 0.3191051136363636 0.1596730462519936 0.033025568181818184 0.1174561403508772
0 0.6085085227272727 0.3203588516746412 0.028551136363636397 0.11344497607655502
0 0.6593181818181818 0.32011164274322174 0.028664772727272657 0.11147527910685802
0 0.4098295454545454 0.44386762360446574 0.02274147727272726 0.1044736842105263
0 0.8266903409090909 0.4436124401913875 0.046065340909091 0.1044736842105263
0 0.648877840909091 0.4469218500797449 0.032031249999999935 0.10338915470494425
0 0.16477272727272727 0.30788676236044654 0.03203125000000002 0.12325358851674646
0 0.24630681818181818 0.3142503987240829 0.027897727272727255 0.11262360446570974
0 0.465625 0.16362041467304625 0.03080965909090917 0.11344497607655502
0 0.6774573863636364 0.4456539074960128 0.03742897727272731 0.10141945773524726
0 0.3898721590909091 0.4451435406698565 0.024758522727272657 0.10192185007974477
0 0.7953977272727273 0.44386762360446574 0.03963068181818195 0.10504784688995217
0 0.4343181818181818 0.16209728867623602 0.030255681818181755 0.11401913875598088
0 0.7845028409090908 0.5933492822966506 0.041249999999999946 0.11440191387559812
0 0.5019176136363637 0.44386762360446574 0.02465909090909093 0.10103668261563002
0 0.49828125 0.16413078149920254 0.027258522727272805 0.1122408293460925
0 0.4245738636363636 0.7420653907496012 0.03600852272727276 0.11783891547049441
0 0.6520596590909091 0.7410526315789473 0.03478693181818183 0.11440191387559812
0 0.7346164772727272 0.7400318979266348 0.042301136363636326 0.12013556618819785
0 0.5064488636363637 0.7395215311004786 0.03686079545454552 0.11644338118022327
0 0.7060369318181817 0.444377990430622 0.0356676136363635 0.10650717703349277
0 0.6275568181818182 0.7410526315789473 0.037002840909090846 0.11421052631578932
0 0.8049147727272726 0.1670574162679426 0.03595170454545447 0.11440191387559812
0 0.6411647727272727 0.5948803827751197 0.03316761363636367 0.1093700159489634
0 0.2349715909090909 0.5964035087719298 0.041022727272727266 0.11847687400318974
0 0.1925568181818182 0.3109409888357257 0.02920454545454546 0.11828548644338122
0 0.13517045454545454 0.3078867623604465 0.039687499999999994 0.12496810207336526
0 0.6974147727272727 0.5969138755980861 0.036775568181818326 0.10994417862838907
0 0.7150994318181817 0.8811084529505583 0.028110795454545402 0.1059330143540671
0 0.26694602272727275 0.745127591706539 0.03473011363636362 0.11561403508771931
0 0.29279829545454544 0.7435964912280701 0.03328125000000001 0.11663476874003172
0 0.5409232954545454 0.5953907496012759 0.037343749999999946 0.10842105263157897
0 0.4259375 0.5948803827751197 0.032031249999999935 0.11344497607655502
0 0.3549431818181818 0.16107655502392346 0.03586647727272727 0.11644338118022327
0 0.17055397727272725 0.7466507177033492 0.03977272727272727 0.12477671451355646
0 0.5822017045454545 0.32011164274322174 0.027045454545454494 0.11307017543859646
0 0.8022017045454546 0.8785645933014354 0.03154829545454551 0.1124322169059013
0 0.5558948863636364 0.444377990430622 0.027159090909090914 0.10523923444976079
0 0.7649999999999999 0.8811084529505583 0.029204545454545375 0.10899521531100466
0 0.30890625 0.5964035087719298 0.02419034090909095 0.11606060606060603
0 0.23927556818181817 0.1433811802232855 0.040227272727272716 0.1413317384370016