0 0.793655589123867 0.44079365079365074 0.2324471299093654 0.032176870748299315
0 0.8103021148036254 0.1415532879818594 0.25885196374622343 0.02821995464852606
0 0.793655589123867 0.49239229024943315 0.22972809667673705 0.031156462585034034
0 0.568987915407855 0.3685600907029478 0.2261178247734138 0.02943310657596376
0 0.5718882175226586 0.3935487528344671 0.2244864048338369 0.03163265306122447
0 0.27015105740181267 0.1813378684807256 0.2398640483383686 0.04673469387755105
0 0.793655589123867 0.466859410430839 0.22829305135951644 0.029263038548752774
0 0.5787613293051359 0.5610884353741497 0.20350453172205443 0.02732426303854865
0 0.7676132930513595 0.8494671201814059 0.20586102719033228 0.03411564625850331
0 0.588882175226586 0.6148526077097505 0.21616314199395772 0.02903628117913821
0 0.256404833836858 0.30882086167800454 0.2568731117824773 0.03624716553287985
0 0.8225981873111782 0.037891156462585035 0.2686253776435044 0.03425170068027212
0 0.32279456193353473 0.724013605442177 0.19862537764350455 0.028764172335600784
0 0.800166163141994 0.19857142857142857 0.2469184290030212 0.02569160997732429
0 0.800166163141994 0.3435827664399093 0.2422205438066464 0.023945578231292522
0 0.31211480362537763 0.6458049886621315 0.20765861027190335 0.02615646258503394
0 0.7958308157099698 0.21785714285714286 0.24419939577039287 0.022142857142857176
0 0.7676132930513595 0.8749886621315193 0.20477341389728088 0.03323129251700674
0 0.26418429003021143 0.1300113378684807 0.23823262839879158 0.036995464852607705
0 0.2674320241691843 0.07427437641723357 0.26681268882175224 0.03821995464852609
0 0.57404833836858 0.44513605442176873 0.21725075528700896 0.026904761904761924
0 0.7965558912386708 0.6691609977324263 0.23407854984894266 0.03597505668934242
0 0.7972809667673715 0.23876417233560088 0.2438368580060424 0.029603174603174617
0 0.3021752265861027 0.5860657596371882 0.20622356495468283 0.03750566893424028
0 0.6576283987915408 0.179297052154195 0.050649546827794524 0.19687074829931972
0 0.2723262839879154 0.10883219954648526 0.26771903323262836 0.04222222222222223
0 0.5820090634441087 0.6637301587301587 0.22087613293051364 0.03267573696145117
0 0.5783987915407854 0.791904761904762 0.19971299093655595 0.030612244897959183
0 0.8081268882175227 0.17114512471655327 0.25848942598187297 0.03549886621315193
0 0.2583081570996979 0.012471655328798186 0.2598187311178248 0.024943310657596373
0 0.25549848942598186 0.3354308390022676 0.25632930513595176 0.03316326530612245
0 0.8139123867069485 0.10719954648526078 0.2655438066465256 0.043922902494331076
0 0.7965558912386708 0.5719501133786848 0.23444108761329313 0.03431972789115644
0 0.824773413897281 0.07210884353741497 0.25759818731117823 0.035634920634920644
0 0.8008912386706949 0.3023015873015873 0.24619335347432028 0.02561224489795922
0 0.258036253776435 0.031031746031746035 0.2660876132930513 0.031213151927437642
0 0.28299093655589125 0.4253174603174603 0.21255287009063442 0.024376417233560092
0 0.2723262839879154 0.24337868480725627 0.23407854984894258 0.027120181405895644
0 0.7762839879154079 0.7555102040816327 0.21400302114803638 0.03192743764172345
0 0.3007250755287009 0.556201814058957 0.20929003021148038 0.03392290249433115
0 0.5834592145015106 0.7370521541950114 0.20314199395770396 0.04191609977324266
0 0.27684290030211484 0.40359410430839004 0.22158610271903323 0.029535147392290198
0 0.793655589123867 0.5947619047619048 0.22972809667673705 0.03482993197278915
0 0.5154380664652568 0.22328798185941043 0.16569486404833844 0.02318594104308389
0 0.5154380664652568 0.16028344671201813 0.1659667673716012 0.018310657596371856
0 0.4079909365558912 0.24744897959183673 0.063534743202417 0.2039342403628118
0 0.5801963746223564 0.5127551020408163 0.20765861027190335 0.025997732426303797
0 0.31483383685800603 0.6811111111111111 0.19898791540785493 0.024795918367346816
0 0.7929305135951661 0.5170975056689342 0.22521148036253763 0.030510204081632616
0 0.7972809667673715 0.6306009070294786 0.23099697885196385 0.03367346938775515
0 0.29240181268882176 0.4983560090702948 0.2038670694864049 0.028049886621315204
0 0.5841842900302116 0.5920408163265306 0.21870090634441083 0.029535147392290198
0 0.5787613293051359 0.4760997732426304 0.21327794561933544 0.028004535147392342
0 0.2970996978851964 0.5290476190476191 0.20892749244713 0.038424036281179255
0 0.8194864048338368 0.007936507936507936 0.2794561933534743 0.015873015873015872
0 0.32948640483383684 0.7853854875283447 0.19102719033232635 0.03431972789115644
0 0.5744108761329305 0.4217800453514739 0.2215861027190333 0.03180272108843532
0 0.5776737160120846 0.4937414965986395 0.21110271903323263 0.026643990929705215
0 0.7965558912386708 0.3973469387755102 0.23678247734138974 0.025555555555555515
0 0.6167371601208459 0.17454648526077096 0.040407854984894256 0.1930725623582766
0 0.7987160120845922 0.3625850340136055 0.24294561933534733 0.029206349206349198
0 0.8030664652567976 0.321859410430839 0.24818731117824766 0.02736961451247164
0 0.5194259818731118 0.171281179138322 0.16832326283987925 0.020941043083900258
0 0.5801963746223564 0.5415419501133787 0.20477341389728104 0.0262018140589568
0 0.26815709969788515 0.15091836734693878 0.2458308157099698 0.03290249433106574
0 0.2855287009063444 0.4464965986394558 0.20874622356495467 0.024081632653061236
0 0.258036253776435 0.3691043083900227 0.2563293051359516 0.04795918367346934
0 0.328036253776435 0.7582312925170068 0.1926435045317221 0.027267573696145072
0 0.5161631419939577 0.19219954648526077 0.16768882175226585 0.022879818594104318
0 0.2650906344410876 0.04963718820861678 0.2682628398791541 0.03463718820861679
0 0.28842900302114804 0.4709297052154195 0.20892749244713 0.030034013605442188
0 0.7712235649546827 0.8011337868480726 0.20314199395770396 0.030510204081632745
0 0.27051359516616313 0.26971655328798183 0.22611782477341388 0.04613378684807262