0 0.365914153125 0.38234007812500004 0.917187934375 0.4650802875 0.9254698375 0.4357160578125 0.3645893265625 0.3532695828125 0.365914153125 0.38234007812500004
0 0 0.2952089234375 0.334110209375 0.336920365625 0.5713167046875001 0.2869281984375 0.2161693734375 0.2496579640625 0 0.289472915625 0 0.2952089234375
0 0 0.3102690890625 0.32880974531249996 0.3540150125 0.33079814375 0.336920365625 0 0.29434225468749997 0 0.3102690890625
0 0.35655104375 0.43629765000000004 0.9452529000000001 0.5515848562500001 0.9577900234375001 0.4876684078125 0.3609118328125 0.384786553125 0.35655104375 0.43629765000000004
0 0.3282053359375 0.4976207578125 0.901646171875 0.6239451703125 0.9278097453124999 0.5689451703125 0.341287703125 0.4485620109375 0.3282053359375 0.4976207578125
0 0.39143735468749996 0.56507571875 0.9081867750000001 0.7085704953125 0.916908353125 0.6701573109375001 0.38707656562500004 0.536866840625 0.39143735468749996 0.56507571875
0 0.380534803125 0.6067748046875 0.899465196875 0.7625345953125 0.897829465625 0.7100293734374999 0.3827157765625 0.56875456875 0.380534803125 0.6067748046875
0 0.3739942 0.6276246734375001 0.9408921109374999 0.7993283296875 0.9305359624999999 0.7713701046875 0.3739942 0.605548303125 0.3739942 0.6276246734375001
0 0.363091646875 0.671777415625 0.9038259859375 0.8545189296875 0.9196334109375 0.81277545625 0.363091646875 0.6362101828125 0.363091646875 0.671777415625
0 0 0.37013908125 0.3312169375 0.43117101875 0.3251995359375 0.41076305468749996 0 0.35180869062500003 0 0.37013908125
0 0 0.397647578125 0.330013921875 0.46366383750000006 0.3312169375 0.43361684062499994 0 0.3756891421875 0 0.397647578125
0 0.0147099765625 0.41966318593749996 0.3264037125 0.49006462187500005 0.3267041765625 0.46831984374999996 0.017116009374999998 0.4040933421875 0.0147099765625 0.41966318593749996
0 0.017116009374999998 0.433878590625 0.3251995359375 0.535419059375 0.3251995359375 0.5106409921874999 0.013505800000000002 0.41763250625000004 0.017116009374999998 0.433878590625
0 0.008692575 0.469756528125 0.338438515625 0.563850521875 0.3251995359375 0.540265665625 0.0062853828124999995 0.448094646875 0.008692575 0.469756528125
0 0.0062853828124999995 0.47923368125000004 0.0110986078125 0.4934490859375 0.34445475625 0.59025130625 0.3372343390625 0.57243015625 0.0062853828124999995 0.47923368125000004
0 0.02193039375 0.49615731093750004 0.02193039375 0.5117265015625 0.351676334375 0.613266971875 0.3462598609375 0.5969758484375001 0.02193039375 0.49615731093750004
0 0.7218491874999999 0.294744778125 0.7398573078124999 0.299176240625 0.772778421875 0.0923302875 0.7488619484375 0.0921560046875 0.7218491874999999 0.294744778125
0 0.7668689093750001 0.30044255937500003 0.7938816703125 0.30424086093749997 0.8389013921874999 0.0844138375 0.797257540625 0.08455874687500001 0.7668689093750001 0.30044255937500003
0 0.8512819031250001 0.3099386421875 0.8827958234375 0.3131037859375 0.9359756375 0.0883720625 0.8951763343750001 0.08835770312499999 0.8512819031250001 0.3099386421875
0 0.888423434375 0.3131037859375 0.9390707656249999 0.318169059375 0.9978781906249999 0.0859973890625 0.9480742453125 0.085825065625 0.888423434375 0.3131037859375
0 0.636312065625 0.2827160578125 0.676829465625 0.2903126625 0.702435034375 0.083622715625 0.6554454749999999 0.08202676249999999 0.636312065625 0.2827160578125
0 0.60367169375 0.2801834203125 0.6284327140625 0.28334856406250003 0.6447529000000001 0.0852056140625 0.6149269140625 0.08519190625 0.60367169375 0.2801834203125