0 0.7315217391304347 0.44116207951070335 0.20907608695652166 0.028929663608562688
0 0.7464945652173912 0.1721202854230377 0.23282608695652168 0.025372069317023432
0 0.7315217391304347 0.4875535168195719 0.20663043478260867 0.028012232415902158
0 0.5294429347826087 0.37621814475025483 0.20338315217391295 0.026462793068297692
0 0.5320516304347825 0.3986850152905199 0.20191576086956523 0.02844036697247704
0 0.26065217391304346 0.20788990825688072 0.2157472826086957 0.04201834862385324
0 0.7315217391304347 0.4645973496432212 0.2053396739130434 0.02630988786952084
0 0.5382336956521739 0.5493170234454638 0.1830434782608696 0.02456676860346576
0 0.7080978260869565 0.8085932721712539 0.18516304347826082 0.030672782874617655
0 0.5473369565217391 0.5976554536187563 0.19442934782608698 0.026106014271151785
0 0.2482880434782609 0.32250764525993886 0.23104619565217388 0.03258919469928647
0 0.7575543478260869 0.07891946992864424 0.24161684782608694 0.030795107033639153
0 0.30800271739130436 0.6958002038735984 0.17865489130434783 0.02586136595310896
0 0.7373777173913044 0.22338430173292556 0.22209239130434788 0.023098878695208994
0 0.7373777173913044 0.35376146788990825 0.21786684782608692 0.02152905198776759
0 0.2983967391304348 0.6254841997961265 0.18677989130434786 0.02351681957186538
0 0.7334782608695652 0.24072375127421 0.2196467391304348 0.019908256880733975
0 0.7080978260869565 0.831539245667686 0.18418478260869559 0.029877675840978536
0 0.2552853260869565 0.16174311926605503 0.21427989130434788 0.03326197757390417
0 0.25820652173913045 0.1116309887869521 0.23998641304347829 0.03436289500509685
0 0.5339945652173913 0.44506625891946994 0.19540760869565207 0.0241896024464832
0 0.7341304347826088 0.6464831804281346 0.2105434782608696 0.03234454638124365
0 0.7347826086956522 0.2595208970438328 0.21932065217391306 0.026615698267074397
0 0.28945652173913045 0.5717737003058103 0.18548913043478266 0.03372069317023438
0 0.6091711956521739 0.20605504587155962 0.045557065217391265 0.1770030581039755
0 0.26260869565217393 0.1427013251783894 0.24080163043478256 0.0379612640163099
0 0.5411548913043479 0.6416004077471967 0.1986684782608696 0.02937818552497445
0 0.5379076086956521 0.7568399592252804 0.1796331521739131 0.027522935779816515
0 0.7445380434782609 0.19872579001019366 0.23249999999999993 0.03191641182466871
0 0.250570652173913 0.0517533129459735 0.23429347826086958 0.03180428134556575
0 0.2474728260869565 0.34643221202854235 0.23055706521739133 0.02981651376146789
0 0.7497418478260869 0.14123343527013252 0.23884510869565212 0.03949031600407748
0 0.7341304347826088 0.5590825688073395 0.21086956521739136 0.03085626911314983
0 0.7595108695652174 0.10968399592252803 0.23169836956521736 0.03203873598369012
0 0.7380298913043479 0.31664627930682976 0.22144021739130437 0.023027522935779848
0 0.2497554347826087 0.07275229357798166 0.23933423913043475 0.028063200815494394
0 0.27220108695652173 0.42724770642201837 0.19118206521739128 0.021916411824668705
0 0.26260869565217393 0.2636697247706422 0.21054347826086953 0.024383282364933728
0 0.7158967391304347 0.724118246687054 0.19248641304347827 0.028705402650356864
0 0.2881521739130435 0.5449235474006117 0.18824728260869567 0.03049949031600415
0 0.5424592391304348 0.7075229357798165 0.18271739130434786 0.03768603465851175
0 0.26667119565217395 0.4077166156982671 0.1993070652173913 0.026554536187563663
0 0.7315217391304347 0.579592252803262 0.20663043478260867 0.03131498470948015
0 0.48127717391304353 0.24560652395514782 0.1490353260869566 0.020846075433231383
0 0.48127717391304353 0.18896024464831804 0.14927989130434782 0.01646279306829763
0 0.38463315217391303 0.26732925586136597 0.057146739130434866 0.18335372069317024
0 0.5395244565217391 0.505861365953109 0.18677989130434786 0.023374108053007086
0 0.3008423913043478 0.6572273190621815 0.1789809782608695 0.022293577981651266
0 0.7308695652173912 0.5097655453618756 0.20256793478260865 0.027431192660550427
0 0.7347826086956522 0.6118144750254843 0.2077717391304348 0.030275229357798212
0 0.2806657608695652 0.49291539245667687 0.18336956521739137 0.025219164118246696
0 0.5431114130434783 0.5771457696228338 0.1967119565217391 0.026554536187563663
0 0.5382336956521739 0.4729051987767584 0.19183423913043485 0.02517838939857293
0 0.2848913043478261 0.5205096839959226 0.18792119565217397 0.03454638124362899
0 0.7549456521739131 0.040682976554536183 0.25138586956521736 0.03790010193679919
0 0.3140217391304348 0.7509785932721713 0.17182065217391304 0.03085626911314983
0 0.534320652173913 0.42406727828746177 0.1993070652173914 0.028593272171253778
0 0.5372554347826087 0.4887665647298675 0.18987771739130435 0.023955147808358817
0 0.7341304347826088 0.4020998980632008 0.21297554347826086 0.022976554536187528
0 0.572391304347826 0.20178389398572882 0.036345108695652176 0.17358817533129456
0 0.7360733695652174 0.3708460754332314 0.2185190217391304 0.026258919469928636
0 0.7399864130434782 0.334230377166157 0.22323369565217385 0.02460754332313964
0 0.4848641304347826 0.19884811416921508 0.15139945652173922 0.018827726809378213
0 0.5395244565217391 0.531743119266055 0.18418478260869572 0.0235575942915392
0 0.2588586956521739 0.18054026503567788 0.2211141304347826 0.02958205912334351
0 0.27448369565217395 0.446289500509684 0.18775815217391303 0.021651376146789
0 0.2497554347826087 0.3767074413863405 0.23055706521739125 0.043119266055045825
0 0.31271739130434784 0.7265647298674821 0.17327445652173917 0.02451580020387355
0 0.48192934782608693 0.21765545361875638 0.15082880434782608 0.02057084607543324
0 0.2561005434782609 0.08948012232415903 0.24129076086956527 0.031141692150866474
0 0.2770923913043478 0.46825688073394495 0.18792119565217397 0.027003058103975543
0 0.7113451086956522 0.7651376146788991 0.18271739130434786 0.02743119266055054
0 0.2609782608695652 0.2873496432212028 0.20338315217391303 0.04147808358817539