0 0.3204179104477612 0.6002386634844868 0.06486567164179101 0.29992840095465384
0 0.5917910447761194 0.6007756563245824 0.04671641791044769 0.2975178997613364
0 0.37723880597014925 0.5916587112171837 0.06549253731343282 0.29831742243436754
0 0.419820895522388 0.5905847255369928 0.06356716417910452 0.3039498806682578
0 0.5186567164179104 0.8794749403341289 0.058208955223880594 0.24105011933174225
0 0.632686567164179 0.5927326968973747 0.053716417910447775 0.3020644391408116
0 0.7131492537313433 0.25367541766109786 0.059671641791044804 0.2894749403341289
0 0.5113283582089552 0.2333054892601432 0.04826865671641796 0.321909307875895
0 0.5441940298507463 0.5889856801909309 0.05846268656716412 0.31038186157517916
0 0.5552537313432836 0.23356801909307878 0.04156716417910451 0.32217183770883057
0 0.2753731343283582 0.8776849642004774 0.06716417910447761 0.24463007159904535
0 0.3246268656716418 0.8794749403341289 0.06716417910447761 0.24105011933174225
0 0.4134328358208955 0.880071599045346 0.07164179104477612 0.2398568019093079
0 0.3043283582089552 0.2555489260143198 0.044582089552238816 0.29108591885441537
0 0.7775074626865671 0.2509904534606205 0.05737313432835829 0.286527446300716
0 0.6585074626865671 0.2520644391408115 0.058000000000000024 0.29349642004773274
0 0.46004477611940303 0.5911217183770883 0.07132835820895517 0.30046539379474935
0 0.7805970149253731 0.8776849642004774 0.07164179104477612 0.24463007159904535
0 0.6028507462686568 0.24804295942720767 0.06537313432835815 0.29992840095465395
0 0.4647313432835821 0.24616945107398572 0.05313432835820899 0.3082338902147972
0 0.7299104477611941 0.6055966587112172 0.050582089552238786 0.2905489260143198
0 0.6883432835820895 0.5889856801909309 0.06499999999999993 0.3117183770883055
0 0.40405970149253734 0.237326968973747 0.058208955223880594 0.3261933174224344
0 0.8284626865671643 0.2475059665871122 0.056283582089552295 0.2889379474940334
0 0.4664179104477612 0.8788782816229117 0.07313432835820896 0.24224343675417662
0 0.2144776119402985 0.25528639618138427 0.04991044776119403 0.2942959427207637
0 0.2590746268656717 0.2558233890214797 0.050582089552238786 0.29403341288782814
0 0.36343283582089553 0.8776849642004774 0.07014925373134329 0.24463007159904535
0 0.5009402985074627 0.5900477326968974 0.05250746268656709 0.2902744630071599
0 0.3470746268656717 0.23410501193317423 0.05392537313432835 0.33718377088305496
0 0.7667910447761194 0.5895226730310262 0.06511940298507479 0.29992840095465384
0 0.22761194029850745 0.8776849642004774 0.07014925373134329 0.24463007159904535
0 0.5649253731343283 0.8788782816229117 0.058208955223880594 0.24224343675417662
0 0.6694029850746268 0.8782816229116945 0.058208955223880594 0.24343675417661098