0 0.7918955223880598 0.4682935560859189 0.05028358208955232 0.24484486873508346
0 0.4469402985074627 0.13982100238663486 0.19426865671641785 0.21911694510739857
0 0.18243283582089553 0.15564439140811456 0.06088059701492536 0.1848090692124105
0 0.991044776119403 0.16885441527446302 0.01791044776119403 0.17064439140811455
0 0.07356716417910447 0.7979713603818617 0.05413432835820895 0.21817422434367534
0 0.8656417910447761 0.489200477326969 0.0352985074626867 0.19767303102625294
0 0.12108955223880596 0.7947613365155131 0.05220895522388058 0.2239379474940335
0 0.6430447761194029 0.1366109785202864 0.05535820895522393 0.22541766109785208
0 0.4315223880597015 0.7920763723150358 0.03920895522388057 0.22929594272076384
0 0.5397910447761194 0.46508353221957044 0.05011940298507469 0.2412291169451075
0 0.9219701492537313 0.15684964200477328 0.048895522388059685 0.18816229116945102
0 0.4020149253731344 0.49992840095465385 0.04285074626865677 0.1759665871121719
0 0.8710149253731344 0.15523866348448687 0.050955223880597166 0.18627684964200472
0 0.9648805970149255 0.16582338902147972 0.04425373134328372 0.1708711217183771
0 0.3130149253731343 0.15497613365155133 0.03456716417910451 0.1836038186157518
0 0.44861194029850743 0.5010023866348449 0.050582089552238786 0.17743436754176603
0 0.9045373134328357 0.4897374701670644 0.03964179104477604 0.1967303102625297
0 0.35507462686567165 0.4972434367541766 0.050119402985074606 0.17770883054892597
0 0.17338805970149254 0.7915393794749402 0.0588805970149254 0.23211217183770882
0 0.4925223880597015 0.4666945107398568 0.04171641791044783 0.23640811455847258
0 0.2536716417910448 0.15577565632458232 0.03228358208955223 0.18386634844868732
0 0.9420895522388061 0.49027446300715993 0.04140298507462688 0.19739856801909317
0 0.8321194029850746 0.49027446300715993 0.03558208955223868 0.1964677804295944
0 0.2845074626865672 0.15497613365155133 0.03202985074626863 0.1836038186157518
0 0.22953731343283582 0.7808233890214797 0.06465671641791043 0.24752983293556094
0 0.08170149253731344 0.4956324582338902 0.05737313432835821 0.17891408114558466
0 0.46771641791044777 0.7936873508353222 0.032641791044776124 0.2282219570405728
0 0.22031343283582092 0.4372076372315036 0.22259701492537312 0.044832935560859245
0 0.33865671641791045 0.15711217183770881 0.02376119402985077 0.18186157517899765
0 0.6051641791044776 0.7979713603818617 0.24974626865671648 0.04613365155131275
0 0.869 0.8070883054892601 0.17314925373134327 0.21535799522673035
0 0.2196417910447761 0.5653221957040573 0.21823880597014922 0.03873508353221961
0 0.22031343283582092 0.48063245823389017 0.21891044776119398 0.04459427207637232
0 0.2228358208955224 0.5202983293556086 0.2182388059701493 0.0390334128878282