0 0.5103012048192771 0.6755870967741936 0.035129087779690135 0.09967096774193564
0 0.5261015490533563 0.32830967741935485 0.020283993115318363 0.10729677419354836
0 0.27851118760757315 0.6710516129032259 0.022418244406196174 0.11422580645161302
0 0.6524956970740103 0.8414129032258065 0.043029259896729774 0.1349548387096773
0 0.19682444061962134 0.49085806451612907 0.02091222030981068 0.1138451612903226
0 0.5449225473321859 0.4956451612903226 0.037547332185886496 0.10937419354838708
0 0.5018932874354561 0.834858064516129 0.018485370051635128 0.10823870967741935
0 0.821592082616179 0.3015935483870968 0.039664371772805435 0.11787741935483874
0 0.8101635111876075 0.49261935483870967 0.05072289156626511 0.12285806451612907
0 0.6202237521514631 0.8509870967741935 0.02563683304647157 0.10975483870967735
0 0.30709122203098105 0.3204967741935484 0.01913941480206541 0.10729677419354836
0 0.25783993115318415 0.6710516129032259 0.02981067125645438 0.11743870967741948
0 0.2359896729776248 0.5037096774193548 0.014001721170395854 0.09469677419354837
0 0.5076075731497418 0.3298193548387097 0.0200430292598967 0.10654193548387089
0 0.2274182444061962 0.6740709677419354 0.02773666092943203 0.11970967741935495
0 0.48744406196213425 0.3421677419354839 0.02499999999999996 0.08341935483870964
0 0.34120481927710844 0.4936322580645161 0.021574870912220354 0.10843225806451609
0 0.21211703958691913 0.6755870967741936 0.025740103270223726 0.11989677419354848
0 0.601067125645439 0.32225806451612904 0.021325301204819253 0.10672903225806456
0 0.3691135972461274 0.4996774193548387 0.04113597246127363 0.09967096774193548
0 0.3230550774526678 0.4956451612903226 0.018709122203098113 0.10786451612903229
0 0.5819018932874355 0.32326451612903223 0.01711703958691919 0.10691612903225808
0 0.22304647160068847 0.30940645161290325 0.02642857142857146 0.11523225806451606
0 0.5735025817555938 0.49867096774193553 0.03649741824440627 0.10654193548387089