0 0.3226829268292683 0.354275 0.020234521575985036 0.07002499999999998
0 0.3353658536585366 0.47831874999999996 0.011388367729831131 0.06611874999999998
0 0.23767354596622892 0.34793125 0.03002814258911819 0.06753749999999997
0 0.16755159474671671 0.34668125000000005 0.016754221388367744 0.07574375000000004
0 0.11634146341463414 0.0869125 0.01774859287054408 0.06426874999999999
0 0.16956848030018762 0.2229 0.01939962476547843 0.07068125000000001
0 0.07955909943714821 0.21252500000000002 0.03064727954971859 0.07739375000000003
0 0.484437148217636 0.36230625000000005 0.019549718574108796 0.06841875000000001
0 0.20484052532833022 0.34887500000000005 0.02395872420262666 0.07653750000000002
0 0.0725046904315197 0.34130625000000003 0.021594746716697946 0.07739374999999998
0 0.07969981238273921 0.07891875000000001 0.036228893058161356 0.07355000000000002
0 0.31348968105065667 0.11340624999999999 0.017954971857410868 0.06210625
0 0.9183020637898687 0.5874 0.033968105065666075 0.07989374999999996
0 0.05276735459662289 0.2119125 0.021941838649155717 0.07653750000000002
0 0.02424953095684803 0.20336875 0.02982176360225141 0.08710000000000001
0 0.2790431519699812 0.23059375 0.018583489681050606 0.07134999999999998
0 0.6764446529080675 0.22985624999999998 0.052954971857410923 0.08361874999999998
0 0.9718011257035648 0.46655 0.01574108818011276 0.07989374999999996
0 0.3473827392120075 0.1126125 0.019549718574108848 0.07653749999999998
0 0.4891932457786117 0.1317125 0.03616322701688551 0.06866250000000002
0 0.09903377110694184 0.34228749999999997 0.01961538461538461 0.07696250000000003
0 0.021848030018761726 0.47485625 0.03128517823639776 0.07434375000000003
0 0.35691369606003753 0.23815625 0.04046904315196997 0.07452500000000001
0 0.3067073170731707 0.35400624999999997 0.017476547842401498 0.07434375000000003
0 0.9366228893058162 0.19458124999999998 0.017401500938086262 0.07763750000000001
0 0.8464727954971858 0.69921875 0.017814258911819897 0.08251875000000013
0 0.979859287054409 0.32421875 0.017073170731707145 0.08538749999999996
0 0.08853658536585365 0.93261875 0.01909943714821765 0.08465624999999989
0 0.21931519699812382 0.09979374999999999 0.021519699812382737 0.0678125
0 0.9512757973733583 0.3244625 0.02324577861163235 0.09125
0 0.045694183864915576 0.0775125 0.024709193245778614 0.06768749999999998
0 0.363874296435272 0.58203125 0.026088180112570306 0.06982500000000001
0 0.3307129455909944 0.11474375 0.014577861163226983 0.06598124999999999
0 0.02920262664165103 0.0748875 0.013536585365853658 0.065
0 0.5152157598499062 0.48193125000000003 0.029043151969981272 0.06683125000000004
0 0.8244934333958724 0.69921875 0.02434333958724207 0.08008125000000006
0 0.16526266416510318 0.09436249999999999 0.01830206378986866 0.06463750000000001
0 0.044249530956848034 0.33984375 0.024249530956848026 0.07611249999999999
0 0.017401500938086303 0.07263125 0.013227016885553472 0.06731875000000001
0 0.07305816135084427 0.9306625 0.017607879924953104 0.08758749999999992
0 0.010647279549718575 0.20861875000000002 0.01675422138836773 0.0703125
0 0.4422889305816135 0.12475625000000001 0.019165103189493386 0.07721249999999999
0 0.9813227016885553 0.04217500000000001 0.021435272045028056 0.0834375
0 0.7790525328330207 0.09399374999999999 0.020393996247654794 0.06890625
0 0.8134990619136961 0.58545 0.030684803001876208 0.07586875000000007
0 0.6445684803001877 0.6850562499999999 0.03630393996247659 0.07531875000000014
0 0.9849906191369606 0.7089875000000001 0.02279549718574126 0.08569375000000008
0 0.859671669793621 0.33764375 0.028058161350844355 0.07598749999999999
0 0.5797091932457786 0.8833 0.012101313320825601 0.07263125000000002