0 0.22074498567335246 0.598991935483871 0.04512893982808023 0.1213467741935484
0 0.705945558739255 0.598991935483871 0.03651862464183382 0.13962096774193558
0 0.45792263610315187 0.598991935483871 0.033739255014326584 0.14629838709677426
0 0.2582378223495702 0.5984919354838709 0.039340974212034356 0.1213467741935484
0 0.8845845272206304 0.602524193548387 0.062063037249283574 0.13243548387096776
0 0.49060171919770773 0.5995 0.03679083094555867 0.14440322580645157
0 0.6096848137535816 0.8913306451612903 0.06418338108882515 0.11145161290322567
0 0.6625214899713467 0.8948629032258065 0.060444126074498485 0.11303225806451601
0 0.1344412607449857 0.8852822580645161 0.048524355300859606 0.10786290322580645
0 0.5179083094555874 0.8908306451612904 0.04779369627507165 0.10994354838709672
0 0.4892550143266476 0.8908306451612904 0.04679083094555869 0.10994354838709672
0 0.40150429799426934 0.7456693548387097 0.027851002865329592 0.12430645161290331
0 0.312865329512894 0.8883064516129032 0.058094555873925514 0.11032258064516144
0 0.6732664756446991 0.5964758064516129 0.03534383954154722 0.13987096774193553
0 0.7936962750716332 0.8913306451612903 0.0605587392550143 0.11265322580645165
0 0.4339684813753582 0.7471774193548387 0.033438395415472826 0.12096774193548387
0 0.5519340974212035 0.8908306451612904 0.06161891117478509 0.11070161290322579
0 0.44001432664756446 0.8913306451612903 0.04714899713467044 0.11012903225806447
0 0.2613753581661891 0.26104032258064513 0.043853868194842424 0.15007258064516132
0 0.20116045845272207 0.4374516129032259 0.02893982808022921 0.13129838709677416
0 0.694756446991404 0.4417338709677419 0.031260744985673425 0.13306451612903225
0 0.86756446991404 0.26683870967741935 0.06782234957020046 0.13861290322580644
0 0.20865329512893982 0.8857903225806453 0.06491404011461319 0.10729838709677433
0 0.37607449856733527 0.9838709677419355 0.0329512893982808 0.03225806451612903
0 0.874727793696275 0.8923387096774194 0.06032951289398267 0.11088709677419355
0 0.9383954154727794 0.44233870967741934 0.12320916905444126 0.12661290322580646
0 0.7350429799426933 0.8913306451612903 0.05876790830945556 0.11227419354838694
0 0.22846704871060172 0.2597822580645161 0.03939828080229226 0.14755645161290326
0 0.3715042979942693 0.5576612903225806 0.1361031518624642 0.04681451612903222
0 0.2508452722063037 0.43820967741935485 0.02915472779369631 0.1304193548387097
0 0.9280085959885387 0.8908306451612904 0.05921203438395405 0.10994354838709672
0 0.6325214899713467 0.7497016129032258 0.04018624641833805 0.12033870967741937
0 0.4061604584527221 0.9850806451612903 0.03008595988538682 0.029838709677419355
0 0.6629656160458453 0.4354354838709678 0.04759312320916909 0.14704838709677412
0 0.17037249283667624 0.8832661290322581 0.058209169054441255 0.10804838709677421
0 0.3123209169054441 0.9834677419354839 0.03151862464183381 0.03306451612903226
0 0.2620487106017192 0.8817580645161291 0.05842406876790835 0.1045241935483872
0 0.36962750716332377 0.2739112903225806 0.16905444126074498 0.13331451612903222
0 0.5586532951289398 0.26960483870967744 0.15971346704871062 0.13407258064516128
0 0.34396848137535824 0.4389596774193548 0.15636103151862463 0.13445161290322583
0 0.7910171919770773 0.441483870967742 0.17706303724928354 0.13797580645161284
0 0.7932521489971347 0.7527258064516129 0.1535673352435531 0.13066935483870964
0 0.13813753581661892 0.7497016129032259 0.14763610315186243 0.13129838709677416
0 0.9613180515759312 0.2669354838709677 0.07736389684813753 0.13064516129032258
0 0.9369627507163324 0.6024193548387097 0.12607449856733524 0.13064516129032258
0 0.9419770773638968 0.760483870967742 0.11604584527220631 0.14193548387096774
0 0.6929656160458453 0.7497016129032258 0.06267908309455587 0.1213467741935484
0 0.9141260744985673 0.2685967741935484 0.05047277936962753 0.13722580645161286
0 0.014326647564469915 0.8778225806451613 0.02865329512893983 0.11048387096774194
0 0.28868194842406875 0.880241935483871 0.05293696275071631 0.09998387096774194
0 0.09292263610315186 0.8832661290322581 0.033438395415472784 0.10578225806451619
0 0.6925214899713467 0.8913306451612903 0.05942693409742123 0.11283870967741941
0 0.9398280802292264 0.9862903225806452 0.10028653295128939 0.027419354838709678
0 0.896676217765043 0.1819032258064516 0.14919770773638982 0.03934677419354836
0 0.13220630372492836 0.20055645161290322 0.1602865329512894 0.03389516129032256
0 0.3381518624641834 0.8893145161290322 0.054570200573065865 0.11227419354838694
0 0.22277936962750716 0.9826612903225806 0.0329512893982808 0.03467741935483871
0 0.06650429799426934 0.18619354838709676 0.07365329512893982 0.045427419354838745
0 0.01862464183381089 0.9814516129032258 0.03724928366762178 0.037096774193548385
0 0.8732091690544412 0.9870967741935484 0.03581661891117478 0.025806451612903226
0 0.25716332378223494 0.9834677419354839 0.03008595988538682 0.03306451612903226
0 0.25330945558739254 0.18001612903225805 0.06989971346704874 0.03270161290322582
0 0.17191977077363896 0.9826612903225806 0.034383954154727794 0.03467741935483871
0 0.2851002865329513 0.9834677419354839 0.02865329512893983 0.03306451612903226
0 0.3690401146131805 0.8883064516129032 0.052750716332378295 0.1124596774193547
0 0.6103151862464183 0.9862903225806452 0.04871060171919771 0.027419354838709678
0 0.8137535816618912 0.9866935483870968 0.03151862464183381 0.02661290322580645
0 0.10601719197707736 0.9822580645161291 0.034383954154727794 0.035483870967741936
0 0.45988538681948427 0.9854838709677419 0.04011461318051576 0.02903225806451613
0 0.75 0.9862903225806452 0.0329512893982808 0.027419354838709678
0 0.5623209169054442 0.9862903225806452 0.0329512893982808 0.027419354838709678
0 0.5372492836676218 0.9858870967741935 0.02865329512893983 0.028225806451612902
0 0.7836676217765043 0.9870967741935484 0.02865329512893983 0.025806451612903226
0 0.5143266475644699 0.9858870967741935 0.02865329512893983 0.028225806451612902
0 0.4297994269340974 0.9846774193548387 0.02865329512893983 0.03064516129032258
0 0.13896848137535817 0.9818548387096774 0.034383954154727794 0.036290322580645164
0 0.027936962750716332 0.11048387096774194 0.055873925501432664 0.05806451612903226