0 0.24520895522388061 0.040285285285285286 0.4434925373134328 0.046246246246246264
0 0.256044776119403 0.08132132132132132 0.4494925373134328 0.04094594594594596
0 0.2565820895522388 0.1719069069069069 0.4476119402985074 0.04590090090090089
0 0.7433582089552239 0.09177177177177177 0.4752388059701494 0.03588588588588589
0 0.25256716417910446 0.21696696696696696 0.446 0.039354354354354325
0 0.2571194029850746 0.5287237237237237 0.43473134328358204 0.04755255255255249
0 0.2522985074626865 0.33256756756756756 0.4366119402985074 0.03608108108108104
0 0.7417462686567164 0.12091591591591591 0.47255223880597036 0.042657657657657694
0 0.2581940298507463 0.25217717717717714 0.4398358208955225 0.032147147147147184
0 0.6961492537313432 0.7181231231231231 0.4068507462686566 0.05348348348348332
0 0.25525373134328355 0.1296846846846847 0.44331343283582086 0.04489489489489486
0 0.25765671641791044 0.6765615615615616 0.42749253731343295 0.0443843843843843
0 0.6999104477611942 0.6754954954954955 0.43152238805970133 0.04165165165165167
0 0.2528358208955224 0.5762012012012012 0.42749253731343284 0.052987987987987935
0 0.7299402985074626 0.3460660660660661 0.4559253731343284 0.039654654654654606
0 0.7487164179104477 0.17015015015015014 0.4658507462686569 0.03435435435435435
0 0.6977611940298507 0.8076876876876876 0.41435820895522374 0.0532882882882883
0 0.7481791044776119 0.21102102102102102 0.4570000000000001 0.045060060060060046
0 0.7417462686567164 0.3096396396396397 0.4559253731343284 0.04357357357357355
0 0.7122388059701493 0.4815015015015015 0.43473134328358204 0.06912912912912908
0 0.7009850746268657 0.8486936936936937 0.4154328358208954 0.052042042042042165
0 0.7031194029850747 0.642027027027027 0.43205970149253736 0.03861861861861866
0 0.729402985074627 0.4324024024024024 0.44331343283582086 0.03683183183183179
0 0.7492537313432835 0.27105105105105104 0.4599402985074628 0.03854354354354357
0 0.7310149253731343 0.0392942942942943 0.42534328358208956 0.06863363363363364
0 0.6999104477611942 0.7645195195195195 0.40925373134328363 0.047387387387387306
0 0.7106417910447761 0.8864714714714714 0.41435820895522407 0.04117117117117128
0 0.7079552238805971 0.95015015015015 0.41971641791044784 0.04195195195195203
0 0.261955223880597 0.8805405405405407 0.40871641791044766 0.03615615615615605
0 0.25765671641791044 0.7461711711711713 0.4167611940298508 0.04414414414414428
0 0.26114925373134334 0.9231681681681683 0.41382089552238804 0.05136636636636642
0 0.25256716417910446 0.3053153153153153 0.4409104477611941 0.02858858858858862
0 0.7465671641791045 0.24327327327327328 0.4642388059701492 0.030375375375375404
0 0.2598059701492537 0.7116366366366367 0.4258805970149254 0.03683183183183179
0 0.7299402985074626 0.40352852852852855 0.451089552238806 0.033453453453453415
0 0.25391044776119404 0.6188288288288288 0.42240298507462687 0.03499999999999992
0 0.2557910447761194 0.4825825825825826 0.4352686567164179 0.04633633633633635
0 0.7058059701492537 0.5610960960960961 0.43098507462686564 0.0562462462462463
0 0.250955223880597 0.3795195195195195 0.4352686567164179 0.05001501501501493
0 0.2606119402985075 0.7812462462462462 0.42588059701492526 0.04316816816816817
0 0.2549850746268657 0.4502102102102102 0.43473134328358204 0.03669669669669678
0 0.25552238805970146 0.642027027027027 0.42025373134328364 0.0363513513513514