0 0.6855686695278971 0.20297709923664123 0.3093669527896995 0.07366412213740457
0 0.6719420600858369 0.4720419847328245 0.29155579399141635 0.07314885496183214
0 0.36257510729613734 0.2037786259541985 0.29862660944206015 0.05753816793893125
0 0.6782296137339056 0.40099236641221375 0.2928648068669528 0.08124045801526716
0 0.3591738197424893 0.2605152671755725 0.2907725321888412 0.07851145038167937
0 0.666706008583691 0.7418129770992365 0.2792381974248927 0.07822519083969467
0 0.6661802575107296 0.5386641221374046 0.2999356223175965 0.0701717557251908
0 0.3646673819742489 0.1455534351145038 0.3025536480686695 0.07070610687022898
0 0.35837982832618026 0.44618320610687023 0.2970600858369099 0.08816793893129779
0 0.6797961373390559 0.126793893129771 0.3161802575107297 0.0862595419847328
0 0.6604184549356223 0.6845038167938932 0.26614806866952784 0.05998091603053426
0 0.6735085836909872 0.8615458015267176 0.2991523605150214 0.08200381679389318
0 0.6866094420600858 0.33599236641221375 0.2857939914163089 0.0663358778625954
0 0.6593669527896996 0.6006297709923665 0.3049141630901288 0.07956106870229018
0 0.6928969957081544 0.27076335877862595 0.3004613733905579 0.07337786259541983
0 0.35890557939914164 0.38141221374045803 0.28003218884120173 0.05809160305343511
0 0.32590128755364806 0.6327862595419848 0.2957403433476395 0.06580152671755729
0 0.6740343347639486 0.800973282442748 0.2931223175965666 0.06139312977099229
0 0.6787553648068669 0.9346946564885495 0.30753218884120187 0.07763358778625966
0 0.3541952789699571 0.5214312977099237 0.2957403433476395 0.08200381679389318
0 0.3358583690987124 0.8419847328244274 0.30124463519313305 0.09784351145038164
0 0.3426716738197425 0.7697519083969466 0.29836909871244627 0.07122137404580162
0 0.3686051502145923 0.3257442748091603 0.28290772532188835 0.0701717557251908
0 0.33375536480686696 0.5847900763358779 0.29993562231759663 0.05669847328244282
0 0.13795064377682403 0.7264312977099237 0.12743562231759656 0.5017938931297711