0 0.6227106227106227 0.9217032967032966 0.029304029304029304 0.1565934065934066
0 0.4423260073260073 0.6601923076923077 0.024743589743589728 0.21796703296703304
0 0.8562271062271062 0.07692307692307693 0.045787545787545784 0.15384615384615385
0 0.8644688644688645 0.9368131868131868 0.029304029304029304 0.12637362637362637
0 0.891941391941392 0.9381868131868132 0.029304029304029304 0.12362637362637363
0 0.8168498168498168 0.9368131868131868 0.029304029304029304 0.12637362637362637
0 0.70503663003663 0.34824175824175824 0.029487179487179528 0.21898351648351644
0 0.5933699633699634 0.6556868131868132 0.028058608058608152 0.2206318681318683
0 0.8928571428571429 0.07692307692307693 0.031135531135531136 0.15384615384615385
0 0.29395604395604397 0.9244505494505495 0.027472527472527472 0.1510989010989011
0 0.3093223443223443 0.3465934065934066 0.020164835164835148 0.22206043956043953
0 0.41714285714285715 0.34906593406593406 0.022234432234432208 0.22063186813186814
0 0.7921245421245421 0.9381868131868132 0.027472527472527472 0.12362637362637363
0 0.8415750915750916 0.9381868131868132 0.027472527472527472 0.12362637362637363
0 0.9514652014652014 0.9175824175824175 0.0347985347985348 0.16483516483516483
0 0.06871794871794872 0.3531593406593407 0.038205128205128176 0.22021978021978014
0 0.5879120879120879 0.07692307692307693 0.03296703296703297 0.15384615384615385
0 0.9622527472527472 0.34453296703296704 0.033296703296703416 0.23008241758241757
0 0.08124542124542125 0.6606043956043955 0.04434065934065935 0.22288461538461538
0 0.38047619047619047 0.35766483516483516 0.02976190476190476 0.2124175824175824
0 0.4174175824175825 0.6569230769230769 0.0276923076923077 0.22082417582417582
0 0.5604395604395604 0.0782967032967033 0.029304029304029304 0.1565934065934066
0 0.4184981684981685 0.9258241758241759 0.020146520146520148 0.14835164835164835
0 0.8856410256410255 0.3478296703296704 0.035366300366300264 0.22288461538461538
0 0.6382783882783882 0.07692307692307693 0.027472527472527472 0.15384615384615385
0 0.6979120879120879 0.6659340659340659 0.018241758241758308 0.192912087912088
0 0.4674908424908425 0.3478296703296704 0.024413919413919488 0.22535714285714278
0 0.5676556776556777 0.3506868131868132 0.02417582417582426 0.22063186813186814
0 0.3947069597069597 0.6610164835164836 0.020476190476190384 0.21571428571428566
0 0.8462271062271063 0.34865384615384615 0.02201465201465198 0.22063186813186814
0 0.8336446886446887 0.6556868131868132 0.021227106227106284 0.22082417582417582
0 0.04293040293040293 0.6597802197802198 0.035787545787545776 0.2239285714285714
0 0.7728937728937729 0.9368131868131868 0.029304029304029304 0.12637362637362637
0 0.7411538461538462 0.3474175824175824 0.02721611721611724 0.22021978021978028
0 0.17236263736263738 0.3646428571428571 0.024322344322344272 0.19230769230769232
0 0.01282051282051282 0.364010989010989 0.02564102564102564 0.19505494505494506
0 0.7132417582417583 0.6618406593406594 0.019487179487179464 0.2001098901098902
0 0.3159340659340659 0.9354395604395604 0.023809523809523808 0.12912087912087913
0 0.8796153846153846 0.6643131868131869 0.018974358974358792 0.1963186813186814
0 0.6497435897435897 0.349478021978022 0.03141025641025637 0.22123626373626382
0 0.642087912087912 0.6560989010989011 0.023937728937729028 0.21612637362637352
0 0.3397069597069597 0.34906593406593406 0.02122710622710618 0.21939560439560443
0 0.14692307692307693 0.3556318681318681 0.03163003663003665 0.2128296703296704
0 0.216007326007326 0.6684065934065935 0.01851648351648354 0.19159340659340662
0 0.8035347985347986 0.3506868131868132 0.024505494505494496 0.21612637362637366
0 0.7477106227106227 0.6643131868131869 0.031501831501831584 0.19425824175824186
0 0.3771978021978022 0.6618406593406594 0.018809523809523776 0.20997252747252734
0 0.12831501831501832 0.6606043956043955 0.0332234432234432 0.21571428571428566
0 0.2203846153846154 0.34535714285714286 0.026043956043956092 0.22513736263736261
0 0.3956043956043956 0.9271978021978022 0.03296703296703297 0.14560439560439561
0 0.5085531135531136 0.6540384615384616 0.017161172161172168 0.22700549450549448
0 0.9789377289377289 0.9354395604395604 0.023809523809523808 0.12912087912087913
0 0.39285714285714285 0.0782967032967033 0.031135531135531136 0.1565934065934066
0 0.8276190476190476 0.34865384615384615 0.025073260073260172 0.2179670329670329
0 0.9935897435897436 0.9354395604395604 0.01282051282051282 0.12912087912087913
0 0.5082417582417582 0.07692307692307693 0.023809523809523808 0.15384615384615385
0 0.7527472527472527 0.07692307692307693 0.018315018315018316 0.15384615384615385
0 0.315018315018315 0.07554945054945054 0.04395604395604396 0.1510989010989011
0 0.49650183150183147 0.6766208791208792 0.017967032967032868 0.18225274725274734
0 0.12584249084249083 0.3634340659340659 0.018241758241758256 0.19332417582417583
0 0.24064102564102563 0.3671153846153846 0.019395604395604348 0.18480769230769226
0 0.52003663003663 0.6757967032967033 0.015274725274725332 0.18030219780219778
0 0.9102747252747253 0.6601923076923077 0.03353479853479843 0.21181318681318687
0 0.2595238095238095 0.3683516483516484 0.0197802197802198 0.1857417582417583
0 0.013736263736263736 0.657967032967033 0.027472527472527472 0.22802197802197802
0 0.861007326007326 0.34494505494505495 0.021593406593406528 0.22576923076923078
0 0.6004945054945054 0.32607142857142857 0.022527472527472444 0.25222527472527473
0 0.7967032967032966 0.07554945054945054 0.018315018315018316 0.1510989010989011
0 0.35611721611721614 0.3519230769230769 0.01804029304029308 0.22206043956043953
0 0.4778937728937729 0.6544505494505495 0.023772893772893808 0.2239285714285714
0 0.8473260073260073 0.6733241758241758 0.016135531135531036 0.18379120879120872
0 0.5393772893772893 0.9354395604395604 0.023809523809523808 0.12912087912087913
0 0.5386446886446887 0.6544505494505495 0.030274725274725224 0.22063186813186797
0 0.3663003663003663 0.07692307692307693 0.02197802197802198 0.15384615384615385
0 0.7087912087912088 0.9423076923076923 0.02197802197802198 0.11538461538461539
0 0.7527472527472527 0.9354395604395604 0.029304029304029304 0.12912087912087913
0 0.29181318681318685 0.33755494505494504 0.022399267399267432 0.24403846153846148
0 0.8626556776556776 0.6688186813186813 0.024084249084249252 0.19332417582417583
0 0.45604395604395603 0.9381868131868132 0.018315018315018316 0.12362637362637363
0 0.7701648351648351 0.3506868131868132 0.033736263736263664 0.21571428571428566
0 0.2803113553113553 0.6544505494505495 0.04067765567765564 0.22082417582417582
0 0.02564102564102564 0.07692307692307693 0.03296703296703297 0.15384615384615385
0 0.09478021978021978 0.3543956043956044 0.022435897435897436 0.21346153846153842
0 0.5375457875457875 0.35109890109890113 0.022747252747252672 0.21796703296703304
0 0.7247252747252747 0.6536263736263737 0.019706959706959692 0.20923076923076914
0 0.34523809523809523 0.9368131868131868 0.020146520146520148 0.12637362637362637
0 0.4597069597069597 0.07692307692307693 0.02564102564102564 0.15384615384615385
0 0.51007326007326 0.929945054945055 0.016483516483516484 0.1401098901098901
0 0.8035347985347986 0.670467032967033 0.018681318681318764 0.18934065934065922
0 0.6185531135531136 0.349478021978022 0.020018315018314928 0.2179670329670329
0 0.2762087912087912 0.349478021978022 0.018241758241758204 0.2198076923076923
0 0.5879120879120879 0.9395604395604396 0.018315018315018316 0.12087912087912088
0 0.016483516483516484 0.9326923076923077 0.029304029304029304 0.1346153846153846
0 0.6136263736263736 0.6684065934065935 0.020311355311355368 0.19497252747252755
0 0.9880952380952381 0.6552197802197802 0.023809523809523808 0.21153846153846154
0 0.15293040293040294 0.07692307692307693 0.06043956043956044 0.15384615384615385
0 0.032527472527472526 0.3687637362637362 0.02007326007326006 0.19260989010989016
0 0.6510989010989011 0.9326923076923077 0.031135531135531136 0.1346153846153846
0 0.9862637362637363 0.07554945054945054 0.027472527472527472 0.1510989010989011
0 0.48443223443223443 0.07554945054945054 0.023809523809523808 0.1510989010989011
0 0.5610805860805861 0.656510989010989 0.020989010989011056 0.21384615384615394
0 0.4601098901098902 0.6753846153846154 0.017619047619047628 0.1890384615384617
0 0.8150366300366301 0.6556868131868132 0.023992673992674036 0.21612637362637352
0 0.44752747252747255 0.3691758241758242 0.020384615384615376 0.18604395604395613
0 0.9880952380952381 0.32142857142857145 0.023809523809523808 0.2692307692307692
0 0.4904761904761905 0.365467032967033 0.023278388278388344 0.19200549450549448
0 0.5412087912087912 0.0782967032967033 0.020146520146520148 0.1565934065934066
0 0.11051282051282052 0.3593131868131868 0.01954212454212452 0.19939560439560436
0 0.34791208791208794 0.6577472527472528 0.020164835164835148 0.22288461538461538
0 0.08424908424908426 0.07554945054945054 0.047619047619047616 0.1510989010989011
0 0.2562454212454212 0.6757967032967033 0.016190476190476144 0.18030219780219778
0 0.3232783882783883 0.38557692307692304 0.017490842490842512 0.15752747252747246
0 0.3293040293040293 0.656510989010989 0.020824175824175832 0.2216483516483518
0 0.5205860805860806 0.349478021978022 0.020714285714285616 0.2167307692307692
0 0.5256410256410257 0.07692307692307693 0.018315018315018316 0.15384615384615385
0 0.7843956043956043 0.6737362637362637 0.017087912087912164 0.18030219780219778
0 0.2509157509157509 0.07417582417582418 0.029304029304029304 0.14835164835164835
0 0.9628021978021979 0.6708791208791208 0.022619047619047452 0.18318681318681304
0 0.8333333333333334 0.07554945054945054 0.018315018315018316 0.1510989010989011
0 0.4706959706959707 0.9395604395604396 0.018315018315018316 0.12087912087912088
0 0.7353479853479854 0.9423076923076923 0.023809523809523808 0.11538461538461539
0 0.5210622710622711 0.9244505494505495 0.016483516483516484 0.1510989010989011
0 0.7225274725274725 0.07692307692307693 0.020146520146520148 0.15384615384615385
0 0.739010989010989 0.0782967032967033 0.020146520146520148 0.1565934065934066
0 0.9141025641025642 0.365467032967033 0.023864468864468816 0.1851373626373626
0 0.9431135531135532 0.3662912087912088 0.0205494505494506 0.18285714285714286