0 0.698756038647343 0.2729106280193237 0.028043478260869597 0.17142512077294686
0 0.7252898550724637 0.2747705314009662 0.02741545893719812 0.17195652173913042
0 0.751304347826087 0.2758333333333333 0.028381642512077296 0.1739492753623188
0 0.7799637681159419 0.2768961352657005 0.029541062801932413 0.17328502415458932
0 0.7576690821256039 0.4984782608695652 0.023055555555555458 0.17222222222222225
0 0.8680676328502416 0.726171497584541 0.02353864734299518 0.16200483091787424
0 0.8059661835748793 0.2768961352657005 0.027004830917874274 0.1710265700483092
0 0.9089251207729468 0.7293478260869565 0.022705314009661783 0.1575000000000001
0 0.23007246376811594 0.07004830917874397 0.05434782608695652 0.14009661835748793
0 0.8600966183574879 0.28405797101449276 0.03010869565217399 0.1622705314009662
0 0.01570048309178744 0.9408212560386473 0.01932367149758454 0.11835748792270531
0 0.5060990338164252 0.725108695652174 0.018176328502415403 0.16439613526570063
0 0.888756038647343 0.7288164251207729 0.024408212560386517 0.15590579710144917
0 0.5660748792270531 0.7192632850241545 0.027053140096618467 0.18111111111111117
0 0.04830917874396135 0.9408212560386473 0.024154589371980676 0.11835748792270531
0 0.8877053140096618 0.28246376811594204 0.029915458937198047 0.16386473429951698
0 0.1286231884057971 0.07246376811594203 0.035024154589371984 0.14492753623188406
0 0.9257246376811594 0.06823671497584541 0.025362318840579712 0.13647342995169082
0 0.4896497584541063 0.7245772946859904 0.020084541062801928 0.1669202898550725
0 0.45471014492753625 0.07065217391304347 0.059178743961352656 0.14130434782608695
0 0.5448429951690821 0.7203260869565217 0.020205314009661857 0.17301932367149758
0 0.9253864734299517 0.509891304347826 0.026799516908212626 0.1622705314009662
0 0.1068840579710145 0.9371980676328503 0.027777777777777776 0.12560386473429952
0 0.6791183574879226 0.5011352657004831 0.021642512077294774 0.17076086956521738
0 0.5644806763285024 0.27663043478260874 0.027270531400966094 0.1716908212560386
0 0.07420289855072464 0.286183574879227 0.035096618357487924 0.15989130434782606
0 0.0646135265700483 0.07065217391304347 0.03260869565217391 0.14130434782608695
0 0.1570048309178744 0.9365942028985508 0.026570048309178744 0.12681159420289856
0 0.3194444444444444 0.07065217391304347 0.05434782608695652 0.14130434782608695
0 0.645157004830918 0.7182004830917874 0.03114734299516904 0.1823067632850242
0 0.31927536231884057 0.7235144927536232 0.02003623188405801 0.17076086956521752
0 0.4477173913043478 0.2827294685990338 0.03378019323671501 0.16466183574879223
0 0.08816425120772947 0.07125603864734299 0.033816425120772944 0.14251207729468598
0 0.06763285024154589 0.9371980676328503 0.016908212560386472 0.12560386473429952
0 0.17770531400966183 0.28193236714975844 0.029311594202898528 0.16359903381642515
0 0.040108695652173905 0.7288164251207729 0.03204106280193237 0.16559178743961367
0 0.004227053140096618 0.9408212560386473 0.008454106280193236 0.11835748792270531
0 0.9039855072463768 0.06823671497584541 0.020531400966183576 0.13647342995169082
0 0.3858695652173913 0.07185990338164251 0.05676328502415459 0.14371980676328502
0 0.8983091787439613 0.5064371980676329 0.026038647342995103 0.15829710144927542
0 0.23382850241545897 0.7256400966183575 0.03297101449275357 0.17142512077294692
0 0.9163647342995169 0.2816666666666667 0.030495169082125604 0.161207729468599
0 0.6133091787439614 0.27397342995169083 0.028973429951690832 0.17328502415458932
0 0.7451690821256038 0.07004830917874397 0.04589371980676329 0.14009661835748793
0 0.27655797101449275 0.2811352657004831 0.026702898550724653 0.16638888888888895
0 0.16908212560386474 0.07125603864734299 0.04106280193236715 0.14251207729468598
0 0.6971618357487923 0.5003381642512077 0.02350241545893724 0.17195652173913042
0 0.301231884057971 0.725108695652174 0.021811594202898486 0.1704951690821257
0 0.7751811594202899 0.49927536231884057 0.02222222222222233 0.16971014492753622
0 0.6159661835748792 0.5006038647342995 0.032041062801932335 0.17421497584541062
0 0.6637318840579711 0.5035265700483093 0.023949275362318754 0.17301932367149758
0 0.5124637681159421 0.28140096618357485 0.03252415458937192 0.1666545893719807
0 0.23792270531400966 0.9371980676328503 0.026570048309178744 0.12560386473429952
0 0.25134057971014495 0.2816666666666667 0.02772946859903386 0.16745169082125608
0 0.046340579710144936 0.28379227053140094 0.03322463768115941 0.15590579710144925
0 0.8670048309178744 0.06984299516908213 0.025410628019323627 0.13786231884057973
0 0.357487922705314 0.2816666666666667 0.02689613526570046 0.16851449275362324
0 0.2046376811594203 0.7267028985507247 0.02618357487922706 0.16971014492753622
0 0.20048309178743962 0.07004830917874397 0.043478260869565216 0.14009661835748793
0 0.7795893719806763 0.9414251207729468 0.027777777777777776 0.11714975845410629
0 0.18357487922705315 0.9365942028985508 0.026570048309178744 0.12681159420289856
0 0.4811473429951691 0.28246376811594204 0.029915458937198047 0.16559178743961353
0 0.41507246376811596 0.7224516908212562 0.02350241545893724 0.17913043478260862
0 0.8303140096618358 0.9456521739130435 0.025362318840579712 0.10869565217391304
0 0.7364371980676329 0.49927536231884057 0.025157004830917786 0.17368357487922698
0 0.00966183574879227 0.28140096618357485 0.01932367149758454 0.16183574879227053
0 0.3014975845410628 0.28140096618357485 0.02870772946859901 0.16585748792270535
0 0.38481884057971016 0.28326086956521734 0.02986714975845413 0.1666545893719807
0 0.3389130434782609 0.7293478260869565 0.01904589371980674 0.16147342995169087
0 0.8319685990338165 0.28326086956521734 0.028599033816425198 0.15670289855072464
0 0.5821256038647343 0.9402173913043478 0.016908212560386472 0.11956521739130435
0 0.6403743961352657 0.2853864734299517 0.02942028985507234 0.16067632850241542
0 0.018115942028985508 0.07004830917874397 0.03140096618357488 0.14009661835748793
0 0.042874396135265704 0.07065217391304347 0.030193236714975844 0.14130434782608695
0 0.43577294685990337 0.7229830917874396 0.02257246376811601 0.16971014492753622
0 0.9344082125603865 0.7235144927536232 0.0332850241545893 0.16917874396135257
0 0.25718599033816425 0.726171497584541 0.019178743961352652 0.1666545893719807
0 0.6706280193236714 0.286183574879227 0.02986714975845413 0.1601449275362319
0 0.7542270531400966 0.9432367149758454 0.027777777777777776 0.11352657004830918
0 0.5 0.9384057971014492 0.028985507246376812 0.12318840579710146
0 0.12329710144927537 0.28591787439613525 0.03834541062801932 0.15670289855072464
0 0.6186111111111111 0.7187318840579711 0.02332125603864728 0.17620772946859914
0 0.2021135265700483 0.28140096618357485 0.02870772946859901 0.16612318840579704
0 0.024057971014492755 0.5154589371980677 0.03884057971014492 0.16147342995169073
0 0.7157367149758455 0.5008695652173913 0.023671497584540954 0.17248792270531393
0 0.5942028985507246 0.7197946859903381 0.031026570048309245 0.1767391304347825
0 0.5954106280193237 0.9402173913043478 0.016908212560386472 0.11956521739130435
0 0.7942874396135265 0.49794685990338167 0.023949275362318754 0.17248792270531407
0 0.7276570048309179 0.9414251207729468 0.027777777777777776 0.11714975845410629
0 0.286231884057971 0.9371980676328503 0.024154589371980676 0.12560386473429952
0 0.8335628019323672 0.736256038647343 0.03155797101449288 0.13905797101449288
0 0.0898671497584541 0.7293478260869565 0.021268115942029 0.16359903381642515
0 0.981280193236715 0.06884057971014493 0.025362318840579712 0.13768115942028986
0 0.8055555555555556 0.9456521739130435 0.026570048309178744 0.10869565217391304
0 0.45700483091787436 0.7219202898550725 0.024178743961352635 0.1754106280193237
0 0.3949033816425121 0.7288164251207729 0.02172705314009663 0.16612318840579704
0 0.17770531400966183 0.7240458937198068 0.028647342995169117 0.17368357487922698
0 0.067512077294686 0.7293478260869565 0.026654589371980668 0.16466183574879217
0 0.09437198067632849 0.5165217391304349 0.031195652173913024 0.16067632850241542
0 0.8792028985507246 0.5072342995169082 0.017149758454106333 0.15311594202898549
0 0.5421859903381642 0.27609903381642514 0.02227053140096625 0.16718599033816434
0 0.8586956521739131 0.9456521739130435 0.028985507246376812 0.10869565217391304
0 0.08816425120772947 0.9293478260869565 0.014492753623188406 0.14130434782608695
0 0.6871980676328503 0.07125603864734299 0.050724637681159424 0.14251207729468598
0 0.808623188405797 0.4984782608695652 0.01989130434782612 0.1756763285024155
0 0.3079710144927536 0.9365942028985508 0.024154589371980676 0.12681159420289856
0 0.7205193236714976 0.7346618357487922 0.026702898550724517 0.1487439613526571
0 0.3556763285024155 0.07065217391304347 0.05676328502415459 0.14130434782608695
0 0.9620048309178744 0.7304106280193237 0.02589371980676335 0.15643719806763282
0 0.5150966183574879 0.07125603864734299 0.06884057971014493 0.14251207729468598
0 0.3272342995169082 0.5128140096618358 0.02675120772946857 0.1628019323671497
0 0.15089371980676328 0.2845893719806763 0.03044685990338162 0.16147342995169087
0 0.8457729468599033 0.07468599033816425 0.016896135265700492 0.1308937198067633
0 0.061739130434782616 0.5128140096618358 0.03804347826086957 0.16227053140096606
0 0.26268115942028986 0.9378019323671497 0.025362318840579712 0.12439613526570048
0 0.9635990338164251 0.278756038647343 0.033973429951690955 0.16306763285024153
0 0.32989130434782604 0.2811352657004831 0.029915458937198047 0.16638888888888895
0 0.8913043478260869 0.06763285024154589 0.01932367149758454 0.13526570048309178
0 0.2781400966183575 0.725108695652174 0.027004830917874412 0.17195652173913029
0 0.0036231884057971015 0.5157004830917874 0.007246376811594203 0.1570048309178744
0 0.7759661835748792 0.07004830917874397 0.051932367149758456 0.14009661835748793
0 0.1461231884057971 0.7267028985507247 0.0352898550724638 0.16851449275362315
0 0.4256884057971015 0.5120169082125604 0.03589371980676332 0.15776570048309177
0 0.4166666666666667 0.06944444444444445 0.05555555555555555 0.1388888888888889
0 0.6892028985507246 0.7192632850241545 0.0398067632850242 0.17740338164251193
0 0.25080917874396136 0.5128140096618358 0.030917874396135293 0.1628019323671497
0 0.11520531400966182 0.7309420289855073 0.02772946859903379 0.16386473429951698
0 0.6099033816425121 0.07065217391304347 0.07246376811594203 0.14130434782608695
0 0.7481159420289856 0.7341304347826088 0.030615942028985398 0.14621980676328494
0 0.9553140096618358 0.946256038647343 0.024154589371980676 0.10748792270531402
0 0.8285024154589372 0.06944444444444445 0.026570048309178744 0.1388888888888889
0 0.2754951690821256 0.5143961352657005 0.03015700483091791 0.16280193236714985
0 0.3605072463768116 0.9378019323671497 0.025362318840579712 0.12439613526570048
0 0.126219806763285 0.5165217391304348 0.032596618357487936 0.15909420289855075
0 0.942367149758454 0.2798188405797101 0.017765700483091833 0.15909420289855075
0 0.9353864734299517 0.946256038647343 0.025362318840579712 0.10748792270531402
0 0.6135265700483091 0.9347826086956522 0.024154589371980676 0.13043478260869565
0 0.3646497584541063 0.7293478260869565 0.039311594202898495 0.16612318840579704
0 0.9867149758454107 0.2777777777777778 0.026570048309178744 0.1642512077294686
0 0.9154589371980676 0.946256038647343 0.024154589371980676 0.10748792270531402
0 0.4153381642512077 0.2845893719806763 0.026388888888888917 0.1643961352657005
0 0.2107487922705314 0.9365942028985508 0.027777777777777776 0.12681159420289856
0 0.15846618357487924 0.5162560386473429 0.032475845410628 0.15882850241545893
0 0.30282608695652175 0.5117512077294686 0.03277777777777776 0.16439613526570035
0 0.5894202898550724 0.2726449275362319 0.03108695652173914 0.16996376811594205
0 0.47041062801932365 0.9378019323671497 0.025362318840579712 0.12439613526570048
0 0.22055555555555556 0.5159903381642512 0.03328502415458937 0.15909420289855075
0 0.41304347826086957 0.9365942028985508 0.033816425120772944 0.12681159420289856
0 0.9736835748792271 0.5069685990338164 0.03990338164251203 0.16638888888888886
0 0.9867149758454107 0.7234299516908212 0.026570048309178744 0.16666666666666666
0 0.5305072463768116 0.726171497584541 0.017028985507246405 0.164927536231884
0 0.2669082125603865 0.06944444444444445 0.043478260869565216 0.1388888888888889
0 0.8907004830917874 0.946256038647343 0.027777777777777776 0.10748792270531402
0 0.5652173913043478 0.07004830917874397 0.07004830917874397 0.14009661835748793
0 0.9547101449275363 0.06944444444444445 0.03743961352657005 0.1388888888888889
0 0.5301932367149759 0.9371980676328503 0.03140096618357488 0.12560386473429952
0 0.013043478260869561 0.7309420289855073 0.025942028985507244 0.16386473429951698
0 0.18911835748792272 0.5167874396135266 0.032294685990338176 0.15935990338164258
0 0.9782608695652174 0.9450483091787439 0.028985507246376812 0.10990338164251208
0 0.09623188405797102 0.28644927536231884 0.028804347826086985 0.15311594202898549
0 0.3351449275362319 0.9371980676328503 0.027777777777777776 0.12560386473429952
0 0.9951690821256038 0.5042270531400966 0.00966183574879227 0.1606280193236715
0 0.5597826086956522 0.9365942028985508 0.030193236714975844 0.12681159420289856
0 0.6672705314009661 0.9317632850241546 0.03260869565217391 0.13647342995169082
0 0.6394927536231884 0.9335748792270532 0.027777777777777776 0.13285024154589373
0 0.4438405797101449 0.9365942028985508 0.030193236714975844 0.12681159420289856
0 0.3852657004830918 0.9384057971014492 0.026570048309178744 0.12318840579710146
0 0.4750483091787439 0.7213888888888889 0.01741545893719802 0.17474637681159427
0 0.6986714975845411 0.9239130434782609 0.03260869565217391 0.15217391304347827
0 0.9939613526570048 0.06702898550724638 0.012077294685990338 0.13405797101449277
0 0.9933574879227053 0.9438405797101449 0.013285024154589372 0.11231884057971014
0 0.7868599033816425 0.7081159420289855 0.03973429951690832 0.18748792270531403