0 0.33359375 0.38828125 0.3296875 0.06328125
0 0.365625 0.43671875 0.31875 0.053125
0 0.31484375 0.34453125 0.3546875 0.03203125
0 0.3234375 0.30703125 0.3390625 0.03671875
0 0.4625 0.23359375 0.3796875 0.05
0 0.45 0.27109375 0.3578125 0.0375
0 0.5640625 0.19140625 0.3625 0.040625
0 0.70390625 0.32109375 0.38984375 0.0546875
0 0.71796875 0.3640625 0.39140625 0.05546875
0 0.7328125 0.421875 0.39140625 0.0734375
0 0.76640625 0.53359375 0.39375 0.075
0 0.7578125 0.4921875 0.36875 0.0328125
0 0.74765625 0.66015625 0.3734375 0.090625
0 0.75078125 0.7359375 0.43828125 0.07578125
0 0.53359375 0.13203125 0.36875 0.0390625
0 0.5109375 0.153125 0.41796875 0.0421875
0 0.09375 0.5941666671875 0.09 0.6318358328125 0.39375 0.58185 0.3975 0.5435283328125 0.09375 0.5941666671875
0 0.45875000000000005 0.6601608328124999 0.075 0.7170833328125 0.08625000000000001 0.780125 0.46125 0.7051466671875 0.45875000000000005 0.6601608328124999
0 0.0765625 0.8004166671874999 0.07125000000000001 0.8384408328124999 0.465 0.7468016671875 0.46749999999999997 0.7084791671875 0.0765625 0.8004166671874999