0 0.09601902173913043 0.6064481409001956 0.06110054347826087 0.22643835616438357
0 0.1635733695652174 0.19714285714285712 0.28646739130434784 0.02542074363992174
0 0.5152989130434783 0.18920743639921722 0.2798505434782609 0.026105675146771045
0 0.5088586956521739 0.21936399217221134 0.28290760869565224 0.03354207436399215
0 0.9587228260869566 0.33716242661448137 0.052934782608695705 0.2081311154598826
0 0.14713315217391304 0.6069373776908024 0.041630434782608715 0.21997064579256354
0 0.8441304347826086 0.19482387475538163 0.27324728260869585 0.023375733855185897
0 0.32985054347826087 0.6098630136986302 0.07623641304347824 0.22168297455968683
0 0.16103260869565214 0.7446281800391389 0.2578125 0.02670254403131112
0 0.8027717391304349 0.3403326810176125 0.042989130434782745 0.1965362035225049
0 0.16577445652173917 0.22815068493150684 0.29764945652173913 0.038023483365949136
0 0.8990625000000001 0.33667318982387473 0.048899456521739146 0.20092954990215267
0 0.19645380434782608 0.6103522504892368 0.06283967391304347 0.22070450097847352
0 0.042269021739130434 0.607426614481409 0.04475543478260869 0.22717221135029356
0 0.5183423913043478 0.5048825831702544 0.2798505434782609 0.026066536203522547
0 0.5173233695652174 0.47729941291585126 0.2762907608695652 0.031369863013698686
0 0.8441304347826086 0.75 0.2842663043478261 0.03417808219178088
0 0.8122690217391305 0.49267123287671233 0.2930706521739131 0.030733855185910004
0 0.09347826086956522 0.3439921722113503 0.07131793478260871 0.19812133072407045
0 0.5119021739130435 0.555665362035225 0.3027309782608695 0.0300489236790607
0 0.8075271739130435 0.468013698630137 0.26646739130434793 0.023649706457925596
0 0.6851358695652173 0.3403326810176125 0.030461956521739154 0.19812133072407045
0 0.1552717391304348 0.767573385518591 0.25290760869565215 0.024706457925636006
0 0.5129211956521739 0.2539041095890411 0.2815489130434783 0.03283757338551856
0 0.15661684782608695 0.34423679060665363 0.0530163043478261 0.19311154598825833
0 0.8441304347826086 0.8857436399217221 0.2832472826086957 0.031369863013698575
0 0.5136005434782609 0.31640900195694716 0.27459239130434787 0.032651663405088065
0 0.5719157608695652 0.8886692759295499 0.048695652173913084 0.18773972602739716
0 0.8414266304347826 0.8359393346379648 0.2790081521739129 0.026917808219178073
0 0.3617255434782609 0.34276908023483366 0.03423913043478263 0.20275929549902155
0 0.29697010869565216 0.3459491193737769 0.06322010869565213 0.19714285714285715
0 0.5091983695652174 0.5888649706457926 0.30730978260869574 0.02827788649706467
0 0.2591711956521739 0.6103522504892368 0.0600951086956522 0.22509784735812127
0 0.5302173913043479 0.8916046966731899 0.03794836956521732 0.18860078277886497
0 0.8421059782608695 0.785156555772994 0.2745923913043477 0.033199608610567574
0 0.7587092391304348 0.343013698630137 0.041317934782608805 0.1987279843444227
0 0.1612907608695652 0.8217808219178082 0.2545923913043478 0.01879647749510767
0 0.16017663043478259 0.8076125244618395 0.25578804347826084 0.025127201565557793
0 0.035760869565217394 0.350587084148728 0.049157608695652166 0.20373776908023486
0 0.8448097826086957 0.9482387475538161 0.27120923913043493 0.032651663405087954
0 0.5156385869565218 0.5302739726027398 0.27459239130434787 0.025508806262230857
0 0.8109103260869566 0.5195303326810177 0.29680706521739136 0.02869863013698623
0 0.24256793478260869 0.3432583170254403 0.04585597826086957 0.19348336594911938
0 0.15823369565217388 0.7880821917808218 0.25815217391304346 0.026761252446183863
0 0.4671603260869565 0.8896477495107632 0.03686141304347825 0.18835616438356165
0 0.5115625 0.6142563600782779 0.31070652173913055 0.030626223091976473
0 0.16467391304347825 0.8769569471624267 0.2578125 0.028806262230919817
0 0.4986820652173913 0.8906262230919766 0.034048913043478186 0.18566536203522505
0 0.20493206521739132 0.343013698630137 0.04601902173913044 0.19311154598825833
0 0.8502445652173912 0.33959882583170253 0.04691576086956518 0.20019569471624268
0 0.5156385869565218 0.38696673189823877 0.27375000000000005 0.027377690802348354
0 0.8427853260869564 0.21850293542074364 0.2759510869565216 0.037318982387475524
0 0.8427853260869564 0.9140606653620352 0.27375000000000005 0.03628180039138936
0 0.15933423913043476 0.857426614481409 0.2610326086956522 0.020371819960860994
0 0.7193750000000001 0.33788649706457924 0.03773097826086954 0.1983659491193738
0 0.5139402173913044 0.6503913894324854 0.3091711956521738 0.0429647749510764
0 0.6264945652173913 0.8891585127201566 0.057798913043478214 0.1937279843444227
0 0.3915625 0.8872113502935421 0.08085597826086956 0.196536203522505
0 0.8102309782608696 0.5527299412915851 0.29816576086956526 0.042084148727984334
0 0.16213315217391303 0.9326125244618395 0.25663043478260866 0.029872798434442245
0 0.5156385869565218 0.33984344422700585 0.26730978260869565 0.020371819960861105
0 0.16239130434782606 0.9042954990215265 0.2545923913043478 0.025909980430528393
0 0.31951086956521735 0.8852544031311155 0.06809782608695648 0.19714285714285715
0 0.8916032608695652 0.6191389432485322 0.052038043478260805 0.17077299412915847
0 0.947866847826087 0.6240215264187867 0.05877717391304347 0.18066536203522493
0 0.6783559782608696 0.8916046966731899 0.04999999999999994 0.1892074363992171
0 0.16273097826086955 0.9668003913894325 0.2496875 0.03753424657534237
0 0.5115625 0.4086888454011742 0.27290760869565217 0.020596868884540074
0 0.7993885869565218 0.6201174168297456 0.04423913043478254 0.16564579256360074
0 0.5559782608695653 0.7514677103718199 0.27680706521739135 0.03460861056751457
0 0.5139402173913044 0.2858904109589041 0.2801902173913044 0.032651663405088065
0 0.5163179347826087 0.6938454011741683 0.30782608695652164 0.049500978473581134
0 0.7627717391304347 0.6240215264187867 0.04235054347826097 0.15539138943248526
0 0.8414266304347826 0.6230430528375733 0.04716032608695657 0.16259295499021534
0 0.8380298913043478 0.8593737769080234 0.2740896739130435 0.02855185909980437
0 0.8468478260869565 0.975587084148728 0.26154891304347827 0.024882583170254467
0 0.8366711956521738 0.812504892367906 0.2801902173913044 0.028062622309197715
0 0.5556385869565217 0.7783170254403131 0.27459239130434787 0.03149706457925641
0 0.19645380434782608 0.48901174168297457 0.30002717391304345 0.023698630136986327
0 0.721413043478261 0.625 0.03822010869565232 0.1509980430528375
0 0.16213315217391303 0.8383757338551859 0.25205163043478257 0.0266536203522505
0 0.5176630434782609 0.431399217221135 0.2715489130434783 0.0270058708414873