0 0.77734375 0.27578125 0.4453125 0.0703125
0 0.41640625 0.28046875 0.3515625 0.0578125
0 0.4078125 0.24453125 0.34375 0.0578125
0 0.7859375 0.31640625 0.428125 0.0796875
0 0.4046875 0.475 0.4 0.0890625
0 0.79609375 0.45234375 0.4078125 0.0796875
0 0.4125 0.60859375 0.4109375 0.09375
0 0.284375 0.5265625 0.1328125 0.0328125
0 0.7953125 0.5765625 0.3984375 0.0875
0 0.09765625 0.30234375 0.16875 0.046875
0 0.6123918046875 0.597274259375 0.609431871875 0.627838721875 0.9594528875 0.6837995265625 0.9637466968749999 0.6577082734374999 0.6123918046875 0.597274259375
0 0.6091659625 0.5698386734375 0.60788120625 0.5911526546875 0.9461779124999999 0.64999759375 0.9470333390624999 0.6259804124999999 0.6091659625 0.5698386734375
0 0.606544409375 0.5337613453125 0.6085124546875 0.5703608734375 0.9479499828125 0.6246558078125 0.950527559375 0.5877947484375 0.606544409375 0.5337613453125
0 0.6387338375 0.67669439375 0.6344996609375 0.7166385359375 0.9782074234374999 0.7804924 0.9809138468749999 0.74178874375 0.6387338375 0.67669439375
0 0.21539031406250003 0.6540386828125 0.215282625 0.68500951875 0.525453403125 0.757630178125 0.525895834375 0.7159900343750001 0.21539031406250003 0.6540386828125
0 0.5898872140625 0.695461946875 0.21290577656249998 0.63070761875 0.21249449999999998 0.6542554046875 0.586412059375 0.721610446875 0.5898872140625 0.695461946875