0 0.4763696060037524 0.8491187499999999 0.01858348968105066 0.16503749999999998
0 0.42250469043151967 0.38451875 0.034418386491557276 0.170775
0 0.5683489681050656 0.394775 0.022626641651031794 0.1495375
0 0.6097560975609756 0.39697499999999997 0.03346153846153853 0.14905000000000002
0 0.3123921200750469 0.625975 0.02558161350844276 0.16772500000000007
0 0.5053189493433395 0.8525375 0.026472795497185765 0.16454999999999984
0 0.6434709193245779 0.84814375 0.02958724202626638 0.17407499999999998
0 0.2647560975609756 0.844725 0.03274859287054406 0.18188749999999998
0 0.558452157598499 0.8501000000000001 0.03616322701688551 0.171875
0 0.19897748592870546 0.37939375 0.02658536585365851 0.17895624999999996
0 0.6987992495309568 0.8432625 0.03318949343339597 0.19250624999999985
0 0.5236397748592871 0.39208750000000003 0.02480300187617266 0.15735
0 0.20117260787992494 0.8378937500000001 0.0432363977485929 0.1928687500000001
0 0.2871013133208255 0.8505875 0.03183864915572227 0.17101875000000008
0 0.4459568480300187 0.392825 0.02151969981238279 0.15258749999999996
0 0.46318011257035646 0.6196312499999999 0.06857410881801122 0.18652499999999997
0 0.31825515947467165 0.38574375000000005 0.025103189493433386 0.16918750000000002
0 0.5866697936210131 0.39721874999999995 0.016810506566604197 0.14685000000000004
0 0.22609756097560976 0.38403125000000005 0.028696060037523428 0.17053124999999997
0 0.1374108818011257 0.37109375 0.028105065666041255 0.19494375000000005
0 0.5470919324577862 0.38525624999999997 0.02480300187617266 0.17333749999999995
0 0.4880956848030018 0.8535187500000001 0.01984052532833024 0.15893750000000012
0 0.29333958724202625 0.38940624999999995 0.02638836772983114 0.16003124999999996
0 0.5269418386491558 0.8515625 0.0316979362101313 0.16833750000000008
0 0.39099437148217636 0.8745125 0.022448405253283257 0.11981249999999989
0 0.8479455909943715 0.37353749999999997 0.023592870544090143 0.19555625000000001
0 0.6020637898686678 0.84814375 0.05675422138836773 0.17297499999999985
0 0.2497279549718574 0.38354374999999996 0.027166979362101322 0.17101874999999997
0 0.39099437148217636 0.39184375000000005 0.029887429643527218 0.15661874999999997
0 0.18202626641651032 0.37475625 0.018161350844277686 0.18237499999999998
0 0.11435272045028143 0.5994375000000001 0.010666041275797377 0.2307625
0 0.1519230769230769 0.6024062499999999 0.014690431519699836 0.21933749999999996
0 0.25667917448405253 0.6170125 0.02512195121951217 0.19012499999999996
0 0.3543808630393996 0.6356875 0.04633208255159473 0.14773125000000006