0 0.8111661807580175 0.6904895104895106 0.03495626822157437 0.2235664335664335
0 0.9486880466472303 0.37269230769230766 0.03381924198250735 0.21741258741258737
0 0.6684256559766765 0.6999184149184149 0.04632653061224486 0.24058275058275067
0 0.5967201166180758 0.7035780885780886 0.050918367346938706 0.2490909090909091
0 0.9794606413994169 0.3671911421911422 0.03147230320699697 0.22251748251748246
0 0.9948979591836735 0.36655011655011654 0.01020408163265306 0.2202797202797203
0 0.8242711370262391 0.3703263403263403 0.03358600583090374 0.23560606060606057
0 0.8017492711370262 0.09615384615384616 0.03498542274052478 0.19230769230769232
0 0.8338192419825073 0.09673659673659674 0.03498542274052478 0.19347319347319347
0 0.03940233236151604 0.39336829836829834 0.07752186588921284 0.2782750582750583
0 0.6290087463556852 0.09090909090909091 0.048104956268221574 0.18181818181818182
0 0.9139795918367347 0.3787062937062937 0.03507288629737602 0.21374125874125874
0 0.4909620991253644 0.36090909090909096 0.07018950437317781 0.28586247086247085
0 0.9905247813411079 0.10081585081585082 0.018950437317784258 0.20163170163170163
0 0.2981049562682216 0.08391608391608392 0.0597667638483965 0.16783216783216784
0 0.8637026239067055 0.09906759906759907 0.03644314868804665 0.19813519813519814
0 0.5544752186588922 0.36090909090909096 0.07256559766763844 0.28272727272727277
0 0.9307580174927114 0.09673659673659674 0.03935860058309038 0.19347319347319347
0 0.5610204081632654 0.7051515151515151 0.05005830903790092 0.2581118881118882
0 0.5349854227405247 0.08916083916083917 0.04956268221574344 0.17832167832167833
0 0.49854227405247814 0.08741258741258741 0.052478134110787174 0.17482517482517482
0 0.967201166180758 0.09848484848484848 0.03935860058309038 0.19696969696969696
0 0.6938775510204082 0.09498834498834499 0.043731778425655975 0.18997668997668998
0 0.7660349854227405 0.09557109557109557 0.03935860058309038 0.19114219114219114
0 0.8965014577259475 0.09848484848484848 0.04081632653061224 0.19696969696969696
0 0.8818950437317784 0.38080419580419583 0.03172011661807579 0.2127039627039627
0 0.380466472303207 0.08741258741258741 0.061224489795918366 0.17482517482517482
0 0.5881924198250729 0.09149184149184149 0.05393586005830904 0.18298368298368298
0 0.9052478134110787 0.9108391608391608 0.18950437317784258 0.06876456876456877
0 0.7561661807580176 0.6915384615384615 0.035743440233236126 0.22840326340326345
0 0.7856413994169097 0.687878787878788 0.03389212827988338 0.22395104895104906
0 0.17128279883381925 0.07983682983682984 0.056851311953352766 0.15967365967365968
0 0.8517784256559767 0.380011655011655 0.02844023323615159 0.2146620046620046
0 0.4620991253644315 0.08741258741258741 0.05539358600583091 0.17482517482517482
0 0.5250145772594752 0.7046270396270397 0.056239067055393645 0.26911421911421923
0 0.7260495626822158 0.6967715617715619 0.039081632653061145 0.23298368298368308
0 0.6596209912536443 0.09090909090909091 0.04227405247813411 0.18181818181818182
0 0.7412536443148688 0.9324009324009324 0.033527696793002916 0.1351981351981352
0 0.7011661807580175 0.6988694638694639 0.03637026239067062 0.23089743589743578
0 0.7317784256559767 0.0944055944055944 0.04081632653061224 0.1888111888111888
0 0.4227405247813411 0.08682983682983683 0.052478134110787174 0.17365967365967366
0 0.48931486880466474 0.7072494172494173 0.06564139941690958 0.27146853146853156
0 0.9074344023323615 0.9568764568764568 0.18513119533527697 0.06526806526806526
0 0.1014139941690962 0.39414918414918415 0.08610787172011661 0.2714685314685314
0 0.41040816326530616 0.380011655011655 0.09774052478134104 0.27016317016317026
0 0.2246064139941691 0.391013986013986 0.08160349854227408 0.2608624708624708
0 0.33819241982507287 0.08624708624708624 0.061224489795918366 0.17249417249417248
0 0.287798833819242 0.38944055944055944 0.07723032069970848 0.2562820512820513
0 0.23323615160349853 0.08333333333333333 0.09620991253644315 0.16666666666666666
0 0.03644314868804665 0.0780885780885781 0.0728862973760933 0.1561771561771562
0 0.34132653061224494 0.3912703962703962 0.07018950437317781 0.2506526806526807
0 0.7142857142857143 0.9294871794871795 0.037900874635568516 0.14102564102564102
0 0.9147230320699709 0.736013986013986 0.17055393586005832 0.054778554778554776
0 0.9832361516034985 0.8939393939393939 0.033527696793002916 0.21212121212121213
0 0.15666180758017492 0.39074592074592074 0.08345481049562682 0.26780885780885777
0 0.40288629737609327 0.702004662004662 0.10134110787172008 0.301048951048951
0 0.7653061224489796 0.9230769230769231 0.043731778425655975 0.15384615384615385
0 0.03134110787172012 0.7412587412587412 0.06268221574344024 0.36363636363636365
0 0.891399416909621 0.8677156177156177 0.21720116618075802 0.07342657342657342
0 0.6317492711370263 0.7046270396270397 0.0466180758017493 0.2401864801864801
0 0.01239067055393586 0.39335664335664333 0.02478134110787172 0.2972027972027972
0 0.5386297376093294 0.9335664335664335 0.09766763848396501 0.13286713286713286
0 0.6341107871720116 0.9318181818181818 0.0641399416909621 0.13636363636363635
0 0.9154518950437318 0.6754079254079254 0.16909620991253643 0.09207459207459208