0 0.5961548913043478 0.08447247706422017 0.036413043478260805 0.10687308868501529
0 0.5553668478260869 0.08361620795107035 0.03834239130434786 0.10632262996941895
0 0.3939673913043478 0.08136085626911316 0.0320244565217392 0.11340214067278288
0 0.16129076086956523 0.2678211009174312 0.02710597826086957 0.1072400611620795
0 0.5262907608695653 0.26636085626911316 0.026372282608695608 0.10577217125382264
0 0.5514673913043479 0.2675764525993884 0.029375000000000005 0.10760703363914373
0 0.6733831521739131 0.0849617737003058 0.03457880434782615 0.10357798165137616
0 0.18570652173913044 0.268065749235474 0.028940217391304365 0.10687308868501526
0 0.2644565217391304 0.4016131498470948 0.0283695652173913 0.10467889908256882
0 0.9120108695652174 0.2705045871559633 0.03466032608695651 0.10912844036697249
0 0.8842527173913043 0.268065749235474 0.02836956521739145 0.10840214067278285
0 0.7744701086956521 0.26733180428134556 0.02618206521739128 0.10687308868501526
0 0.4186956521739131 0.7075229357798165 0.029375000000000005 0.13134556574923545
0 0.8000815217391305 0.26733180428134556 0.03232336956521734 0.10876146788990824
0 0.4746603260869566 0.2670871559633028 0.025081521739130485 0.10595565749235476
0 0.1336413043478261 0.2687996941896024 0.03457880434782607 0.10668960244648323
0 0.21921195652173914 0.7084938837920489 0.03360054347826089 0.12659021406727824
0 0.24014945652173914 0.40307339449541285 0.027853260869565216 0.1057721712538226
0 0.7106929347826088 0.08105504587155962 0.03398097826086955 0.11181957186544342
0 0.771875 0.40942660550458715 0.03221467391304353 0.11920489296636087
0 0.38724184782608695 0.557125382262997 0.026684782608695633 0.12683486238532118
0 0.17898097826086956 0.07922018348623854 0.041385869565217386 0.11438073394495414
0 0.6308559782608696 0.7060550458715597 0.0317255434782609 0.13122324159021398
0 0.6343342391304347 0.08373853211009175 0.03864130434782616 0.10779051987767585
0 0.16703804347826087 0.5566437308868502 0.03226902173913043 0.12719418960244658
0 0.2379891304347826 0.268065749235474 0.030638586956521753 0.10687308868501526
0 0.8009375 0.40820336391437306 0.030991847826086882 0.1199923547400612
0 0.8009375 0.5600611620795106 0.03877717391304343 0.12694954128440364
0 0.39244565217391303 0.7075229357798165 0.02947010869565225 0.13073394495412843
0 0.3204211956521739 0.4038073394495412 0.03531250000000001 0.10912844036697249
0 0.3182472826086956 0.268065749235474 0.03148097826086959 0.10650611620795103
0 0.7766440217391305 0.08050458715596329 0.02793478260869558 0.11358562691131498
0 0.7106929347826088 0.7128899082568808 0.03525815217391311 0.12463302752293577
0 0.5818342391304349 0.268065749235474 0.03834239130434786 0.10876146788990824
0 0.35165760869565216 0.08240061162079511 0.044660326086956526 0.11126911314984711
0 0.6707744565217392 0.2670871559633028 0.02926630434782604 0.10687308868501526
0 0.8603804347826087 0.2675764525993884 0.028940217391304285 0.11029051987767584
0 0.07532608695652174 0.268065749235474 0.027934782608695655 0.10687308868501526
0 0.6004891304347826 0.4123547400611621 0.0317255434782609 0.1151758409785933
0 0.41630434782608694 0.26659785932721713 0.02688858695652169 0.10687308868501526
0 0.39309782608695654 0.2692889908256881 0.02688858695652169 0.10503822629969418
0 0.33017663043478257 0.7089831804281346 0.03967391304347828 0.12719418960244658
0 0.48811141304347827 0.7080045871559634 0.03134510869565224 0.1289067278287461
0 0.5610054347826087 0.4091819571865444 0.051603260869565244 0.12420489296636088
0 0.6447418478260869 0.26659785932721713 0.03006793478260869 0.10668960244648323
0 0.29221467391304345 0.40112385321100913 0.029375000000000005 0.10650611620795103
0 0.7454076086956521 0.08081039755351681 0.033274456521739146 0.11200305810397554
0 0.4646875 0.7075229357798165 0.02385869565217384 0.1282951070336391
0 0.6109103260869565 0.5566437308868502 0.02498641304347824 0.12524464831804277
0 0.48029891304347827 0.5590825688073394 0.032595108695652186 0.12634556574923547
0 0.43040760869565214 0.08678899082568807 0.036902173913043436 0.10485474006116208
0 0.21921195652173914 0.0803822629969419 0.03392663043478257 0.11279051987767584
0 0.5349728260869565 0.5576146788990826 0.02826086956521733 0.12512232415902147
0 0.6594972826086957 0.7084938837920489 0.029157608695652225 0.1276834862385321
0 0.47206521739130436 0.08447247706422019 0.03961956521739126 0.10540519877675841
0 0.7631929347826087 0.5581039755351682 0.03183423913043487 0.1276834862385321
0 0.8321875 0.40967125382263 0.03804347826086957 0.12066513761467888
0 0.44733695652173916 0.2678211009174312 0.03654891304347823 0.10912844036697249
0 0.5636141304347826 0.557125382262997 0.030529891304347863 0.12463302752293577
0 0.5922418478260869 0.5561544342507646 0.025081521739130485 0.12444954128440365
0 0.36445652173913046 0.7084938837920489 0.03158967391304348 0.1282951070336391
0 0.19600543478260868 0.5551758409785933 0.028260869565217405 0.12719418960244658
0 0.5206521739130434 0.4072247706422018 0.035978260869565244 0.12377675840978596
0 0.7336956521739131 0.7143577981651376 0.0231385869565217 0.12292813455657489
0 0.8560461956521739 0.7084938837920489 0.035584239130434854 0.1293960244648318
0 0.6981114130434782 0.2675764525993884 0.028478260869565265 0.10760703363914373
0 0.6013586956521739 0.7070336391437309 0.033872282608695584 0.13183486238532113
0 0.2828940217391304 0.5556651376146788 0.031236413043478274 0.12805045871559634
0 0.44603260869565214 0.557125382262997 0.03725543478260864 0.12634556574923547
0 0.3100135869565217 0.5561544342507646 0.029932065217391345 0.12694954128440364
0 0.7250135869565217 0.268065749235474 0.028152173913043515 0.10632262996941891
0 0.3028532608695652 0.08600152905198777 0.04241847826086952 0.10595565749235475
0 0.2107608695652174 0.40258409785932725 0.03240489130434786 0.1072400611620795
0 0.5154483695652174 0.08312691131498472 0.03725543478260864 0.10724006116207951
0 0.6846603260869566 0.7089831804281346 0.02720108695652179 0.12634556574923547
0 0.5597010869565218 0.7099617737003058 0.04154891304347832 0.12743883792048935
0 0.5098097826086957 0.5561544342507646 0.028152173913043515 0.12683486238532118
0 0.08755434782608695 0.4125840978593272 0.03523097826086957 0.11651376146788993
0 0.10641304347826086 0.7045871559633028 0.04620923913043477 0.13451834862385326
0 0.8577853260869566 0.07977064220183487 0.04398097826086942 0.11578746177370029
0 0.11834239130434782 0.40112385321100913 0.025869565217391293 0.11242354740061158
0 0.8117934782608696 0.08312691131498472 0.04289402173913035 0.11047400611620795
0 0.12907608695652173 0.07641437308868501 0.05748641304347826 0.12292813455657492
0 0.8721059782608696 0.4123547400611621 0.04792119565217389 0.11962538226299696
0 0.9215625 0.7104510703363914 0.03202445652173904 0.1315902140672782
0 0.8981385869565217 0.5556651376146788 0.04631793478260859 0.13818042813455658
0 0.916358695652174 0.4084480122324159 0.044225543478260805 0.12792813455657492
0 0.7458423913043479 0.8535168195718655 0.0404619565217391 0.12890672782874626
0 0.8894565217391304 0.7094724770642202 0.0342527173913044 0.12988532110091733
0 0.8334782608695653 0.557125382262997 0.027201086956521715 0.1315902140672782
0 0.14860054347826088 0.7060550458715597 0.04273097826086955 0.12915137614678904
0 0.44345108695652175 0.3964831804281346 0.03211956521739129 0.11491590214067274
0 0.4829076086956522 0.39770642201834866 0.0424184782608696 0.11798165137614675
0 0.2273505434782609 0.5546865443425076 0.03308423913043481 0.1271941896024464
0 0.10309782608695651 0.2687996941896024 0.03504076086956521 0.10797400611620797
0 0.7167663043478261 0.41333333333333333 0.03183423913043487 0.11633027522935782
0 0.34688858695652175 0.5585932721712538 0.05062499999999999 0.12573394495412846
0 0.18667119565217388 0.7084938837920489 0.03834239130434784 0.1282951070336391
0 0.6508152173913043 0.41479357798165134 0.03232336956521734 0.11010703363914372
0 0.18342391304347827 0.40258409785932725 0.028260869565217405 0.10650611620795103
0 0.49592391304347827 0.268065749235474 0.027201086956521715 0.10650611620795103
0 0.36966032608695654 0.26733180428134556 0.02804347826086955 0.10840214067278285
0 0.830883152173913 0.268065749235474 0.03197010869565214 0.11010703363914372
0 0.6161141304347826 0.268065749235474 0.03313858695652172 0.1072400611620795
0 0.7558152173913043 0.7104510703363914 0.03457880434782615 0.12402140672782877
0 0.13971467391304349 0.4016131498470948 0.02710597826086955 0.1099235474006116
0 0.2115217391304348 0.2678211009174312 0.027201086956521715 0.10742354740061161
0 0.5215217391304348 0.7109403669724771 0.03826086956521735 0.12719418960244658
0 0.7432336956521739 0.40991590214067275 0.03207880434782595 0.11474770642201833
0 0.34580163043478257 0.2670871559633028 0.0283695652173913 0.10522171253822629
0 0.09995923913043478 0.5556651376146788 0.03654891304347827 0.12915137614678904
0 0.29048913043478264 0.7104510703363914 0.04100543478260871 0.12512232415902147
0 0.2594565217391304 0.07934250764525994 0.041385869565217365 0.11126911314984711
0 0.1328804347826087 0.5561544342507646 0.039456521739130425 0.12694954128440364