0 0.4057736389684814 0.31385483870967745 0.02487106017191979 0.11292741935483869
0 0.5210601719197707 0.4423629032258064 0.027277936962750663 0.1047499999999999
0 0.38151862464183384 0.31256451612903224 0.02656160458452717 0.11254032258064521
0 0.46753581661891114 0.3143709677419355 0.03951289398280808 0.1127338709677419
0 0.6473352435530085 0.16074999999999998 0.03859598853868203 0.1127338709677419
0 0.6111891117478511 0.15998387096774194 0.036404011461318005 0.11292741935483869
0 0.3343982808022923 0.3125645161290323 0.025544412607449916 0.1127338709677419
0 0.3616189111747851 0.5950725806451613 0.025644699140401114 0.11041935483870974
0 0.5544555873925501 0.8824758064516129 0.03974212034383955 0.10790322580645176
0 0.17141833810888252 0.43978225806451615 0.03345272206303728 0.10906451612903227
0 0.5466762177650429 0.1590806451612903 0.030974212034383962 0.11234677419354834
0 0.8486246418338109 0.16242741935483873 0.03448424068767899 0.1138951612903226
0 0.5068767908309456 0.3148870967741936 0.0326790830945558 0.11312096774193547
0 0.29574498567335245 0.4418467741935484 0.025845272206303754 0.10662096774193551
0 0.2616618911174785 0.1521290322580645 0.03928366762177653 0.11936290322580645
0 0.14830945558739256 0.43901612903225806 0.03703438395415476 0.11003225806451618
0 0.2900143266475645 0.3110241935483872 0.02666189111747853 0.11434677419354836
0 0.5169484240687678 0.15843548387096773 0.03219197707736394 0.11331451612903225
0 0.8042550143266476 0.31488709677419346 0.037607449856733526 0.1156935483870968
0 0.7365472779369627 0.1603709677419355 0.03557306590257869 0.11195967741935488
0 0.19531518624641836 0.43978225806451615 0.034541547277936985 0.11079838709677427
0 0.7232808022922637 0.31437096774193546 0.036805157593123285 0.11215322580645165
0 0.675243553008596 0.3146290322580645 0.029240687679083048 0.11041935483870974
0 0.541647564469914 0.31488709677419346 0.03330945558739255 0.1138951612903226
0 0.7530085959885388 0.31514516129032255 0.035028653295129004 0.11215322580645157
0 0.12772206303724928 0.4377258064516129 0.034226361031518604 0.11434677419354836
0 0.6235386819484241 0.8845403225806451 0.03703438395415476 0.10790322580645176
0 0.3124355300859599 0.3128225806451613 0.024484240687679047 0.11312096774193547
0 0.6880515759312321 0.7403225806451613 0.03293696275071634 0.11795161290322598
0 0.558567335243553 0.7413548387096774 0.036318051575931265 0.1171129032258063
0 0.5773352435530086 0.15791935483870967 0.03606017191977071 0.11312096774193547
0 0.7072636103151861 0.15946774193548388 0.03230659025787959 0.11195967741935488
0 0.27103151862464187 0.4426209677419355 0.03133237822349571 0.1086774193548387
0 0.5947134670487106 0.5930161290322581 0.040515759312320876 0.11234677419354834
0 0.5636103151862464 0.5955887096774193 0.042177650429799506 0.10945161290322583
0 0.23169054441260745 0.4433951612903225 0.05130372492836677 0.10662096774193551
0 0.5196848137535817 0.882991935483871 0.03256446991404014 0.10416935483870973
0 0.48766475644699137 0.5940483870967742 0.04415472779369635 0.11254032258064513
0 0.6221633237822349 0.3146290322580645 0.029455587392550064 0.11254032258064513
0 0.43871060171919773 0.7464999999999998 0.029799426934097355 0.10925806451612904
0 0.46159025787965613 0.7418709677419355 0.027392550143266484 0.11653225806451613
0 0.44511461318051576 0.5955887096774193 0.03789398280802299 0.11312096774193547
0 0.6134813753581662 0.44107258064516125 0.03219197707736394 0.10700000000000005
0 0.6967335243553009 0.3161693548387097 0.03017191977077356 0.11331451612903225
0 0.750272206303725 0.5925 0.03859598853868203 0.11254032258064513
0 0.32593123209169056 0.5955887096774193 0.045487106017191976 0.11595161290322578
0 0.6802722063037249 0.1597258064516129 0.03181948424068773 0.11118548387096774
0 0.5668051575931232 0.44287903225806446 0.029240687679083048 0.10475000000000008
0 0.42544412607449855 0.3135967741935484 0.02098853868194839 0.11312096774193547
0 0.1889111747851003 0.5945645161290323 0.03868194842406877 0.1227096774193549
0 0.831246418338109 0.31514516129032255 0.037750716332378094 0.11814516129032258
0 0.5883094555873926 0.7423790322580645 0.03626074498567328 0.11653225806451613
0 0.10348137535816619 0.13603225806451613 0.04306590257879656 0.1460161290322581
0 0.6665472779369628 0.7413548387096774 0.03319484240687673 0.11511290322580664
0 0.419269340974212 0.4423629032258064 0.02293696275071632 0.10436290322580652
0 0.5247134670487106 0.7434112903225807 0.037750716332378254 0.11756451612903224
0 0.4359598853868195 0.4405564516129032 0.021819484240687706 0.10623387096774195
0 0.383810888252149 0.5950725806451613 0.026146131805157593 0.11195967741935478
0 0.8198137535816619 0.16074999999999998 0.0335673352435531 0.11633870967741934
0 0.30671919770773637 0.7444435483870968 0.033911174785100306 0.1210403225806451
0 0.3421776504297994 0.4423629032258064 0.03528653295128939 0.10455645161290329
0 0.48812320916905444 0.8804193548387097 0.03789398280802299 0.09863709677419351
0 0.6578510028653295 0.5940483870967742 0.03789398280802299 0.1127338709677419
0 0.3149570200573066 0.44107258064516125 0.025945558739255033 0.11195967741935478
0 0.7219054441260745 0.5935322580645161 0.03942693409742118 0.11022580645161295
0 0.25822349570200576 0.3107661290322581 0.03293696275071634 0.1138951612903226
0 0.18650429799426935 0.13590322580645164 0.039512893982808 0.14163709677419353
0 0.46935530085959887 0.43978225806451615 0.023123209169054422 0.10680645161290327
0 0.7758882521489973 0.3156612903225807 0.0389111747851004 0.11453225806451611
0 0.7708595988538681 0.8799032258064515 0.03170487106017208 0.11234677419354834
0 0.2040114613180516 0.3076774193548387 0.03156160458452726 0.11672580645161292
0 0.30465616045845273 0.15341129032258063 0.03330945558739255 0.11878225806451614
0 0.5965472779369627 0.31591129032258064 0.02879656160458456 0.1147258064516129
0 0.6477936962750717 0.3156612903225807 0.028911174785100215 0.1127338709677419
0 0.396160458452722 0.4408145161290323 0.02293696275071632 0.1056532258064516
0 0.8166045845272206 0.4405564516129032 0.04646131805157602 0.1056532258064516
0 0.6372636103151863 0.44390322580645164 0.03230659025787959 0.10455645161290329
0 0.1489971346704871 0.30329838709677415 0.03230659025787967 0.12464516129032263
0 0.23123209169054443 0.3097338709677419 0.028137535816618892 0.1138951612903226
0 0.4524355300859599 0.1574032258064516 0.03107449856733532 0.1147258064516129
0 0.6660888252148998 0.4426209677419355 0.037750716332378254 0.10256451612903231
0 0.37603151862464185 0.44210483870967743 0.02497134670487099 0.10307258064516124
0 0.7850429799426935 0.4408145161290323 0.03997134670487119 0.10623387096774195
0 0.4208595988538682 0.15586290322580643 0.030515759312320853 0.11530645161290325
0 0.774054441260745 0.5919838709677419 0.04160458452722058 0.1156935483870968
0 0.48904011461318053 0.4408145161290323 0.02487106017191979 0.10217741935483875
0 0.4853724928366763 0.15791935483870967 0.027492836676217842 0.11350806451612903
0 0.4110315186246418 0.7423790322580645 0.036318051575931265 0.11916935483870966
0 0.6404727793696275 0.7413548387096774 0.03508595988538683 0.1156935483870968
0 0.7237392550143266 0.7403225806451613 0.042664756446991366 0.12149193548387104
0 0.49361031518624643 0.7398064516129034 0.037177650429799494 0.11775806451612902
0 0.6949140401146131 0.44133064516129034 0.035974212034383814 0.10770967741935479
0 0.615759312320917 0.7413548387096774 0.03732091690544406 0.11549999999999984
0 0.7946418338108882 0.16087903225806452 0.03626074498567328 0.1156935483870968
0 0.629484240687679 0.5935322580645161 0.03345272206303728 0.1106048387096775
0 0.2197994269340974 0.5950725806451613 0.041375358166189105 0.11981451612903221
0 0.17702005730659026 0.30638709677419357 0.029455587392550147 0.11962096774193552
0 0.1191404011461318 0.30329838709677415 0.04002865329512894 0.12637903225806454
0 0.6862177650429799 0.5955887096774193 0.03709169054441275 0.11118548387096766
0 0.7040544412607449 0.882991935483871 0.028352435530085908 0.10712903225806464
0 0.2520487106017192 0.7454758064516128 0.03502865329512892 0.11691935483870969
0 0.2781232091690544 0.7439274193548387 0.03356733524355302 0.11795161290322562
0 0.528381088825215 0.5940483870967742 0.037664756446991354 0.1096451612903226
0 0.412406876790831 0.5935322580645161 0.03230659025787959 0.1147258064516129
0 0.3408022922636103 0.15483064516129033 0.03617478510028653 0.11775806451612902
0 0.15482808022922634 0.747016129032258 0.04011461318051576 0.1261854838709676
0 0.5700143266475645 0.3156612903225807 0.027277936962750663 0.11434677419354836
0 0.7919054441260746 0.8804193548387097 0.03181948424068773 0.113701612903226
0 0.5434813753581662 0.44133064516129034 0.027392550143266484 0.10642741935483874
0 0.7543839541547277 0.882991935483871 0.029455587392550064 0.11022580645161277
0 0.29436962750716333 0.5950725806451613 0.024398280802292307 0.11737096774193545
0 0.2241404011461318 0.13693548387096774 0.04057306590257879 0.14292741935483871