0 0.6328125 0.37050391937290034 0.015131250000000023 0.11755879059350506
0 0.1438 0.7886898096304591 0.014337499999999998 0.11372900335946243
0 0.363525 0.5061030235162374 0.016662500000000052 0.11952967525195969
0 0.14355625 0.36963045912653975 0.017581249999999996 0.11416573348264283
0 0.18127500000000002 0.36699888017917137 0.01353749999999998 0.11558790593505042
0 0.2254625 0.7917469204927211 0.013900000000000006 0.10553191489361703
0 0.32275624999999997 0.22123180291153416 0.023862500000000005 0.1182194848824188
0 0.19067499999999998 0.5065397536394176 0.016787500000000007 0.10946248600223964
0 0.17333749999999998 0.5078611422172452 0.017106250000000003 0.1106718924972005
0 0.2556125 0.36919372900335945 0.015306250000000006 0.11909294512877942
0 0.3442375 0.3716013437849944 0.027006250000000023 0.11909294512877942
0 0.2712375 0.22024636058230684 0.01994374999999998 0.11351623740201568
0 0.20508125 0.7882530795072789 0.012524999999999977 0.10843225083986555
0 0.59130625 0.37684210526315787 0.018125 0.12412094064949612
0 0.257325 0.22330347144456886 0.019087499999999976 0.1098544232922732
0 0.167725 0.3672228443449048 0.016787500000000007 0.1219372900335946
0 0.21838125000000003 0.5078611422172452 0.012868750000000019 0.11274356103023524
0 0.28418125 0.2215565509518477 0.02161875000000002 0.11581187010078389
0 0.22155625 0.22374020156774918 0.01666249999999998 0.10826427771556552
0 0.27075 0.368969764837626 0.016525000000000033 0.1212765957446808
0 0.3244625 0.37137737961926093 0.016462499999999984 0.11799552071668533
0 0.36059375000000005 0.22462486002239643 0.02551249999999996 0.12258678611422169
0 0.34033125 0.07840985442329226 0.02211250000000007 0.11952967525195966
0 0.3652375 0.37291153415453526 0.026306249999999948 0.11515117581187015
0 0.70215 0.2241881298992161 0.013956249999999955 0.11646136618141098
0 0.24048124999999998 0.22374020156774918 0.01898125 0.10902575587905937
0 0.23864999999999997 0.7856215005599103 0.013218749999999986 0.11755879059350506
0 0.10540625 0.6417133258678611 0.014231249999999989 0.11537513997760356
0 0.19128125 0.22276595744680852 0.014900000000000019 0.10646136618141097
0 0.9165062500000001 0.2292161254199328 0.01302500000000009 0.10902575587905937
0 0.92626875 0.22899216125419933 0.01384999999999991 0.11165733482642774
0 0.0775125 0.3687569988801792 0.020018750000000002 0.11537513997760356
0 0.6245125 0.07742441209406495 0.013375000000000057 0.11646136618141098
0 0.11736875 0.9247256438969764 0.013374999999999986 0.11044792833146709
0 0.23010000000000003 0.3720380739081747 0.02232500000000002 0.1146024636058231
0 0.22778125 0.5100447928331467 0.009562499999999972 0.10492721164613666
0 0.2058125 0.2241881298992161 0.013793750000000032 0.10826427771556552
0 0.66845625 0.37050391937290034 0.014956249999999898 0.11865621500559914
0 0.6967749999999999 0.07797312430011198 0.012768749999999898 0.11646136618141098
0 0.17065625 0.6434602463605823 0.025037500000000018 0.12106382978723393
0 0.671875 0.07611422172452408 0.013737500000000012 0.11886898096304592
0 0.3088375 0.07655095184770437 0.019681250000000004 0.11843225083986564
0 0.06890625 0.2217805151175812 0.019243749999999993 0.11503919372900338
0 0.80078125 0.9282306830907054 0.015600000000000024 0.12040313549832025
0 0.6494125 0.22254199328107502 0.013537499999999909 0.11952967525195969
0 0.13110625 0.22309070548712207 0.017518750000000017 0.11105263157894739
0 0.26025625 0.7873796192609183 0.015775000000000004 0.11886898096304602
0 0.6308625000000001 0.22462486002239643 0.019268750000000025 0.11799552071668533
0 0.70703125 0.07977603583426651 0.011506249999999909 0.11296752519596864
0 0.3147 0.37050391937290034 0.008443749999999995 0.11734602463605819
0 0.12378125000000001 0.6447704367301231 0.016099999999999993 0.11558790593505042
0 0.20532499999999998 0.503919372900336 0.014900000000000019 0.11395296752519596
0 0.96581875 0.22855543113101903 0.019350000000000023 0.10963045912653979
0 0.32885624999999996 0.5113549832026876 0.016018750000000068 0.09929451287793949
0 0.11798125000000001 0.22790593505039194 0.016724999999999993 0.10492721164613661
0 0.07171875 0.7847480403135498 0.021237500000000003 0.11274356103023524
0 0.14245625 0.925599104143337 0.013900000000000006 0.11581187010078396
0 0.6860375000000001 0.37444568868980965 0.019837499999999862 0.11482642777155651
0 0.7338875 0.07901455767077267 0.012524999999999977 0.11712206047032475
0 0.8686499999999999 0.5126651735722284 0.01384999999999991 0.11416573348264283
0 0.328125 0.08404255319148936 0.020368749999999984 0.10727883538633817
0 0.97314375 0.6478387458006719 0.022931250000000035 0.11372900335946243
0 0.22436250000000002 0.07628219484882419 0.018725000000000023 0.11799552071668533
0 0.053587499999999996 0.7847480403135498 0.02069374999999999 0.11351623740201555
0 0.10430624999999999 0.5052295632698769 0.016524999999999998 0.11974244120940644
0 0.85595625 0.9308510638297872 0.01666249999999991 0.11537513997760356
0 0.81640625 0.08578947368421053 0.026156249999999943 0.10339305711086227
0 0.8774437500000001 0.07933930571108622 0.016981250000000045 0.11930571108622623
0 0.13879375 0.6460806270996641 0.016218749999999994 0.11296752519596877
0 0.2937 0.37050391937290034 0.022631250000000023 0.11712206047032478
0 0.63623125 0.6517693169092945 0.013168750000000031 0.12620380739081752
0 0.6308624999999999 0.7913101903695409 0.020718749999999987 0.11712206047032465
0 0.21045000000000003 0.3707166853303472 0.019299999999999998 0.11537513997760356
0 0.8032250000000001 0.6504591265397537 0.030275000000000035 0.12040313549832025
0 0.7558625000000001 0.07742441209406495 0.020093750000000056 0.11482642777155654
0 0.8920874999999999 0.08529675251959687 0.011731249999999988 0.11006718924972003
0 0.92480625 0.07933930571108622 0.015668750000000103 0.11689809630459125
0 0.9126000000000001 0.0918589025755879 0.014787499999999908 0.09820828667413213
0 0.1442875 0.22221724524076147 0.018874999999999992 0.1120940649496081
0 0.90283125 0.23970884658454647 0.016725000000000136 0.09218365061590145
0 0.74706875 0.2241881298992161 0.015900000000000036 0.11558790593505042
0 0.10376250000000001 0.08218365061590145 0.011331249999999998 0.10454647256438968
0 0.0357375 0.7825643896976484 0.017849999999999998 0.11165733482642781
0 0.2692875 0.07583426651735722 0.020493749999999977 0.11668533034714444
0 0.7748999999999999 0.22309070548712207 0.017912499999999908 0.11581187010078389
0 0.6694312499999999 0.654400895856663 0.019087499999999976 0.12258678611422176
0 0.7421875 0.08108622620380738 0.012481249999999874 0.10646136618141097
0 0.40283125 0.6482754759238522 0.031312499999999945 0.11952967525195969
0 0.79199375 0.5139753639417693 0.01890625 0.12368421052631584
0 0.120425 0.5034826427771557 0.015249999999999986 0.11296752519596864
0 0.6015625 0.382094064949608 0.017987499999999983 0.1070660694288914
0 0.28881875 0.07583426651735722 0.021287499999999966 0.11689809630459125
0 0.59033125 0.6469540873460247 0.022981249999999988 0.12150055991041434
0 0.10913125000000001 0.3786002239641657 0.014175000000000004 0.10432250839865619
0 0.624025 0.6500223964165733 0.013631249999999966 0.1199664053751401
0 0.06371875 0.6430235162374021 0.01785 0.11581187010078396
0 0.9555687500000001 0.23206047032474802 0.017381249999999966 0.10646136618141097
0 0.0208 0.7825643896976484 0.01601875 0.11602463605823057
0 0.028806250000000002 0.3726875699888018 0.0258 0.1070660694288914
0 0.8569312499999999 0.37334826427771556 0.01991250000000008 0.11778275475923859
0 0.6577124999999999 0.07709966405375139 0.016725000000000136 0.1197424412094065
0 0.237425 0.5144232922732362 0.010693750000000009 0.09891377379619265
0 0.42284999999999995 0.6487122060470324 0.02941874999999996 0.1212765957446808
0 0.90234375 0.08562150055991041 0.012056249999999977 0.10843225083986563
0 0.046293749999999995 0.6421500559910415 0.01785 0.11689809630459137
0 0.5058625 0.9308510638297872 0.016924999999999954 0.11821948488241873
0 0.009818750000000001 0.2283426651735722 0.014956249999999999 0.10318029115341544
0 0.66699375 0.9299776035834267 0.014556249999999977 0.11734602463605819
0 0.78466875 0.6495856662933931 0.026456249999999955 0.11329227323628227
0 0.9399437500000001 0.22811870100783876 0.0252687499999999 0.11689809630459125
0 0.56543125 0.9264725643896977 0.017518749999999982 0.12783874580067198
0 0.726075 0.08464725643896977 0.010368750000000091 0.10963045912653976
0 0.80908125 0.37181410974244117 0.019793750000000044 0.1212765957446808
0 0.45923125 0.37247480403135497 0.0401625 0.11821948488241873
0 0.9043000000000001 0.6548376259798432 0.018537499999999908 0.11127659574468073
0 0.85546875 0.5122284434490482 0.015900000000000036 0.11799552071668533
0 0.08880625 0.3786002239641657 0.017775 0.10568868980963045
0 0.2401125 0.07611422172452408 0.014450000000000003 0.11482642777155658
0 0.12054375 0.38406494960806276 0.014006250000000015 0.0971108622620381
0 0.6538062499999999 0.9282306830907054 0.015362499999999954 0.11712206047032465
0 0.019943749999999996 0.07496080627099663 0.03515625 0.10765957446808509
0 0.66845625 0.22221724524076147 0.014787499999999908 0.11503919372900338
0 0.253175 0.07698768197088465 0.014668750000000017 0.11351623740201568
0 0.7597687500000001 0.7948152295632699 0.02021874999999994 0.11253079507278836
0 0.1379375 0.5091713325867862 0.02208124999999999 0.11165733482642781
0 0.8803687499999999 0.5144232922732362 0.017987500000000125 0.11689809630459125
0 0.35326875 0.9317245240761478 0.01815624999999997 0.11274356103023524
0 0.6508812500000001 0.7904367301231803 0.018343749999999943 0.12150055991041434
0 0.8691437500000001 0.22768197088465844 0.02174374999999998 0.10963045912653972
0 0.05251875 0.37903695408734606 0.02395624999999999 0.09623740201567756
0 0.9370125 0.09120940649496082 0.014449999999999932 0.09530795072788352
0 0.8774437500000001 0.933471444568869 0.03768750000000012 0.10924972004479278
0 0.1296375 0.3812206047032475 0.011825000000000009 0.09257558790593501
0 0.95605625 0.08245240761478163 0.016018750000000068 0.11006718924972007
0 0.8295874999999999 0.5113549832026876 0.019193750000000023 0.11799552071668533
0 0.819825 0.7882530795072789 0.020293749999999874 0.11974244120940657
0 0.09350625000000001 0.0831131019036954 0.016343749999999987 0.10301231802911535
0 0.37573124999999996 0.5109182530795073 0.012193749999999995 0.11023516237402022
0 0.0816625 0.5047928331466965 0.026550000000000004 0.11581187010078382
0 0.44238124999999995 0.6465173572228444 0.02975624999999994 0.12150055991041434
0 0.89795 0.5122284434490482 0.022887499999999932 0.11865621500559914
0 0.80175625 0.0868868980963046 0.024793750000000045 0.10416573348264276
0 0.64501875 0.38340425531914896 0.015131250000000023 0.10077267637178053
0 0.97363125 0.9308510638297872 0.018874999999999885 0.11351623740201555
0 0.72314375 0.6513325867861142 0.017181249999999863 0.1212765957446808
0 0.7045874999999999 0.79 0.017775000000000034 0.12083986562150065
0 0.78418125 0.79 0.01916249999999991 0.11646136618141098
0 0.76123125 0.22462486002239643 0.016281250000000115 0.1160246360582307
0 0.303225 0.9361030235162374 0.014337500000000034 0.09727883538633807
0 0.9043000000000001 0.3805599104143337 0.030500000000000114 0.10225083986562157
0 0.8891625000000001 0.6530795072788355 0.021212500000000033 0.11088465845464723
0 0.94238125 0.6539529675251959 0.024568749999999966 0.11253079507278836
0 0.921875 0.652642777155655 0.02555624999999992 0.11127659574468073
0 0.8730500000000001 0.6513325867861142 0.021818749999999908 0.11274356103023524
0 0.23901250000000002 0.9238521836506159 0.01073749999999997 0.10706606942889127
0 0.70654375 0.6504591265397537 0.019087499999999976 0.12083986562150065
0 0.82715 0.6513325867861142 0.019837499999999862 0.11460246360582298
0 0.984375 0.23227323628219484 0.02665625000000006 0.11537513997760361
0 0.58545 0.9299776035834267 0.022462500000000035 0.11734602463605819
0 0.31640625 0.9361030235162374 0.015900000000000036 0.09781634938409844
0 0.2712375 0.9413549832026875 0.015962499999999977 0.08852183650615897
0 0.1422125 0.07698768197088465 0.02241250000000001 0.11067189249720043
0 0.8574250000000001 0.6517693169092945 0.02161875000000009 0.11296752519596877
0 0.71533125 0.5117917133258678 0.024518750000000013 0.12150055991041434
0 0.9165062500000001 0.9343561030235162 0.03137499999999989 0.1114893617021276
0 0.025175 0.6452071668533034 0.025999999999999995 0.11230683090705483
0 0.63135 0.9291041433370661 0.016281249999999973 0.11515117581187002
0 0.9433625000000001 0.7917469204927211 0.028656249999999942 0.11372900335946243
0 0.1202375 0.07884658454647256 0.02381875000000001 0.11105263157894739
0 0.9707062500000001 0.08278835386338186 0.017775000000000034 0.10946248600223964
0 0.7666 0.6478387458006719 0.02060000000000002 0.12017917133258671
0 0.7832062500000001 0.9291041433370661 0.021699999999999876 0.12061590145576712
0 0.7397437499999999 0.5144232922732362 0.024706250000000124 0.11734602463605819
0 0.88769375 0.23949608062709968 0.018587499999999865 0.09426651735722286
0 0.9370125 0.9378499440089586 0.02306874999999991 0.10208286674132148
0 0.2868625 0.9422284434490481 0.01666249999999998 0.08447928331466971
0 0.69140625 0.2333706606942889 0.009931249999999921 0.09946248600223963
0 0.10485625000000001 0.7856215005599103 0.020693750000000007 0.11329227323628227
0 0.36425624999999995 0.07709966405375139 0.03390625 0.12281075027995522
0 0.6796875 0.9291041433370661 0.017849999999999967 0.11734602463605819
0 0.9555687500000001 0.515296752519597 0.020918749999999875 0.1092497200447929
0 0.9863312500000001 0.9291041433370661 0.013168750000000102 0.11187010078387469
0 0.9160187500000001 0.5266629339305711 0.014668749999999875 0.09185890257558788
0 0.18359375 0.08639417693169094 0.043699999999999975 0.10356103023516239
0 0.98875 0.08622620380739082 0.0225 0.0940649496080627
0 0.18701250000000003 0.9439753639417694 0.05194375000000001 0.07901455767077262
0 0.859375 0.09136618141097425 0.026918750000000102 0.09711086226203808
0 0.29150625 0.6421500559910415 0.08465624999999996 0.1253191489361703
0 0.20226875 0.6434602463605823 0.08600000000000002 0.12215005599104135
0 0.0367125 0.5507278835386338 0.065125 0.030179171332586838
0 0.29711875 0.7856215005599103 0.09436250000000002 0.12510638297872342