0 0.7509885386819485 0.8377016129032258 0.03561604584527206 0.12386290322580656
0 0.6694985673352436 0.08505645161290322 0.035487106017191954 0.1184516129032258
0 0.6923352435530086 0.08713709677419355 0.03679083094555867 0.1103225806451613
0 0.4198997134670487 0.33996774193548385 0.05087392550143265 0.09929838709677419
0 0.35163323782234956 0.33895967741935484 0.023968481375358192 0.0986048387096774
0 0.9340974212034384 0.09154838709677421 0.03187679083094556 0.10710483870967742
0 0.9842406876790831 0.0846774193548387 0.03151862464183381 0.10967741935483871
0 0.6435386819484241 0.08398387096774193 0.03528653295128939 0.12008870967741933
0 0.5311604584527221 0.21711290322580648 0.04471346704871065 0.108241935483871
0 0.1303438395415473 0.5806451612903226 0.02839541547277936 0.10376612903225813
0 0.7406876790830945 0.08234677419354838 0.06458452722063027 0.12179032258064516
0 0.8118767908309457 0.08196774193548385 0.040888252148997085 0.11762903225806452
0 0.06286532951289399 0.33895967741935484 0.025587392550143265 0.10635483870967742
0 0.1027077363896848 0.7066532258064516 0.0243409742120344 0.11126612903225809
0 0.7509885386819485 0.7081693548387097 0.03335243553008592 0.11012903225806447
0 0.15094555873925503 0.5816532258064516 0.025386819484240687 0.10616129032258054
0 0.5580229226361032 0.21610483870967745 0.046002865329512914 0.1099435483870968
0 0.09169054441260745 0.9528225806451613 0.04011461318051576 0.09435483870967742
0 0.17243553008595988 0.08826612903225806 0.03461318051575931 0.11283870967741932
0 0.07964183381088825 0.7071612903225807 0.02952722063037251 0.11170967741935482
0 0.039154727793696276 0.7096774193548387 0.025000000000000005 0.11227419354838712
0 0.12419770773638968 0.7101854838709677 0.027965616045845288 0.11145161290322585
0 0.06414040114613181 0.5801451612903226 0.03077363896848138 0.10559677419354843
0 0.9600716332378223 0.08883870967741936 0.031146131805157608 0.10937903225806452
0 0.4420630372492837 0.21711290322580648 0.04253581661891125 0.10654032258064518
0 0.5002722063037249 0.21585483870967745 0.041275071633237743 0.10918548387096773
0 0.47296561604584525 0.21711290322580648 0.04174785100286531 0.10748387096774191
0 0.8414183381088824 0.08713709677419355 0.044355300859598906 0.110508064516129
0 0.2979083094555874 0.21862096774193546 0.04148997134670484 0.10414516129032257
0 0.3634957020057307 0.21433870967741933 0.04571633237822345 0.10691935483870971
0 0.047936962750716336 0.4574112903225807 0.02904011461318051 0.0986048387096774
0 0.3740114613180516 0.34475806451612906 0.028180515759312262 0.09280645161290325
0 0.41184813753581667 0.21585483870967745 0.04133237822349573 0.10616129032258063
0 0.10650429799426935 0.4591774193548387 0.04148997134670488 0.10250806451612895
0 0.28760744985673353 0.8377016129032258 0.031504297994269355 0.11706451612903214
0 0.530272206303725 0.8397177419354839 0.04462750716332375 0.11404032258064505
0 0.20981375358166188 0.45539516129032265 0.040716332378223516 0.10900000000000007
0 0.9040974212034383 0.08883870967741936 0.04197707736389678 0.10559677419354839
0 0.1849713467048711 0.4586693548387097 0.04040114613180514 0.10483870967741936
0 0.467134670487106 0.08284677419354838 0.05669054441260752 0.12518548387096773
0 0.39528653295128946 0.46018548387096775 0.03866762177650431 0.10338709677419358
0 0.3236532951289398 0.8372016129032259 0.029269340974212046 0.1172499999999999
0 0.14255014326647564 0.09211290322580645 0.03259312320916905 0.10521774193548385
0 0.29342406876790833 0.08543548387096773 0.055931232091690576 0.1190806451612903
0 0.6081661891117478 0.09305645161290321 0.03939828080229226 0.10143548387096772
0 0.1174785100286533 0.9528225806451613 0.04011461318051576 0.09435483870967742
0 0.7303868194842406 0.33568548387096775 0.027535816618911215 0.10288709677419358
0 0.21597421203438397 0.09110483870967742 0.04018624641833812 0.10900000000000001
0 0.27372492836676215 0.21623387096774194 0.03757879656160461 0.10540322580645164
0 0.07869627507163322 0.09330645161290321 0.028825214899713472 0.10433870967741934
0 0.04375358166189112 0.5786290322580645 0.02873925501432665 0.1039596774193549
0 0.7809885386819484 0.7167338709677419 0.03187679083094556 0.0938145161290322
0 0.25246418338108884 0.09154838709677421 0.04591690544412609 0.10937903225806452
0 0.3608022922636103 0.08996774193548387 0.04633237822349567 0.1160564516129032
0 0.060000000000000005 0.09173387096774194 0.0248137535816619 0.10691935483870971
0 0.7760601719197708 0.5786290322580645 0.029527220630372348 0.10654032258064526
0 0.04734957020057306 0.3470241935483871 0.021518624641833805 0.09690322580645158
0 0.15687679083094555 0.46144354838709684 0.04392550143266475 0.10250806451612895
0 0.10998567335243553 0.33619354838709675 0.04547277936962752 0.10433870967741934
0 0.12273638968481376 0.09545161290322582 0.02839541547277936 0.10433870967741934
0 0.04005730659025788 0.08675806451612904 0.027020057306590257 0.11404032258064518
0 0.09901146131805158 0.09129032258064515 0.03446991404011462 0.10616129032258063
0 0.07276504297994268 0.4586693548387097 0.03259312320916905 0.09791129032258071
0 0.8069484240687679 0.7091774193548387 0.03379656160458441 0.11485483870967748
0 0.3740114613180516 0.7056451612903226 0.09335243553008592 0.11624193548387086
0 0.763080229226361 0.3372016129032258 0.026805157593123262 0.1045241935483871
0 0.395730659025788 0.5796370967741935 0.023595988538681986 0.10250806451612895
0 0.425945558739255 0.08675806451612904 0.047320916905444085 0.1187016129032258
0 0.403567335243553 0.09425806451612903 0.040487106017191965 0.1045241935483871
0 0.034383954154727794 0.9556451612903226 0.02865329512893983 0.08870967741935484
0 0.8832378223495702 0.8568548387096774 0.2335243553008596 0.025
0 0.14310888252148996 0.8780241935483871 0.2337106017191977 0.029741935483871055
0 0.8925501432664756 0.5778225806451613 0.2148997134670487 0.02338709677419355
0 0.6897994269340975 0.45803225806451614 0.22520057306590266 0.014862903225806502
0 0.5593696275071633 0.34123387096774194 0.22161891117478502 0.016475806451612864
0 0.7106876790830946 0.18082258064516127 0.2294555873925501 0.0171209677419355
0 0.9004297994269341 0.6108870967741935 0.1991404011461318 0.018548387096774192
0 0.5616045845272206 0.32938709677419353 0.21747851002865323 0.013443548387096741
0 0.7044269340974212 0.20665322580645162 0.2100859598853868 0.013491935483870983
0 0.5365329512893983 0.5453629032258065 0.22541547277936969 0.015564516129032221
0 0.5611604584527221 0.3155241935483871 0.2239684813753582 0.015500000000000022
0 0.8961318051575932 0.5625 0.20773638968481375 0.013709677419354839
0 0.9040114613180515 0.5532258064516129 0.19197707736389685 0.012903225806451613
0 0.6824928366762177 0.4705161290322581 0.2193839541547276 0.016177419354838667
0 0.5289255014326647 0.7227822580645161 0.2053868194842407 0.017532258064516137
0 0.6905444126074498 0.24445967741935484 0.2269914040114614 0.01586290322580642
0 0.515945558739255 0.6980887096774193 0.20157593123209175 0.011693548387096775
0 0.23432664756446991 0.3341774193548387 0.2148997134670487 0.018346774193548385
0 0.5602578796561605 0.3001532258064516 0.22508595988538685 0.01937096774193547
0 0.268810888252149 0.5408306451612903 0.22620343839541546 0.017266129032258132
0 0.12912607449856733 0.24042741935483872 0.18893982808022922 0.012258064516129069
0 0.8975644699140402 0.3548387096774194 0.20487106017191978 0.01935483870967742
0 0.23790830945558739 0.6940564516129032 0.20359598853868197 0.019185483870967714
0 0.5441404011461318 0.5655241935483871 0.20975644699140397 0.013596774193548307
0 0.2359025787965616 0.7137096774193549 0.20863896848137536 0.02027419354838718
0 0.23836676217765043 0.7278225806451613 0.20326647564469913 0.02090322580645167
0 0.5620487106017192 0.3616451612903226 0.21971346704871061 0.013862903225806496
0 0.22962750716332378 0.3810483870967742 0.23101719197707737 0.018967741935483857
0 0.5181805157593123 0.7101854838709677 0.20080229226361027 0.013701612903225814
0 0.2743982808022922 0.5660322580645162 0.2148997134670487 0.014072580645161327
0 0.687865329512894 0.4443064516129033 0.23527220630372497 0.01592741935483871
0 0.2694699140401146 0.5776209677419355 0.21892550143266476 0.012112903225806437
0 0.6901002865329512 0.23550806451612902 0.2137822349570201 0.01313709677419352
0 0.9090257879656161 0.44637096774193546 0.1819484240687679 0.018548387096774192
0 0.5441404011461318 0.5917338709677419 0.2104297994269341 0.013032258064516196
0 0.534297994269341 0.7384112903225807 0.2068481375358166 0.016620967741935402
0 0.9047277936962751 0.4721774193548387 0.19054441260744986 0.025
0 0.23790830945558739 0.31628225806451615 0.2065042979942693 0.015024193548387093
0 0.7039828080229227 0.9637096774193549 0.20617478510028664 0.02670161290322591
0 0.49892550143266473 0.4793387096774194 0.16285100286532944 0.019185483870967714
0 0.2372349570200573 0.3520645161290323 0.20796561604584532 0.014129032258064502
0 0.9011461318051576 0.23346774193548386 0.1977077363896848 0.016935483870967744
0 0.23141833810888252 0.3639112903225806 0.2212750716332378 0.01543548387096773
0 0.5168338108882522 0.6733870967741935 0.20829512893982807 0.01479838709677412
0 0.9047277936962751 0.18951612903225806 0.19054441260744986 0.016129032258064516
0 0.9111747851002865 0.7068548387096775 0.17765042979942694 0.020161290322580645
0 0.2446275071633238 0.7620967741935484 0.22664756446991402 0.014741935483870946
0 0.8982808022922636 0.597983870967742 0.2034383954154728 0.01532258064516129
0 0.8961318051575932 0.49879032258064515 0.20773638968481375 0.02338709677419355
0 0.6793553008595988 0.48236290322580644 0.21445558739255005 0.015435483870967822
0 0.2665616045845272 0.5917338709677419 0.2068481375358166 0.017862903225806526
0 0.7111461318051576 0.19644354838709677 0.2118767908309457 0.014241935483870942
0 0.9054441260744985 0.20927419354838708 0.18911174785100288 0.013709677419354839
0 0.5598137535816619 0.3767661290322581 0.21938395415472778 0.01674193548387096
0 0.9075931232091691 0.7298387096774194 0.18481375358166188 0.01935483870967742
0 0.9075931232091691 0.43024193548387096 0.18481375358166188 0.021774193548387097
0 0.4957879656160458 0.43901612903225806 0.16878223495702013 0.017532258064516137
0 0.9032951289398281 0.21774193548387097 0.19340974212034384 0.014516129032258065
0 0.7048710601719198 0.2217741935483871 0.20359598853868213 0.020322580645161327
0 0.9054441260744985 0.20161290322580644 0.18911174785100288 0.012903225806451613
0 0.913323782234957 0.9641129032258065 0.17335243553008595 0.016935483870967744
0 0.8839541547277937 0.8407258064516129 0.23209169054441262 0.020161290322580645
0 0.23702005730659026 0.6779274193548387 0.1969914040114613 0.021846774193548323
0 0.1409885386819484 0.20413709677419353 0.2296704871060172 0.021846774193548413
0 0.6851719197707736 0.5065564516129032 0.20571633237822337 0.012975806451612837
0 0.7178510028653295 0.16998387096774192 0.2115472779369627 0.012830645161290342
0 0.8857449856733525 0.3165322580645161 0.20571633237822337 0.016935483870967744
0 0.14545845272206304 0.8563548387096775 0.24757879656160459 0.025169354838709707
0 0.8893266475644699 0.3344274193548387 0.21859598853868184 0.023088709677419352
0 0.8968481375358166 0.3681451612903226 0.20630372492836677 0.01532258064516129
0 0.13080229226361031 0.2242983870967742 0.19229226361031518 0.018491935483870927
0 0.27797994269340975 0.6265161290322581 0.2112034383954155 0.01808064516129038
0 0.9047277936962751 0.9508064516129032 0.19054441260744986 0.017741935483870968
0 0.9025787965616046 0.255241935483871 0.19484240687679083 0.02338709677419355
0 0.5007163323782235 0.5035322580645162 0.1640830945558739 0.01820967741935478
0 0.914756446991404 0.5451612903225806 0.17048710601719197 0.01129032258064516
0 0.9068767908309455 0.17580645161290323 0.18624641833810887 0.014516129032258065
0 0.26186246418338105 0.9732903225806453 0.22743553008595987 0.025362903225806303
0 0.8982808022922636 0.3814516129032258 0.2034383954154728 0.016129032258064516