0 0.30926160337552744 0.10982758620689655 0.014514767932489441 0.09152298850574711
0 0.4701898734177215 0.2165229885057471 0.013860759493670872 0.09784482758620693
0 0.5137763713080169 0.21701149425287355 0.017320675105485187 0.10155172413793104
0 0.38280590717299573 0.09876436781609195 0.017573839662447223 0.10583333333333333
0 0.034071729957805906 0.10485632183908046 0.014451476793248949 0.08120689655172415
0 0.5248523206751055 0.10373563218390805 0.012721518987341715 0.08520114942528734
0 0.5379535864978903 0.10390804597701149 0.013375527426160405 0.0874425287356322
0 0.8155063291139241 0.10140804597701149 0.01616033755274255 0.09442528735632184
0 0.17135021097046413 0.320632183908046 0.02065400843881855 0.10376436781609191
0 0.5772362869198312 0.10183908045977011 0.013227848101265784 0.08807471264367818
0 0.5349367088607595 0.21635057471264368 0.018818565400843795 0.09879310344827585
0 0.5092405063291139 0.0989367816091954 0.015611814345991513 0.09201149425287355
0 0.3669409282700422 0.10390804597701149 0.015485232067510495 0.10043103448275863
0 0.4971518987341772 0.7967816091954022 0.03170886075949361 0.09879310344827585
0 0.12099156118143459 0.320287356321839 0.01508438818565402 0.09965517241379312
0 0.7263502109704641 0.21238505747126435 0.023227848101265804 0.09597701149425289
0 0.7122362869198313 0.7885632183908047 0.03242616033755275 0.0898850574712643
0 0.4039662447257384 0.11436781609195401 0.014008438818565372 0.07933908045977012
0 0.8024050632911391 0.10810344827586206 0.012784810126582164 0.08091954022988505
0 0.19628691983122365 0.3223563218390805 0.028902953586497866 0.09718390804597699
0 0.7913291139240506 0.11221264367816092 0.01225738396624461 0.0764655172413793
0 0.3528270042194093 0.10982758620689655 0.014683544303797424 0.09270114942528733
0 0.5923628691983122 0.5631609195402298 0.03639240506329114 0.09048850574712647
0 0.49613924050632907 0.1114367816091954 0.011877637130801678 0.07020114942528738
0 0.06537974683544304 0.10887931034482759 0.013860759493670901 0.07658045977011496
0 0.1478059071729958 0.21514367816091956 0.019852320675105478 0.09425287356321842
0 0.6966244725738396 0.10390804597701149 0.014514767932489441 0.08459770114942528
0 0.006329113924050633 0.10201149425287356 0.012658227848101266 0.08333333333333333
0 0.6200632911392405 0.10304597701149425 0.013586497890295474 0.08919540229885055
0 0.5510548523206751 0.1007183908045977 0.01327004219409275 0.09031609195402301
0 0.13609704641350212 0.3235344827586207 0.013375527426160345 0.09666666666666662
0 0.6815189873417722 0.22301724137931034 0.012489451476793163 0.08586206896551722
0 0.4719620253164557 0.33195402298850574 0.016160337552742668 0.09459770114942526
0 0.5636497890295359 0.10002873563218391 0.012784810126582164 0.09005747126436782
0 0.5908438818565401 0.10028735632183908 0.013185654008438819 0.08919540229885059
0 0.8316244725738396 0.689080459770115 0.011772151898734264 0.08772988505747119
0 0.7777215189873418 0.1124712643678161 0.015907172995780514 0.07614942528735633
0 0.14717299578059073 0.331264367816092 0.012721518987341775 0.08954022988505754
0 0.6805063291139241 0.10603448275862068 0.01094936708860771 0.07933908045977012
0 0.047004219409282705 0.10887931034482759 0.01261603375527427 0.07405172413793103
0 0.1100210970464135 0.3211494252873563 0.00993670886075948 0.09390804597701151
0 0.919789029535865 0.11419540229885058 0.01856540084388176 0.09117816091954024
0 0.11721518987341772 0.20347701149425287 0.021054852320675083 0.10994252873563216
0 0.46339662447257385 0.797471264367816 0.011645569620253126 0.09948275862068967
0 0.8855274261603375 0.11264367816091955 0.01820675105485231 0.09287356321839078
0 0.29413502109704637 0.11264367816091955 0.013438818565400853 0.08597701149425288
0 0.4205907172995781 0.11436781609195401 0.01327004219409287 0.07933908045977012
0 0.6573417721518987 0.1071551724137931 0.011329113924050643 0.07629310344827585
0 0.9510126582278481 0.11419540229885056 0.017383966244725758 0.09005747126436782
0 0.6155274261603375 0.4444827586206897 0.013860759493670992 0.09117816091954029
0 0.9926160337552743 0.37212643678160917 0.014767932489451477 0.08908045977011494
0 0.829620253164557 0.10862068965517241 0.010042194092826985 0.08080459770114944
0 0.016877637130801686 0.21695402298850575 0.03375527426160337 0.03735632183908046
0 0.9026582278481013 0.11462643678160919 0.017848101265822862 0.0920114942528736
0 0.9681434599156118 0.11264367816091955 0.01862869198312245 0.0920114942528736
0 0.2828059071729958 0.10905172413793104 0.011075949367088608 0.08902298850574714
0 0.06613924050632912 0.5466954022988506 0.01666666666666668 0.0959770114942528
0 0.06286919831223628 0.21238505747126435 0.013755274261603367 0.08258620689655174
0 0.4797679324894515 0.11735632183908047 0.010126582278481037 0.06080459770114942
0 0.9877848101265823 0.11221264367816092 0.023607594936708977 0.09031609195402301
0 0.47624472573839666 0.562816091954023 0.03525316455696198 0.0956321839080459
0 0.17917721518987342 0.20965517241379308 0.13398734177215188 0.09913793103448276
0 0.28305907172995776 0.33982758620689657 0.011286919831223676 0.08867816091954019
0 0.3231012658227848 0.24807471264367817 0.08500000000000005 0.02597701149425285
0 0.7464978902953586 0.2135919540229885 0.16862869198312225 0.09844827586206895