0 0.11663888888888889 0.57421875 0.03776388888888889 0.15771875000000007
0 0.6666666666666666 0.7924843750000001 0.03856944444444442 0.16528125000000005
0 0.2788611111111111 0.5771484375 0.03393055555555557 0.16100781249999993
0 0.5564305555555555 0.5835 0.039472222222222166 0.16100781249999993
0 0.058916666666666666 0.5747109375 0.037625000000000006 0.15844531249999996
0 0.7152777777777778 0.591796875 0.039680555555555545 0.16614062500000007
0 0.7482638888888888 0.5908203125 0.04131944444444444 0.16967968750000004
0 0.49695833333333334 0.581546875 0.028722222222222153 0.15637500000000007
0 0.6501805555555555 0.5888671875 0.036625000000000005 0.16137499999999996
0 0.5247361111111111 0.5825234375 0.03149999999999993 0.15942187499999996
0 0.9375 0.8037109375 0.04719444444444447 0.17028906249999992
0 0.8506944444444444 0.798828125 0.052000000000000074 0.16772656250000004
0 0.8975694444444444 0.5942421875 0.0371388888888889 0.1674843749999999
0 0.7886249999999999 0.3701171875 0.04077777777777764 0.15869531250000005
0 0.7777777777777778 0.5908203125 0.04502777777777788 0.17102343750000007
0 0.7795138888888888 0.794921875 0.04605555555555567 0.16455468750000007
0 0.7530416666666667 0.369875 0.03930555555555549 0.1571015625
0 0.24479166666666666 0.78125 0.03670833333333334 0.16943750000000007
0 0.8967083333333333 0.7993203125000001 0.04893055555555558 0.16723437500000005
0 0.08702777777777777 0.57421875 0.02926388888888888 0.15771875000000007
0 0.8168472222222222 0.7978515625 0.04847222222222235 0.16638281249999992
0 0.7126805555555555 0.369140625 0.04266666666666671 0.15771875000000005
0 0.7421944444444445 0.7944375 0.04443055555555557 0.16369531249999997
0 0.6805555555555556 0.5903359375 0.03740277777777771 0.16345312500000003
0 0.245875 0.576171875 0.02805555555555554 0.1591796875
0 0.6202222222222222 0.5883828125 0.036972222222222226 0.15844531249999996
0 0.18283333333333332 0.5747109375 0.03347222222222224 0.15942187499999996
0 0.9244861111111111 0.59521875 0.04719444444444447 0.17028906250000003
0 0.9592083333333333 0.5961953125 0.04969444444444441 0.16967968750000004
0 0.6996527777777778 0.7939453125 0.05311111111111112 0.16723437499999996
0 0.9739583333333334 0.810546875 0.044680555555555654 0.16723437499999996
0 0.8046944444444445 0.5922890625 0.03748611111111112 0.1645546874999999
0 0.5907083333333334 0.5849609375 0.03227777777777779 0.1591796875
0 0.021513888888888888 0.572265625 0.04084722222222222 0.15796093750000004
0 0.453125 0.78515625 0.03431944444444449 0.1650390625
0 0.875875 0.593265625 0.03656944444444434 0.16614062500000007
0 0.8272638888888889 0.593265625 0.03805555555555568 0.16321093750000007
0 0.9670138888888888 0.36596874999999995 0.062013888888889014 0.17614843749999998
0 0.2153888888888889 0.5756875 0.03387499999999998 0.1577187499999999
0 0.8897638888888889 0.3681640625 0.0636944444444443 0.16809375000000001
0 0.9262222222222222 0.36499218750000006 0.06722222222222235 0.17248437500000002
0 0.37781944444444443 0.9545937500000001 0.03740277777777771 0.09057812500000004
0 0.8515694444444445 0.5927734375 0.03656944444444434 0.16345312500000003
0 0.40863888888888894 0.9545937500000001 0.04308333333333331 0.08740625000000009
0 0.8298611111111112 0.3681640625 0.06281944444444447 0.16662499999999997
0 0.4461805555555556 0.9560546875 0.03740277777777771 0.08178906250000004
0 0.29405555555555557 0.1391640625 0.037972222222222185 0.15685937499999997
0 0.5659722222222222 0.9575234375000001 0.04766666666666674 0.08081250000000004
0 0.5676944444444445 0.3678359375 0.1756111111111112 0.1659375
0 0.3958333333333333 0.1383046875 0.18087500000000004 0.15588281250000002
0 0.7734444444444445 0.1271953125 0.1936805555555556 0.1707734375
0 0.3796805555555556 0.365140625 0.1642361111111111 0.160546875
0 0.5885416666666666 0.134640625 0.18901388888888893 0.1643046875
0 0.21669444444444447 0.365234375 0.163625 0.15637500000000001
0 0.9296944444444445 0.13159375 0.135638888888889 0.171390625
0 0.06787499999999999 0.3662109375 0.1357361111111111 0.15942187499999996
0 0.06933333333333333 0.9423828125 0.13866666666666666 0.107421875
0 0.6935833333333333 0.958984375 0.18348611111111104 0.07721093749999994