0 0.73671875 0.128125 0.52578125 0.04765625
0 0.25234375 0.0234375 0.48203125 0.034375
0 0.24296875 0.775 0.4859375 0.0375
0 0.18515625 0.2921875 0.36796875 0.059375
0 0.8015625 0.02421875 0.39609375 0.0359375
0 0.16640625 0.52421875 0.3328125 0.0515625
0 0.15 0.6484375 0.3 0.0390625
0 0.353125 0.06796875 0.3546875 0.0484375
0 0.3993837515625 0.095328125 0.0044035671875000005 0.100416875 0.0030825625 0.148645625 0.395860634375 0.128651875 0.3993837515625 0.095328125
0 0.8749451781250001 0.2652775 0.36767965625 0.24 0.36944055468750003 0.27860687500000003 0.8626155875 0.305265625 0.8749451781250001 0.2652775
0 0.385292603125 0.40875000000000006 0.3870541609375 0.49520937500000006 0.984147953125 0.510205 0.987670409375 0.42523 0.385292603125 0.40875000000000006
0 0.30823447812500004 0.18375 0.3095554828125 0.230288125 0.5966532359375 0.2502825 0.5948923374999999 0.20529562499999998 0.30823447812500004 0.18375
0 0.33245244375 0.650416875 0.33773645937499996 0.72514125 0.8749451781250001 0.735138125 0.8731836203125001 0.676821875 0.33245244375 0.650416875
0 0.508586525 0.767083125 0.50506406875 0.8067837499999999 0.9993394984374999 0.8284437499999999 0.9993394984374999 0.780125 0.508586525 0.767083125
0 0.0836638046875 0.60875 0.0858652578125 0.633501875 0.6001763546875 0.650163125 0.6001763546875 0.626836875 0.0836638046875 0.60875
0 0.8678996031249999 0.51520375 0.33245244375 0.49625 0.3254075296875 0.555191875 0.8626155875 0.5735193749999999 0.8678996031249999 0.51520375
0 0.36063408125 0.23861875000000002 0.0066050203124999995 0.225416875 0.008366578125 0.2652775 0.36063408125 0.27860687500000003 0.36063408125 0.23861875000000002
0 0.29194187656250004 0.153644375 0 0.150416875 0.0066050203124999995 0.22029125 0.29194187656250004 0.22528937500000001 0.29194187656250004 0.153644375
0 0.9911935265625 0.21862499999999999 0.5966532359375 0.204583125 0.6036988109375 0.253614375 0.992954425 0.253614375 0.9911935265625 0.21862499999999999
0 0.9031268156250001 0.16697375 0.3456624828125 0.13999999999999999 0.3412595765625 0.185301875 0.897842140625 0.203629375 0.9031268156250001 0.16697375
0 0.4381327609375 0.5635225 0 0.550416875 0.0048434609375 0.601844375 0.43989432031250003 0.608509375 0.4381327609375 0.5635225
0 0.46014993437499996 0.562916875 0.4522239109375 0.6068431249999999 0.992954425 0.631835625 0.992954425 0.5868487499999999 0.46014993437499996 0.562916875
0 0.48436789999999996 0.33166687499999997 0.47688243124999996 0.40023749999999997 0.8414795249999999 0.415233125 0.8432410828125001 0.34192187500000004 0.48436789999999996 0.33166687499999997
0 0.5156321 0.7201425 0.0066050203124999995 0.7212500000000001 0 0.7518 0.5138705421875 0.75346625 0.5156321 0.7201425
0 0.9947159843750001 0.730139375 0.52399801875 0.723333125 0.5191545578125 0.75346625 0.9964775421875001 0.77179375 0.9947159843750001 0.730139375
0 0.839717965625 0.8317762500000001 0.3412595765625 0.806666875 0.33597556093750003 0.8551024999999999 0.8432410828125001 0.88509375 0.839717965625 0.8317762500000001
0 0.3148394984375 0.795120625 0.002201453125 0.8025 0.0030825625 0.85676875 0.3148394984375 0.846771875 0.3148394984375 0.795120625
0 0.5156321 0.920083125 0.011008585937499999 0.9108331250000001 0.0048434609375 0.950074375 0.5209161156250001 0.9467418750000001 0.5156321 0.920083125
0 0.3654775421875 0.85875 0.36944055468750003 0.9050874999999999 0.8555700125 0.93174625 0.8626155875 0.896756875 0.3654775421875 0.85875