0 0.68125 0.390625 0.35390625 0.06796875
0 0.646875 0.4421875 0.3421875 0.05703125
0 0.70078125 0.34296875 0.38046875 0.03359375
0 0.6921875 0.30234375 0.36328125 0.0390625
0 0.54296875 0.22421875 0.4078125 0.05390625
0 0.55625 0.26484375 0.38359375 0.040625
0 0.434375 0.17890625 0.38828125 0.04375
0 0.284375 0.3171875 0.41796875 0.05859375
0 0.26875 0.3640625 0.41953125 0.059375
0 0.25234375 0.42578125 0.41953125 0.07890625
0 0.2171875 0.54609375 0.42265625 0.08046875
0 0.2265625 0.50078125 0.3953125 0.03515625
0 0.2375 0.68203125 0.40078125 0.096875
0 0.23515625 0.7625 0.4703125 0.08125
0 0.4671875 0.11484375 0.3953125 0.0421875
0 0.490625 0.1375 0.4484375 0.0453125
0 0.6126005359375 0.556559928125 0.616621984375 0.5976923078125 0.94235925 0.651344365625 0.9383378015625 0.61091234375 0.6126005359375 0.556559928125
0 0.544235925 0.7300322 0.9463806968749999 0.8105098390625001 0.9584450406249999 0.742844365625 0.546916890625 0.68174686875 0.544235925 0.7300322
0 0.5375335125 0.7336091234375 0.5402144765625 0.774742396875 0.9624664875000001 0.8731028625 0.9567694375 0.832289803125 0.5375335125 0.7336091234375