0 0.6490361445783133 0.12178111587982833 0.030903614457831297 0.21152360515021457
0 0.34606927710843377 0.13724248927038626 0.061174698795180726 0.22751072961373392
0 0.4813704819277108 0.3482403433476395 0.041219879518072294 0.1777360515021459
0 0.5317469879518072 0.13082618025751075 0.045843373493975985 0.21257510729613735
0 0.42438253012048194 0.3477145922746781 0.049638554216867525 0.17564377682403426
0 0.39644578313253015 0.34693133047210295 0.04430722891566259 0.175901287553648
0 0.5663102409638554 0.12335836909871245 0.03798192771084342 0.2254077253218884
0 0.8571385542168675 0.10973175965665237 0.06691265060240974 0.217156652360515
0 0.899066265060241 0.11156652360515021 0.0712801204819276 0.2069420600858369
0 0.39828313253012043 0.13697424892703863 0.05445783132530116 0.22645922746781116
0 0.5648343373493976 0.34011802575107297 0.033433734939759104 0.175118025751073
0 0.5931475903614458 0.12217811158798283 0.034006024096385604 0.220568669527897
0 0.24862951807228917 0.1503326180257511 0.08561746987951811 0.2199141630901288
0 0.2958734939759036 0.13684549356223175 0.0832831325301205 0.2258047210300429
0 0.6166867469879518 0.33540772532188845 0.056445783132530146 0.18035407725321892
0 0.6232981927710843 0.12008583690987124 0.03909638554216873 0.22409871244635193
0 0.17325301204819277 0.1509871244635193 0.07302710843373496 0.220568669527897
0 0.8042018072289157 0.12152360515021458 0.07141566265060252 0.220568669527897
0 0.9593373493975904 0.11051502145922747 0.08132530120481928 0.20815450643776823
0 0.4927710843373494 0.12872317596566524 0.046280120481927735 0.2258047210300429
0 0.7608132530120482 0.11563304721030045 0.051656626506024025 0.22266094420600863
0 0.25506024096385543 0.36474248927038627 0.07399096385542168 0.16856223175965668
0 0.8696536144578314 0.31890557939914166 0.07524096385542174 0.17170600858369095
0 0.6549246987951808 0.328862660944206 0.05087349397590357 0.17851931330472104
0 0.5089457831325301 0.3448390557939914 0.03198795180722893 0.17484978540772536
0 0.5872740963855422 0.33540772532188845 0.04414156626506016 0.17629828326180252
0 0.11341867469879519 0.156362660944206 0.08516566265060242 0.2075965665236051
0 0.4563704819277108 0.1300321888412017 0.06079819277108434 0.23
0 0.6986746987951807 0.1182510729613734 0.04388554216867468 0.22266094420600863
0 0.63875 0.4912660944206009 0.04347891566265061 0.12835836909871232
0 0.7424246987951808 0.3236158798283262 0.06278614457831333 0.17799356223175963
0 0.010542168674698794 0.16416309012875535 0.02108433734939759 0.22317596566523606
0 0.045180722891566265 0.1555793991416309 0.09036144578313253 0.22532188841201717
0 0.37143072289156626 0.5185085836909872 0.047334337349397515 0.13648068669527902
0 0.16865963855421687 0.36893776824034336 0.08162650602409637 0.17341201716738197
0 0.8159638554216867 0.3231008583690987 0.07441265060240976 0.1741952789699571
0 0.5317469879518072 0.3445708154506438 0.0398493975903615 0.17590128755364812
0 0.01957831325301205 0.384656652360515 0.0391566265060241 0.17274678111587982
0 0.9248042168674699 0.3113090128755365 0.07606927710843372 0.17564377682403437
0 0.5549096385542168 0.49965665236051504 0.06480421686746984 0.13399141630901287
0 0.47843373493975905 0.5143240343347639 0.06079819277108434 0.14262875536480693
0 0.9071536144578314 0.4721459227467811 0.054457831325301326 0.12337982832618027
0 0.32602409638554214 0.35714592274678114 0.08915662650602407 0.18113733905579393
0 0.10743975903614458 0.3715557939914163 0.09018072289156626 0.17393776824034335