0 0.4125 0.81015625 0.27578125 0.01796875
0 0.4296875 0.83125 0.29609375 0.02578125
0 0.43828125 0.85234375 0.2828125 0.02890625
0 0.44140625 0.9015625 0.28828125 0.034375
0 0.4171875 0.78828125 0.27734375 0.02578125
0 0.44609375 0.94453125 0.30703125 0.0328125
0 0.875 0.81953125 0.24765625 0.0328125
0 0.67734375 0.71640625 0.31796875 0.03515625
0 0.871875 0.78359375 0.25 0.02890625
0 0.7 0.6890625 0.29921875 0.03046875
0 0.87421875 0.8734375 0.246875 0.025
0 0.66796875 0.7390625 0.32421875 0.025
0 0.8765625 0.7625 0.246875 0.01875
0 0.91484375 0.7203125 0.1703125 0.0296875
0 0.8609375 0.2484375 0.27265625 0.01328125
0 0.9078125 0.74453125 0.171875 0.0203125
0 0.87265625 0.93125 0.24609375 0.02265625
0 0.9171875 0.6921875 0.15546875 0.0328125
0 0.6265625 0.47421875 0.30859375 0.040625
0 0.86640625 0.95546875 0.2578125 0.03046875
0 0.73203125 0.34140625 0.03671875 0.16796875
0 0.7296875 0.09296875 0.09765625 0.17109375
0 0.909375 0.54609375 0.040625 0.1234375
0 0.6671875 0.88828125 0.0390625 0.2203125
0 0.44609375 0.97734375 0.31328125 0.02265625