0 0.6780144927536231 0.7260277324632953 0.4183768115942028 0.048221859706362065
0 0.6266376811594203 0.41762642740619904 0.45586956521739125 0.03584828711256121
0 0.5646231884057971 0.28817292006525286 0.44036231884057975 0.04694942903752044
0 0.6729130434782609 0.697373572593801 0.4202318840579709 0.04415171288743892
0 0.6400579710144927 0.4577406199021208 0.450304347826087 0.029983686786296895
0 0.8942028985507247 0.2838499184339315 0.21159420289855072 0.048939641109298535
0 0.6803188405797101 0.6260032626427406 0.43966666666666665 0.029208809135399628
0 0.5854492753623188 0.3532952691680261 0.4449855072463769 0.039983686786296886
0 0.6557971014492754 0.49194942903752037 0.4782608695652174 0.032830342577487764
0 0.6594927536231884 0.5494290375203915 0.45030434782608686 0.03323001631321371
0 0.6844927536231885 0.8020799347471452 0.4771594202898551 0.048287112561174586
0 0.5409565217391304 0.238931484502447 0.44565217391304346 0.044820554649265945