0 0.47405534351145046 0.8517090216010165 0.018902671755725138 0.1677636594663278
0 0.4192652671755725 0.37943456162642947 0.03500954198473288 0.17359593392630243
0 0.5676145038167939 0.3898602287166455 0.023015267175572413 0.15200762388818298
0 0.6097328244274809 0.39209656925031766 0.034036259541984804 0.15151207115628973
0 0.3072614503816794 0.6248792884371029 0.026020992366412195 0.17049555273189335
0 0.5035019083969465 0.8551842439644218 0.02692748091603056 0.1672681067344344
0 0.6440267175572519 0.85071791613723 0.03009541984732821 0.17695044472681065
0 0.258807251908397 0.8472426937738247 0.033311068702290045 0.18489199491740788
0 0.5575477099236641 0.8527064803049555 0.03678435114503813 0.17471410419313851
0 0.19189885496183207 0.3742249047013977 0.027041984732824403 0.18191232528589577
0 0.7003053435114504 0.8457560355781448 0.03375954198473293 0.19568614993646744
0 0.5221374045801527 0.38712833545108005 0.02522900763358784 0.15994917407878018
0 0.19413167938931297 0.8402986022871666 0.043979007633587815 0.1960546378653114
0 0.28153625954198475 0.8532020330368488 0.03238549618320605 0.17384371029224913
0 0.4431202290076336 0.38787801778907244 0.021889312977099288 0.15510800508259204
0 0.46063931297709926 0.6184307496823379 0.06975190839694648 0.1896060991105464
0 0.31322519083969463 0.38067979669631513 0.02553435114503816 0.1719822109275731
0 0.5862499999999999 0.39234434561626425 0.017099236641221444 0.14927573062261756
0 0.2194847328244275 0.37893900889453624 0.0291889312977099 0.17334815756035574
0 0.12927480916030534 0.36578780177890724 0.028587786259541965 0.19816391359593397
0 0.5459923664122138 0.38018424396442185 0.02522900763358784 0.17620076238881824
0 0.48598282442748086 0.8561817026683609 0.020181297709923753 0.16156289707750965
0 0.28788167938931297 0.3844027954256671 0.02684160305343511 0.1626747141041931
0 0.5254961832061069 0.8541931385006353 0.03224236641221371 0.17111817026683618
0 0.38721374045801527 0.8775222363405337 0.022833969465648807 0.12179161372299861
0 0.8520133587786259 0.36827191867852604 0.023998091603053523 0.1987865311308768
0 0.6019083969465648 0.85071791613723 0.057729007633587785 0.17583227445997443
0 0.2435209923664122 0.3784434561626429 0.027633587786259576 0.17384371029224896
0 0.38721374045801527 0.38688055908513347 0.03040076335877864 0.15920584498094023
0 0.17465648854961832 0.36951080050825924 0.018473282442748106 0.18538754764930113
0 0.1058206106870229 0.5979034307496823 0.010849236641221378 0.234574332909784
0 0.14403625954198473 0.6009212198221092 0.014942748091603078 0.22296060991105468
0 0.25059160305343514 0.6157687420584498 0.02555343511450379 0.19326556543837345
0 0.34997137404580153 0.6347522236340534 0.04712786259541983 0.15017153748411696