0 0.2551894563426689 0.1821899736147757 0.031812191103789134 0.12342348284960424
0 0.04731466227347611 0.5826385224274406 0.01879736408566721 0.10459102902374666
0 0.09664744645799013 0.58217018469657 0.016779242174629328 0.1023021108179419
0 0.11049423393739702 0.5820382585751979 0.015939044481054383 0.09934696569920838
0 0.0721499176276771 0.5851253298153034 0.01476935749588139 0.09209102902374679
0 0.3019604612850082 0.5746437994722955 0.0196375617792422 0.11412928759894458
0 0.37881383855024714 0.572631926121372 0.03238879736408561 0.11279023746701848
0 0.04160626029654038 0.46097625329815306 0.02080724876441516 0.09643139841688658
0 0.24674629324546954 0.8239116094986807 0.009901153212520579 0.09395118733509224
0 0.369835255354201 0.8222955145118733 0.016112026359143283 0.0961015831134565
0 0.41254530477759477 0.8207519788918206 0.005873146622734851 0.09704485488126642
0 0.3944233937397035 0.8220976253298152 0.009901153212520579 0.09436015831134577
0 0.4495469522240527 0.8231662269129288 0.017784184514003227 0.10725593667546168
0 0.18440691927512357 0.8226978891820581 0.01778418451400332 0.09422163588390511
0 0.13557660626029655 0.7083575197889181 0.01745469522240527 0.09399076517150382
0 0.27612026359143327 0.7013060686015832 0.03842668863261942 0.10810026385224282
0 0.4477018121911038 0.6976121372031662 0.017454695222405316 0.11011213720316612
0 0.37588138385502473 0.7045316622691292 0.021482701812191043 0.09842348284960424
0 0.3177759472817133 0.5725593667546174 0.022306425041186195 0.11124670184696576
0 0.3390115321252059 0.5730738786279683 0.021960461285008212 0.10989445910290231
0 0.23459637561779242 0.6977836411609498 0.01729818780889621 0.10815303430079158
0 0.24763591433278417 0.7029419525065964 0.02121911037891268 0.10551451187335095
0 0.41044481054365733 0.5720448548812666 0.03193574958813837 0.1083509234828496
0 0.004530477759472817 0.8195910290237467 0.009060955518945634 0.10488126649076517
0 0.43972817133443165 0.5741029023746702 0.029324546952223977 0.10931398416886545
0 0.43168039538714986 0.8178627968337732 0.015164744645799078 0.10390501319261213
0 0.17909390444810544 0.1908245382585752 0.030164744645799015 0.10951187335092347
0 0.27852553542009884 0.5813192612137204 0.021112026359143325 0.1031332453825857
0 0.01070840197693575 0.6978891820580475 0.0214168039538715 0.10686015831134564
0 0.11715815485996704 0.6972691292875989 0.028154859967051075 0.10912269129287588
0 0.27466227347611205 0.32107519788918204 0.02411037891268532 0.11317941952506591
0 0.01479406919275123 0.8214643799472295 0.0265485996705107 0.10551451187335095
0 0.7540939044481054 0.6941820580474934 0.021622734761120265 0.10628627968337738
0 0.4477677100494234 0.05387203166226914 0.012405271828665524 0.10281002638522428
0 0.4178500823723229 0.7013918205804749 0.03981878088962102 0.10532321899736152
0 0.4358649093904448 0.44939313984168866 0.02910214168039533 0.11240765171503964
0 0.08956342668863261 0.6983047493403695 0.019637561779242155 0.1097031662269129
0 0.04556013179571664 0.6977836411609498 0.019044481054365736 0.1097031662269129
0 0.853838550247117 0.9332981530343009 0.019266886326194294 0.09920184696569913
0 0.02408566721581548 0.19172823218997362 0.0164497528830313 0.1083509234828496
0 0.6462108731466227 0.05112137203166227 0.022240527182866558 0.10224274406332454
0 0.03502471169686985 0.18940633245382585 0.019785831960461294 0.10796174142480208
0 0.8197364085667217 0.5818337730870712 0.022644151565073954 0.09391820580474941
0 0.8377512355848434 0.9322625329815303 0.0218616144975288 0.09817282321899731
0 0.8885914332784185 0.052163588390501316 0.02087314662273488 0.10313324538258575
0 0.7811202635914333 0.5823482849604222 0.019711696869851594 0.09391820580474926
0 0.21626029654036247 0.19005277044854882 0.020016474464579864 0.10873350923482852
0 0.4850988467874794 0.3228759894459103 0.01682866556836908 0.10667546174142482
0 0.534003294892916 0.05174802110817943 0.016507413509060924 0.10293535620052771
0 0.06647446457990114 0.9353562005277045 0.024209225700164733 0.0863192612137204
0 0.8358237232289951 0.5813192612137204 0.021375617792421597 0.09340369393139836
0 0.8544810543657331 0.5813192612137204 0.023525535420098803 0.09340369393139836
0 0.6009308072487644 0.05364775725593667 0.017495881383855032 0.10242084432717678
0 0.5533113673805602 0.05323218997361478 0.016771004942339292 0.10390501319261214
0 0.3986820428336079 0.05244063324538258 0.013179571663920923 0.10488126649076517
0 0.6183113673805601 0.05290897097625329 0.01735584843492581 0.10371372031662268
0 0.5152388797364086 0.051451187335092345 0.015650741350906095 0.10290237467018469
0 0.7347858319604612 0.8188918205804749 0.02324546952224055 0.10152374670184687
0 0.4281466227347611 0.05397097625329815 0.013039538714991703 0.10332453825857518
0 0.8345387149917629 0.8163126649076516 0.04074135090609558 0.10609498680738796
0 0.0515980230642504 0.18940633245382585 0.015642504118616153 0.10461081794195252
0 0.6910296540362438 0.8152836411609499 0.025741350906095552 0.1087335092348286
0 0.5832372322899505 0.052163588390501316 0.01817957166392087 0.10390501319261214
0 0.3014827018121911 0.052770448548812667 0.02471169686985173 0.10554089709762533
0 0.8866639209225701 0.5808047493403694 0.018962108731466212 0.09424142480211074
0 0.817158154859967 0.9327770448548812 0.021293245469522167 0.09443271767810017
0 0.8525535420098846 0.45532321899736145 0.0214579901153214 0.0961081794195251
0 0.48992586490939044 0.056062005277044864 0.012602965403624345 0.1004287598944591
0 0.08514003294892918 0.9348416886543536 0.019332784184514024 0.08296833773087084
0 0.5683690280065898 0.05178100263852243 0.014827018121911038 0.10356200527704486
0 0.1549670510708402 0.20512532981530346 0.025601317957166424 0.08238786279683376
0 0.27257001647446455 0.8178627968337732 0.04263591433278418 0.10570580474934037
0 0.7154777594728171 0.8199208443271768 0.021037891268533743 0.10100923482849611
0 0.645337726523888 0.5782255936675462 0.016639209225700204 0.09971635883905018
0 0.6324629324546952 0.4537730870712401 0.025296540362438252 0.09959102902374671
0 0.7997858319604614 0.5828693931398417 0.023789126853377356 0.09443271767810031
0 0.8712191103789128 0.9343271767810026 0.020172981878088782 0.08683377308707116
0 0.6318204283360791 0.5771965699208443 0.020329489291598075 0.10190633245382587
0 0.4178500823723229 0.17639182058047495 0.025057660626029713 0.12709762532981528
0 0.14981878088962108 0.9312335092348285 0.027833607907742967 0.09256596306068597
0 0.4426194398682043 0.17729551451187334 0.024250411861614543 0.12973614775725598
0 0.5002224052718286 0.05628627968337731 0.012891268533772727 0.0957849604221636
0 0.9812602965403624 0.5797757255936676 0.023171334431631063 0.09108839050131921
0 0.4094810543657331 0.053746701846965714 0.012405271828665524 0.10480870712401054
0 0.5658566721581549 0.8152836411609499 0.024209225700164826 0.10519129287598931
0 0.10090609555189456 0.9338126649076518 0.02087314662273474 0.08284300791556738
0 0.7418698517298188 0.5802902374670185 0.030626029654036296 0.09527044854881271
0 0.6582042833607907 0.700877308707124 0.025197693574958747 0.09959102902374671
0 0.6041515650741351 0.5766820580474934 0.025197693574958747 0.10171503957783644
0 0.5648929159802306 0.6998482849604222 0.01971169686985178 0.09939313984168854
0 0.3694398682042834 0.05343007915567282 0.023887973640856673 0.10686015831134564
0 0.3261943986820428 0.052770448548812667 0.02471169686985173 0.10554089709762533
0 0.6324629324546952 0.052908970976253286 0.014481054365733053 0.10190633245382587
0 0.1441515650741351 0.05310026385224274 0.0214168039538715 0.10620052770448549
0 0.5858072487644151 0.5766820580474934 0.021622734761120265 0.1031332453825857
0 0.34802306425041185 0.05310026385224274 0.025535420098846788 0.10620052770448549
0 0.6569192751235585 0.5813192612137204 0.016202635914332846 0.09591688654353567
0 0.3871499176276771 0.05310026385224274 0.014827018121911038 0.10620052770448549
0 0.9078995057660626 0.05226253298153036 0.02420922570016464 0.10281002638522428
0 0.9156177924217462 0.8209498680738786 0.017907742998352374 0.10422823218997376
0 0.48670510708401976 0.17948548812664908 0.018896210873146666 0.12155672823218995
0 0.8673558484349259 0.8168271767810026 0.03400329489291615 0.10893139841688645
0 0.18199341021416804 0.9307189973614776 0.05650741350906097 0.09591688654353553
0 0.12067545304777595 0.051451187335092345 0.025535420098846788 0.10290237467018469
0 0.48155683690280066 0.054518469656992086 0.00858319604612856 0.10441952506596307
0 0.07894563426688633 0.8188918205804749 0.0639126853377265 0.10777044854881274
0 0.7914168039538715 0.1891490765171504 0.06194398682042818 0.10796174142480208
0 0.3560708401976936 0.9059828496042217 0.04492586490939041 0.049696569920844424
0 0.17627677100494235 0.051451187335092345 0.026359143327841845 0.10290237467018469
0 0.12600494233937398 0.2078298153034301 0.041128500823723234 0.07407651715039575
0 0.8969604612850083 0.18901715039577838 0.03486820428336073 0.10970316622691297
0 0.7122652388797365 0.1899208443271768 0.07327841845140036 0.10777044854881267
0 0.082001647446458 0.18928100263852243 0.02960461285008237 0.10441952506596311
0 0.5983607907742998 0.6988192612137204 0.07171334431630967 0.09591688654353553
0 0.9880560131795717 0.32849604221635886 0.023887973640856673 0.09762532981530343
0 0.2296128500823723 0.06720976253298153 0.09178747940691932 0.08077836411609499
0 0.6768698517298188 0.45506596306068603 0.07509060955518952 0.09817282321899731
0 0.4960378912685338 0.4612467018469657 0.0350741350906095 0.08792875989445907
0 0.6833031301482702 0.5725593667546174 0.06974464579901159 0.08664248021108173
0 0.09430807248764415 0.46047493403693934 0.07774299835255354 0.09971635883905018
0 0.9785831960461285 0.691952506596306 0.042833607907743 0.08443271767810026
0 0.5671499176276771 0.4607321899736148 0.03400329489291596 0.08806068601583114
0 0.9793327841845141 0.8178627968337732 0.040963756177924235 0.10422823218997376