0 0.29977272727272725 0.3053510638297872 0.09670454545454543 0.3406489361702128
0 0.5334801136363636 0.3 0.060767045454545414 0.34753191489361707
0 0.16062500000000002 0.29362765957446807 0.10044034090909087 0.376063829787234
0 0.23683238636363635 0.3086595744680851 0.09329545454545456 0.34167021276595755
0 0.8614346590909091 0.28573404255319146 0.07051136363636377 0.37377659574468086
0 0.5862215909090909 0.2933723404255319 0.051619318181818225 0.3569574468085106
0 0.7872727272727272 0.28802127659574467 0.07119318181818167 0.36638297872340425
0 0.6413352272727273 0.2931170212765957 0.05940340909090916 0.35976595744680856
0 0.3868607954545455 0.30229787234042554 0.10784090909090903 0.3442234042553192
0 0.10092329545454545 0.2946489361702128 0.09414772727272727 0.3816702127659574
0 0.47055397727272724 0.2961808510638298 0.0823721590909091 0.3528829787234042
0 0.7069886363636364 0.29057446808510634 0.07595170454545458 0.36409574468085104
0 0.08693181818181818 0.7725957446808511 0.1 0.3485851063829788
0 0.15738636363636366 0.7586170212765958 0.10325284090909091 0.365872340425532
0 0.3399147727272727 0.7565851063829788 0.10231534090909088 0.36409574468085104
0 0.9396874999999999 0.7525000000000001 0.07343750000000006 0.3493191489361701
0 0.6426846590909091 0.7535212765957446 0.09900568181818188 0.3691914893617021
0 0.5399431818181818 0.7550531914893617 0.09585227272727276 0.36714893617021266
0 0.43992897727272723 0.7560744680851065 0.10265624999999998 0.36435106382978727
0 0.8743607954545454 0.7514893617021277 0.07735795454545459 0.35976595744680856
0 0.2415909090909091 0.7570957446808511 0.10954545454545456 0.36663829787234054
0 0.9694602272727273 0.2521276595744681 0.061079545454545456 0.43617021276595747
0 0.9794034090909091 0.7484042553191489 0.041193181818181816 0.33297872340425533