0 0.4912979351032449 0.18646017699115044 0.31404129793510316 0.049115044247787586
0 0.8252212389380531 0.12831858407079647 0.3495575221238938 0.061946902654867256
0 0.8222713864306784 0.20741150442477876 0.3554572271386431 0.051991150442477874
0 0.8212389380530972 0.5122013274336283 0.35572271386430687 0.05175884955752209
0 0.23290560471976401 0.37417035398230086 0.26441002949852516 0.038418141592920375
0 0.5075516224188791 0.3717809734513274 0.28436578171091437 0.034834070796460184
0 0.5022566371681415 0.3137610619469026 0.2847197640117994 0.039314159292035356
0 0.4976548672566372 0.26236725663716814 0.29477876106194695 0.03871681415929203
0 0.8237463126843658 0.32577433628318586 0.3525073746312684 0.04535398230088496
0 0.19474926253687314 0.056050884955752216 0.2598082595870207 0.06630530973451328
0 0.24825958702064896 0.43563053097345134 0.2455014749262536 0.041891592920353986
0 0.8014454277286136 0.6822898230088495 0.3232153392330385 0.06967920353982301
0 0.8252212389380531 0.28650442477876104 0.3495575221238938 0.04424778761061947
0 0.8169911504424778 0.575254424778761 0.34582595870206495 0.06801991150442478
0 0.8237463126843658 0.43805309734513276 0.3525073746312684 0.046460176991150445
0 0.4923598820058997 0.14049778761061946 0.3168584070796461 0.06874999999999998
0 0.7929793510324483 0.7268030973451327 0.3149262536873156 0.06725663716814154
0 0.24172566371681414 0.40569690265486724 0.2543362831858408 0.042389380530973506
0 0.8237463126843658 0.16426991150442477 0.3525073746312684 0.06305309734513274
0 0.8240560471976401 0.24793141592920354 0.3509587020648968 0.047157079646017695
0 0.7753097345132743 0.9254977876106194 0.2776548672566372 0.0820022123893804
0 0.5142625368731564 0.5251769911504425 0.2861356932153392 0.04768805309734515
0 0.21117994100294987 0.2028871681415929 0.26193215339233045 0.05669247787610619
0 0.489188790560472 0.10254424778761062 0.3193362831858407 0.06801991150442478
0 0.5114306784660767 0.41258849557522126 0.2799557522123893 0.03961283185840702
0 0.5103834808259587 0.6563274336283187 0.2720058997050147 0.059811946902654796
0 0.22741887905604719 0.34952433628318585 0.26564896755162243 0.034701327433628325
0 0.270693215339233 0.501603982300885 0.22395280235988196 0.047323008849557494
0 0.5096755162241888 0.44331858407079644 0.2776548672566372 0.04559734513274339
0 0.8252212389380531 0.04314159292035398 0.3495575221238938 0.07300884955752213
0 0.5114306784660767 0.5959181415929204 0.2711209439528023 0.05202433628318581
0 0.2888938053097345 0.8576769911504425 0.21070796460176994 0.062488938053097354