0 0.6855466666666666 0.24048000000000003 0.4126000000000001 0.032839999999999994
0 0.28662666666666664 0.6376933333333333 0.3772 0.04941333333333326
0 0.6987333333333333 0.26929333333333333 0.40698666666666666 0.027533333333333302
0 0.6962933333333333 0.32811999999999997 0.40698666666666666 0.0354933333333333
0 0.28808 0.7226533333333334 0.37940000000000007 0.034306666666666694
0 0.6943333333333334 0.3576666666666667 0.4167466666666666 0.032839999999999994
0 0.28736 0.6870133333333334 0.38305333333333336 0.040773333333333314
0 0.6953066666666667 0.29492 0.4035600000000001 0.03601333333333332
0 0.7084933333333333 0.38696 0.40746666666666675 0.03360000000000006
0 0.29053333333333337 0.8291066666666668 0.3835466666666667 0.027853333333333466
0 0.6962933333333333 0.49268 0.4216266666666667 0.03186666666666663
0 0.6928666666666666 0.46142666666666665 0.41968 0.030666666666666665
0 0.69776 0.5825199999999999 0.4211466666666666 0.031253333333333404
0 0.6948266666666667 0.41480000000000006 0.4191866666666667 0.02941333333333326
0 0.28784 0.8637733333333334 0.39697333333333334 0.04077333333333324
0 0.6962933333333333 0.5522400000000001 0.42724000000000006 0.030733333333333272
0 0.69336 0.6376933333333333 0.4384800000000001 0.031026666666666643
0 0.29053333333333337 0.7949200000000001 0.38208000000000003 0.04177333333333324
0 0.70068 0.7270533333333333 0.4431199999999999 0.04394666666666672
0 0.6909200000000001 0.6118133333333333 0.4240666666666666 0.026653333333333345
0 0.6913999999999999 0.4353066666666667 0.41553333333333337 0.028440000000000056
0 0.7021466666666667 0.8652399999999999 0.45678666666666656 0.04107999999999993
0 0.7050799999999999 0.6962933333333333 0.43921333333333346 0.025560000000000097
0 0.7021466666666667 0.8168933333333332 0.4411600000000001 0.04184000000000015
0 0.7075199999999999 0.7866266666666667 0.4411600000000001 0.027479999999999866
0 0.7031200000000001 0.6679733333333333 0.43066666666666664 0.03890666666666667
0 0.29053333333333337 0.7597600000000001 0.3794 0.02570666666666663
0 0.6943333333333334 0.5253866666666667 0.4255333333333334 0.0279066666666666
0 0.7016666666666667 0.7666000000000001 0.4384800000000001 0.028546666666666776
0 0.44494666666666666 0.36008 0.07466666666666667 0.49844000000000005
0 0.30249333333333334 0.39843999999999996 0.07409333333333333 0.4206533333333333
0 0.23510666666666669 0.39941333333333334 0.05865333333333334 0.4282266666666666
0 0.37109333333333333 0.3942933333333334 0.0559333333333334 0.42919999999999997
0 0.18054666666666666 0.5 0.05602666666666666 0.23619999999999997