0 0.715337552742616 0.12564606741573034 0.3676793248945147 0.06432584269662919
0 0.25732067510548523 0.056348314606741556 0.3886708860759493 0.0901123595505618
0 0.24341772151898733 0.23794943820224718 0.43261603375527424 0.09297752808988763
0 0.2526793248945148 0.14685393258426965 0.4121097046413502 0.11719101123595506
0 0.6821308016877636 0.3016573033707865 0.39575949367088614 0.06969101123595506
0 0.24658227848101266 0.3611516853932584 0.43310126582278474 0.08516853932584267
0 0.24206751054852318 0.30280898876404494 0.44018987341772153 0.07446629213483144
0 0.6884810126582278 0.6114325842696628 0.40698312236286915 0.08915730337078655
0 0.6611392405063291 0.4830337078651686 0.3713291139240506 0.07058988764044942
0 0.25170886075949367 0.4320224719101124 0.42065400843881856 0.10174157303370794
0 0.6870042194092827 0.6748314606741573 0.3974683544303797 0.08637640449438203
0 0.6855485232067511 0.5405898876404494 0.3671940928270043 0.08834269662921346
0 0.6928691983122364 0.24817415730337078 0.3762236286919832 0.06516853932584267
0 0.26854430379746835 0.8055056179775281 0.33592827004219405 0.0687921348314607
0 0.7182700421940927 0.19356741573033706 0.3896413502109704 0.07696629213483147
0 0.669915611814346 0.9485393258426966 0.38647679324894507 0.0831460674157304
0 0.6806540084388185 0.7398314606741573 0.37719409282700417 0.08834269662921353
0 0.26734177215189875 0.6839325842696629 0.3725527426160337 0.11955056179775282
0 0.25341772151898734 0.49474719101123593 0.42016877637130795 0.09460674157303373
0 0.27734177215189876 0.8542696629213483 0.3495991561181434 0.07870786516853928