0 0.372280701754386 0.45239375000000004 0.027812177502580027 0.11859375
0 0.574045407636739 0.455325 0.023952528379773 0.11553750000000008
0 0.213859649122807 0.4567875 0.028039215686274526 0.11633124999999993
0 0.3402373581011352 0.2578125 0.025758513931888584 0.11028750000000002
0 0.7385242518059856 0.2600125 0.026253869969040305 0.11065624999999997
0 0.7018369453044376 0.2546375 0.03350877192982459 0.11419375000000002
0 0.8163261093911248 0.45849375000000003 0.021341589267285927 0.11126874999999999
0 0.6961919504643963 0.4589875 0.023126934984520207 0.11083749999999995
0 0.45915376676986586 0.45483125 0.03069143446852426 0.12127499999999998
0 0.7360990712074303 0.45825000000000005 0.01982456140350881 0.11047499999999999
0 0.3759133126934984 0.6933625000000001 0.02358101135190921 0.11517500000000006
0 0.4349638802889577 0.45434375000000005 0.024035087719298208 0.11816249999999996
0 0.7860887512899897 0.45971874999999995 0.01975232198142425 0.10992500000000006
0 0.3984829721362229 0.6972687500000001 0.027946336429308608 0.1126124999999999
0 0.7111042311661506 0.45703125 0.01899896800825602 0.10950000000000003
0 0.6179876160990713 0.25951875 0.028142414860681097 0.10760624999999997
0 0.3694633642930856 0.25951875 0.03300309597523222 0.10840000000000004
0 0.2541692466460268 0.24805 0.02667698658410732 0.1225
0 0.8062435500515995 0.27319375 0.03721362229102162 0.10968125000000001
0 0.7276367389060888 0.6938500000000001 0.02216718266253872 0.11315625000000004
0 0.7598864809081528 0.26245 0.025180598555211653 0.112425
0 0.8018059855521157 0.4587375 0.01878224974200211 0.11010625000000004
0 0.6425799793601651 0.255125 0.03383900928792566 0.1149875
0 0.20216718266253872 0.69043125 0.026584107327141372 0.12127499999999998
0 0.48495356037151705 0.6943375 0.02489164086687307 0.11596875000000004
0 0.2582043343653251 0.69238125 0.025572755417956627 0.11535625000000004
0 0.305562435500516 0.69873125 0.025872033023735863 0.10778750000000002
0 0.5534881320949433 0.455325 0.026047471620227046 0.11456249999999997
0 0.29407636738906084 0.45630000000000004 0.02250773993808044 0.11474374999999995
0 0.5329308565531475 0.45703125 0.025758513931888584 0.11394999999999995
0 0.8481733746130031 0.45776249999999996 0.01975232198142425 0.11163124999999993
0 0.759484004127967 0.9277375000000001 0.027812177502580027 0.13025000000000006
0 0.9070278637770898 0.27416875 0.02728586171310635 0.10949999999999996
0 0.8796078431372549 0.45336875 0.046253869969040184 0.11920000000000001
0 0.22978328173374613 0.69091875 0.034169246646026843 0.12146250000000001
0 0.31040247678018573 0.249025 0.03547987616099071 0.12793124999999997
0 0.3813519091847265 0.9238312500000001 0.02358101135190921 0.13659375000000012
0 0.1849329205366357 0.25073125 0.026047471620227046 0.11578125
0 0.7530340557275542 0.6962875 0.028926728586171284 0.11315625000000004
0 0.6244375644994841 0.694825 0.029752321981424072 0.11419375000000002
0 0.17495356037151702 0.6855500000000001 0.032549019607843156 0.13025000000000006
0 0.28561403508771926 0.24560625000000003 0.02182662538699688 0.13159374999999998
0 0.46359133126934987 0.6938500000000001 0.022600619195046415 0.11456250000000004
0 0.28259029927760576 0.6894562500000001 0.02957688338493289 0.12316875000000004
0 0.5018885448916408 0.257325 0.02277605779153772 0.10760624999999997
0 0.6002476780185758 0.45385624999999996 0.03055727554179556 0.12023749999999993
0 0.41521155830753353 0.6967749999999999 0.023673890608875186 0.11028750000000002
0 0.8626831785345718 0.26758125 0.024602683178534486 0.12023749999999996
0 0.4506914344685243 0.09448124999999999 0.02947368421052626 0.13135000000000002
0 0.3142311661506708 0.45336875 0.02422084623323016 0.11981250000000003
0 0.39647058823529413 0.453125 0.025665634674922604 0.12127499999999998
0 0.3986893704850361 0.09448124999999999 0.03134158926728586 0.13025000000000003
0 0.6732094943240454 0.25341875 0.03358101135190915 0.11456249999999997
0 0.1453250773993808 0.45703125 0.02975232198142413 0.11242500000000007
0 0.8707430340557275 0.9321312500000001 0.029576883384933004 0.12402500000000004
0 0.4252941176470588 0.09448124999999999 0.02988648090815277 0.12915
0 0.17222910216718265 0.45556874999999997 0.023044375644994824 0.11340625000000003
0 0.6405572755417958 0.9360375000000001 0.026986584107327235 0.1190187499999999
0 0.41642930856553145 0.457275 0.021744066047471672 0.11200000000000003
0 0.45270381836945306 0.25756875 0.020206398348813253 0.10522500000000001
0 0.7582765737874096 0.45923125 0.03010319917440668 0.11340625000000003
0 0.7788338493292054 0.27319375 0.02157894736842114 0.10913124999999997
0 0.8090608875129 0.6962875 0.020526315789473788 0.1149875
0 0.6591021671826625 0.9355500000000001 0.025954592363261187 0.12085000000000008
0 0.19077399380804955 0.45556874999999997 0.021671826625386997 0.10992499999999993
0 0.6816821465428277 0.69091875 0.04205366357069144 0.12316875000000004
0 0.9231475748194015 0.9277375000000001 0.035273477812177566 0.13403124999999988
0 0.526078431372549 0.6953125 0.02422084623323016 0.11395000000000004
0 0.43980392156862746 0.6953125 0.027182662538699724 0.11517500000000006
0 0.8384932920536635 0.27270625 0.029927760577915376 0.10895000000000003
0 0.6514447884416925 0.45996250000000005 0.020443756449948343 0.11126874999999999
0 0.5067285861713106 0.6958 0.021919504643962858 0.11297499999999992
0 0.3299587203302374 0.45409999999999995 0.016914344685242503 0.11657499999999998
0 0.5268833849329205 0.25854375 0.02157894736842102 0.10821249999999999
0 0.17253869969040248 0.10247500000000001 0.03751289989680085 0.11199999999999999
0 0.25920536635706914 0.10089375 0.04172342621259031 0.11578125
0 0.5059133126934985 0.10143750000000001 0.045727554179566504 0.1202375
0 0.8812280701754386 0.2749 0.021919504643962858 0.10668749999999996
0 0.8058410732714139 0.93261875 0.03181630546955617 0.12420625000000002
0 0.5950051599587203 0.25976875 0.02546955624355012 0.10796875
0 0.5716305469556243 0.25951875 0.02761609907120742 0.10968125000000001
0 0.8433333333333334 0.69970625 0.029349845201238445 0.11010625000000004
0 0.9271826625386997 0.2756375 0.023044375644994765 0.10858125000000002
0 0.48173374613003095 0.25708125 0.02150670794633646 0.11028750000000002
0 0.5196284829721362 0.91699375 0.03200206398348812 0.1538062500000001
0 0.1301031991744066 0.6782250000000001 0.02546955624355006 0.13610624999999998
0 0.09795665634674923 0.45483125 0.021176470588235304 0.11126874999999999
0 0.2708978328173375 0.45434375000000005 0.030608875128998965 0.1193875
0 0.4077605779153767 0.9209 0.03859649122807015 0.14514375000000002
0 0.3474922600619195 0.4536125 0.027182662538699724 0.11694375000000008
0 0.29669762641898867 0.09417500000000001 0.03371517027863773 0.1276875
0 0.9287925696594427 0.44458125000000004 0.041898864809081435 0.13451875000000002
0 0.8231785345717234 0.69824375 0.024138286893704952 0.11083750000000009
0 0.827203302373581 0.93310625 0.03514963880288952 0.12634375000000006
0 0.7195768833849329 0.93310625 0.027182662538699606 0.1229249999999999
0 0.6732094943240454 0.09332499999999999 0.04878224974200204 0.13842500000000002
0 0.5502579979360166 0.26025625 0.022600619195046533 0.10913125000000001
0 0.11711042311661507 0.24938749999999998 0.04376676986584107 0.11694375000000001
0 0.11549019607843138 0.9287125 0.03882352941176471 0.13000625000000013
0 0.3295562435500516 0.6938500000000001 0.021744066047471672 0.11419375000000002
0 0.2289783281733746 0.250975 0.028472652218782223 0.11358750000000001
0 0.5389783281733745 0.93310625 0.03055727554179562 0.12487500000000011
0 0.6707946336429309 0.4589875 0.0292466460268317 0.11676249999999996
0 0.12385964912280702 0.455325 0.022167182662538688 0.11419375000000002
0 0.35413828689370486 0.6943375 0.026150670794633676 0.11535625000000004
0 0.9433023735810113 0.6967749999999999 0.03078431372549012 0.11083750000000009
0 0.31342621259029924 0.92529375 0.023952528379773 0.13208124999999996
0 0.14280701754385963 0.9277375000000001 0.027512899896800835 0.13000625000000013
0 0.32229102167182666 0.09436249999999999 0.02124871001031995 0.12829375
0 0.7018369453044376 0.91699375 0.03343653250774003 0.1528312500000001
0 0.555500515995872 0.10449375 0.029029927760578028 0.11083750000000002
0 0.8852528379772961 0.69970625 0.02761609907120742 0.10796875
0 0.47810113519091846 0.91699375 0.037946336429308544 0.15148750000000008
0 0.241671826625387 0.45776249999999996 0.02947368421052632 0.11200000000000003
0 0.4732610939112487 0.0936875 0.025273477812177512 0.13159375
0 0.05991744066047472 0.24475000000000002 0.025572755417956658 0.12335000000000002
0 0.628875128998968 0.45971874999999995 0.026150670794633558 0.11181875000000005
0 0.35152734778121775 0.09966875 0.04350877192982453 0.120425
0 0.05729618163054696 0.45215000000000005 0.03224974200206399 0.11261250000000005
0 0.055376676986584106 0.6694312499999999 0.04008255933952529 0.15173124999999998
0 0.11297213622291022 0.6889624999999999 0.020763673890608878 0.1149875
0 0.39928792569659444 0.26171875 0.026150670794633676 0.10559375000000003
0 0.18946336429308566 0.921875 0.03822497420020642 0.1381812500000001
0 0.44705882352941173 0.92675625 0.0369349845201238 0.13659375000000012
0 0.7796388028895769 0.92529375 0.035273477812177566 0.1352562499999999
0 0.2833952528379773 0.92529375 0.030608875128998934 0.13610624999999998
0 0.16336429308565534 0.92529375 0.03461300309597525 0.13451875000000002
0 0.4962435500515996 0.45434375000000005 0.044871001031991764 0.12127499999999998
0 0.3329824561403509 0.9272437499999999 0.027182662538699724 0.12988124999999998
0 0.9110526315789473 0.6977562500000001 0.020371517027863786 0.10778750000000002
0 0.08390092879256966 0.24816875 0.03254901960784313 0.11920000000000001
0 0.2178844169246646 0.92285 0.02208462332301339 0.1391624999999999
0 0.8997729618163055 0.9355500000000001 0.020928792569659415 0.12170625000000002
0 0.9594324045407637 0.44921875 0.03681114551083599 0.13501249999999998
0 0.6812796697626419 0.9126000000000001 0.031692466460268354 0.15258749999999993
0 0.08898864809081528 0.9243187500000001 0.024416924664602678 0.13318125000000008
0 0.6518472652218782 0.6962875 0.02688338493292049 0.11083750000000009
0 0.7699587203302374 0.11010624999999997 0.026047471620227046 0.10156249999999999
0 0.9457275541795666 0.27490000000000003 0.030154798761609935 0.10876250000000003
0 0.5788854489164087 0.09771875000000002 0.03033023735810124 0.12610000000000002
0 0.7518266253869968 0.10894999999999999 0.021671826625386997 0.10504375000000002
0 0.2459029927760578 0.921875 0.018710010319917435 0.14196875000000006
0 0.547843137254902 0.6972687500000001 0.017997936016511923 0.11218124999999986
0 0.6054901960784314 0.09484999999999999 0.03481940144478845 0.13122500000000004
0 0.1360577915376677 0.10467499999999999 0.021671826625386997 0.10504374999999999
0 0.9239525283797729 0.69873125 0.019979360165118577 0.10668749999999988
0 0.5034984520123839 0.91455 0.025758513931888584 0.15588124999999992
0 0.7373065015479877 0.9311499999999999 0.025954592363261187 0.12402500000000004
0 0.6349122807017544 0.09979374999999999 0.03555211558307538 0.12231249999999999
0 0.15963880288957688 0.250975 0.03867905056759548 0.11859375
0 0.07976264189886481 0.453125 0.02005159958720331 0.11163125000000008
0 0.8642930856553147 0.7011750000000001 0.023044375644994765 0.10913125000000008
0 0.2358307533539732 0.11028750000000001 0.015655314757481956 0.10229375000000002
0 0.27009287925696596 0.26269375 0.02358101135190921 0.09588749999999997
0 0.20881320949432405 0.25390625 0.02892672858617134 0.10950000000000003
0 0.9537874097007224 0.92285 0.03829721362229092 0.1466062500000001
0 0.580092879256966 0.9394562500000001 0.06278637770897824 0.11877499999999998
0 0.7034468524251806 0.6870125 0.03623323013415882 0.13293749999999996
0 0.07079463364293086 0.12695625 0.031950464396284836 0.06085000000000001
0 0.9158926728586171 0.80761875 0.031950464396284864 0.0941749999999999
0 0.5494530443756449 0.38793750000000005 0.19379772961816302 0.019300000000000067
0 0.5571104231166151 0.37670625 0.18946336429308563 0.01566874999999996