0 0.7703125 0.5109375 0.29765625 0.065625
0 0.16015625 0.834375 0.2796875 0.08125
0 0.47109375 0.63046875 0.30546875 0.06796875
0 0.1796875 0.62265625 0.26953125 0.05234375
0 0.7796875 0.42578125 0.28203125 0.09375
0 0.80546875 0.91796875 0.31328125 0.09609375
0 0.4703125 0.8203125 0.33046875 0.0765625
0 0.1953125 0.46484375 0.26875 0.0875
0 0.7875 0.78984375 0.29453125 0.06875
0 0.46484375 0.93984375 0.3453125 0.06484375
0 0.3059014515625 0.65201851875 0.035730290625 0.656790740625 0.034809128125 0.704677778125 0.30774585 0.704677778125 0.3059014515625 0.65201851875