0 0.58203125 0.496875 0.45546875 0.03203125
0 0.48125 0.62578125 0.3734375 0.0328125
0 0.2171875 0.69375 0.37421875 0.0359375
0 0.14609375 0.8375 0.2921875 0.040625
0 0.12265625 0.53515625 0.2453125 0.0328125
0 0.44921875 0.46796875 0.32890625 0.034375
0 0.2953125 0.39140625 0.34375 0.03125
0 0.49921875 0.3625 0.3421875 0.021875
0 0.85390625 0.45859375 0.2921875 0.0234375
0 0.63515625 0.59609375 0.36015625 0.0234375
0 0.40390625 0.71171875 0.35234375 0.028125
0 0.51796875 0.8453125 0.35859375 0.03515625
0 0.5125 0.909375 0.32109375 0.0375
0 0.14375 0.90859375 0.2875 0.04296875
0 0.44140625 0.528125 0.35234375 0.03203125
0 0.45546875 0.14609375 0.3625 0.02734375
0 0.16796875 0.0109375 0.3296875 0.021875
0 0.1078125 0.03515625 0.215625 0.0328125
0 0.33671875 0.2109375 0.35859375 0.02265625
0 0.54765625 0.98046875 0.36796875 0.0390625
0 0.225 0.646875 0.35234375 0.02734375
0 0.85703125 0.52265625 0.2859375 0.03515625
0 0.759375 0.16484375 0.35 0.0203125
0 0.51796875 0.32421875 0.3484375 0.01796875
0 0.51640625 0.4078125 0.33984375 0.02578125
0 0.7578125 0.3015625 0.30390625 0.01875