0 0.4751339285714286 0.7814939024390244 0.018191964285714235 0.10536585365853676
0 0.5593303571428571 0.6559146341463414 0.020178571428571348 0.10201219512195132
0 0.5891964285714285 0.6613719512195122 0.017098214285714213 0.09582317073170717
0 0.2987276785714286 0.055274390243902446 0.01553571428571424 0.09853658536585368
0 0.36348214285714286 0.6664634146341464 0.01919642857142862 0.10219512195121945
0 0.7218973214285714 0.16655487804878047 0.018973214285714284 0.10274390243902436
0 0.375 0.05030487804878049 0.017857142857142856 0.10060975609756098
0 0.5145758928571429 0.16893292682926828 0.018593749999999964 0.10710365853658535
0 0.7064508928571429 0.16765243902439023 0.018191964285714235 0.10219512195121955
0 0.1528125 0.27920731707317076 0.022589285714285725 0.11109756097560974
0 0.15761160714285713 0.16600609756097562 0.021205357142857144 0.09692073170731705
0 0.006696428571428571 0.04878048780487805 0.013392857142857142 0.08536585365853659
0 0.31924107142857144 0.6686585365853658 0.023370535714285774 0.10408536585365849
0 0.37227678571428574 0.1832926829268293 0.016383928571428515 0.1053658536585366
0 0.09926339285714285 0.27810975609756095 0.01669642857142855 0.10445121951219509
0 0.49698660714285714 0.7836890243902439 0.03285714285714292 0.10292682926829265
0 0.7389508928571429 0.1639939024390244 0.025089285714285734 0.105
0 0.4833928571428571 0.17365853658536584 0.016897321428571414 0.10445121951219509
0 0.6707366071428572 0.7792987804878049 0.015178571428571328 0.09554878048780498
0 0.8325892857142857 0.04725609756097561 0.017857142857142856 0.09451219512195122
0 0.5214955357142858 0.654451219512195 0.018392857142857162 0.10591463414634149
0 0.7154910714285715 0.5398170731707317 0.01651785714285709 0.09798780487804874
0 0.3885267857142857 0.18457317073170734 0.016205357142857122 0.1079268292682927
0 0.7240178571428572 0.7764024390243903 0.033861607142857054 0.09673780487804884
0 0.54015625 0.04926829268292682 0.014486607142857164 0.09240853658536587
0 0.7927901785714286 0.6584756097560975 0.019486607142857184 0.10692073170731706
0 0.7325669642857143 0.5361585365853659 0.01645089285714287 0.09746951219512204
0 0.20386160714285714 0.534359756097561 0.018660714285714253 0.11027439024390248
0 0.5257589285714286 0.04881097560975609 0.013950892857142858 0.09091463414634149
0 0.46899553571428576 0.17036585365853657 0.014486607142857164 0.10381097560975613
0 0.819955357142857 0.05344512195121952 0.013883928571428632 0.08679878048780487
0 0.5454910714285715 0.6650304878048781 0.02214285714285705 0.09240853658536569
0 0.5961160714285715 0.536890243902439 0.0366071428571428 0.09692073170731713
0 0.5089285714285714 0.04573170731707317 0.017857142857142856 0.09146341463414634
0 0.40265625 0.1856707317073171 0.014888392857142893 0.10637195121951215
0 0.1786607142857143 0.2799390243902439 0.030580357142857117 0.10310975609756096
0 0.5023214285714286 0.655548780487805 0.020178571428571473 0.10792682926829261
0 0.1533482142857143 0.6613719512195122 0.016651785714285734 0.09121951219512182
0 0.5294866071428571 0.291219512195122 0.018816964285714173 0.09871951219512194
0 0.5369642857142857 0.16893292682926828 0.020044642857142896 0.10347560975609756
0 0.19584821428571428 0.2842987804878049 0.027901785714285716 0.09408536585365858
0 0.32988839285714283 0.4175 0.029263392857142887 0.09408536585365858
0 0.34455357142857146 0.055 0.01600446428571432 0.09853658536585368
0 0.5486830357142857 0.2915853658536585 0.01763392857142852 0.09746951219512195
0 0.16948660714285715 0.660640243902439 0.020022321428571428 0.0895731707317073
0 0.5652008928571428 0.29195121951219516 0.016763392857142838 0.09728658536585365
0 0.35825892857142855 0.051829268292682924 0.015625 0.10365853658536585
0 0.5822544642857144 0.047347560975609757 0.013772321428571337 0.09408536585365854
0 0.6116071428571429 0.04573170731707317 0.017857142857142856 0.09146341463414634
0 0.12803571428571428 0.16564024390243903 0.021160714285714262 0.09945121951219514
0 0.49910714285714286 0.17292682926829267 0.01600446428571432 0.10481707317073169
0 0.04049107142857143 0.055 0.014999999999999998 0.08216463414634147
0 0.39866071428571426 0.061463414634146334 0.015111607142857102 0.08554878048780488
0 0.09580357142857143 0.5398170731707317 0.018973214285714284 0.09871951219512194
0 0.11457589285714286 0.28210365853658537 0.015357142857142847 0.10518292682926829
0 0.18292410714285715 0.4127743902439024 0.024933035714285685 0.09091463414634145
0 0.7080357142857142 0.04954268292682927 0.015401785714285663 0.0915853658536585
0 0.81515625 0.4146036585365854 0.02470982142857154 0.10408536585365849
0 0.5108482142857144 0.291219512195122 0.016696428571428612 0.09853658536585364
0 0.6733928571428571 0.5441768292682927 0.014776785714285725 0.09073170731707314
0 0.7725223214285714 0.7756707317073172 0.020558035714285796 0.10201219512195132
0 0.9100446428571428 0.7428963414634147 0.031406250000000115 0.09481707317073178
0 0.808236607142857 0.058079268292682916 0.013102678571428581 0.08079268292682927
0 0.9404241071428572 0.7378048780487805 0.030111607142857162 0.10481707317073169
0 0.7938392857142856 0.05908536585365855 0.017098214285714213 0.08307926829268293
0 0.08765625 0.2782926829268293 0.011049107142857149 0.09926829268292683
0 0.8476785714285714 0.41570121951219513 0.018973214285714284 0.10381097560975613
0 0.5929241071428571 0.9067073170731706 0.05732142857142846 0.08698170731707308
0 0.2249107142857143 0.2808536585365854 0.02700892857142856 0.10256097560975605
0 0.5948660714285714 0.04573170731707317 0.015625 0.09146341463414634
0 0.28245535714285713 0.05853658536585367 0.015178571428571454 0.09277439024390247
0 0.020714285714285716 0.05472560975609757 0.013571428571428568 0.08021341463414634
0 0.5524553571428571 0.04725609756097561 0.015625 0.09451219512195122
0 0.41703125 0.1889329268292683 0.01493303571428571 0.10408536585365849
0 0.4644642857142857 0.6650304878048781 0.01571428571428576 0.09728658536585356
0 0.9436160714285714 0.05990853658536585 0.019754464285714337 0.09762195121951218
0 0.04095982142857143 0.5197865853658536 0.018593749999999996 0.09817073170731704
0 0.5658482142857143 0.04573170731707317 0.015625 0.09146341463414634
0 0.31205357142857143 0.06036585365853658 0.013950892857142858 0.09307926829268293
0 0.6920535714285715 0.17457317073170733 0.013727678571428521 0.08990853658536588
0 0.6261160714285714 0.04573170731707317 0.015625 0.09146341463414634
0 0.4959151785714285 0.056981707317073166 0.012767857142857204 0.07475609756097559
0 0.1425669642857143 0.16874999999999998 0.017299107142857144 0.09426829268292687
0 0.09459821428571427 0.15527439024390247 0.02227678571428569 0.11493902439024387
0 0.9089732142857143 0.0601829268292683 0.018973214285714284 0.09835365853658538
0 0.47033482142857147 0.29048780487804876 0.017700892857142873 0.09835365853658534
0 0.6227678571428571 0.4095121951219512 0.015401785714285663 0.09655487804878053
0 0.1269642857142857 0.28939024390243906 0.013571428571428599 0.09225609756097558
0 0.41676339285714287 0.06173780487804878 0.01459821428571433 0.0849390243902439
0 0.1107142857142857 0.16765243902439023 0.01919642857142856 0.09618902439024393
0 0.9854910714285714 0.4679878048780488 0.029017857142857144 0.10670731707317073
0 0.037700892857142856 0.1654573170731707 0.014709821428571437 0.09009146341463418
0 0.13816964285714287 0.2875609756097561 0.013772321428571401 0.0897560975609756
0 0.6909821428571429 0.05271341463414634 0.011763392857142816 0.08603658536585365
0 0.9777232142857143 0.06036585365853658 0.018973214285714284 0.09600609756097564
0 0.9260267857142858 0.06064024390243902 0.019330357142857073 0.09835365853658534
0 0.8940401785714285 0.47030487804878046 0.02080357142857154 0.09762195121951214
0 0.84875 0.052439024390243914 0.011049107142857244 0.08338414634146339
0 0.2702008928571429 0.05554878048780487 0.012187499999999954 0.0960060975609756
0 0.6696651785714286 0.05344512195121952 0.01122767857142851 0.08262195121951217
0 0.18305803571428572 0.17091463414634148 0.013616071428571417 0.08527439024390243
0 0.6659375 0.41786585365853657 0.009196428571428581 0.09908536585365854
0 0.22037946428571428 0.5434451219512195 0.015535714285714304 0.08926829268292674
0 0.8503348214285714 0.9008841463414634 0.01564732142857141 0.10381097560975595
0 0.7704017857142856 0.6693902439024391 0.014218750000000011 0.08527439024390253
0 0.04723214285714285 0.16435975609756096 0.01241071428571429 0.09140243902439021
0 0.7005803571428572 0.05070121951219513 0.01062499999999998 0.09307926829268293
0 0.47859375 0.06326219512195122 0.010915178571428541 0.06515243902439026
0 0.6803348214285715 0.18146341463414634 0.012031249999999969 0.09536585365853659
0 0.27314732142857145 0.5390853658536585 0.013950892857142858 0.11765243902439033
0 0.27073660714285713 0.2999390243902439 0.01241071428571429 0.09582317073170733
0 0.6680580357142858 0.16783536585365852 0.01578125000000011 0.09600609756097564
0 0.9404241071428572 0.34798780487804876 0.09560267857142866 0.023353658536585442
0 0.029709821428571433 0.4142378048780488 0.04662946428571429 0.08170731707317076
0 0.3123214285714285 0.20259146341463416 0.08946428571428568 0.02759146341463418
0 0.3144419642857143 0.22823170731707318 0.09419642857142854 0.024634146341463454
0 0.7064508928571429 0.4367987804878049 0.0752232142857144 0.024359756097561004
0 0.02645089285714286 0.28503048780487805 0.029263392857142856 0.0897560975609756
0 0.13189732142857144 0.9030487804878048 0.09714285714285717 0.06978658536585362
0 0.6632812499999999 0.05679878048780489 0.008571428571428643 0.08006097560975611
0 0.8055803571428571 0.2999390243902439 0.0927455357142856 0.024634146341463367
0 0.47486607142857146 0.5361585365853659 0.03645089285714282 0.09981707317073174
0 0.008928571428571428 0.28810975609756095 0.017857142857142856 0.08231707317073171
0 0.04421875000000001 0.28503048780487805 0.021428571428571415 0.08826219512195119
0 0.4583482142857143 0.17237804878048782 0.009955357142857097 0.08445121951219509
0 0.8045089285714286 0.3152439024390244 0.08993303571428564 0.01728658536585371