0 0.7050777777777778 0.2744111111111111 0.02580000000000003 0.1577111111111111
0 0.7294888888888889 0.2761222222222222 0.025222222222222274 0.1582
0 0.7534222222222222 0.27709999999999996 0.026111111111111113 0.1600333333333333
0 0.7797888888888889 0.2780777777777778 0.027177777777777818 0.1594222222222222
0 0.7592777777777778 0.4819333333333333 0.02121111111111102 0.15844444444444447
0 0.8608444444444444 0.6914111111111111 0.021655555555555567 0.1490444444444443
0 0.8037111111111112 0.2780777777777778 0.024844444444444332 0.15734444444444448
0 0.8984333333333334 0.6943333333333334 0.02088888888888884 0.14490000000000008
0 0.27465555555555554 0.07763333333333333 0.04949999999999998 0.1500222222222222
0 0.8535111111111111 0.2846666666666667 0.027700000000000072 0.14928888888888892
0 0.07708888888888889 0.903811111111111 0.018588888888888884 0.13708888888888876
0 0.5278333333333334 0.6904333333333333 0.016722222222222173 0.15124444444444457
0 0.8798777777777778 0.6938444444444445 0.022455555555555597 0.14343333333333325
0 0.5830111111111111 0.6850555555555555 0.02488888888888899 0.16662222222222225
0 0.10705555555555554 0.903811111111111 0.022455555555555565 0.13708888888888876
0 0.8789111111111111 0.2832 0.0275222222222222 0.1507555555555556
0 0.18103333333333335 0.08037777777777778 0.03136666666666669 0.15332222222222222
0 0.9140666666666666 0.08301111111111112 0.023333333333333334 0.1325666666666667
0 0.5127 0.6899444444444445 0.018477777777777774 0.1535666666666667
0 0.4809555555555556 0.07794444444444446 0.05489999999999996 0.15100000000000005
0 0.5634777777777777 0.6860333333333333 0.018588888888888908 0.15917777777777778
0 0.9135777777777778 0.49243333333333333 0.024655555555555615 0.14928888888888892
0 0.16113333333333335 0.9013666666666666 0.025333333333333347 0.1461222222222222
0 0.687011111111111 0.4843777777777778 0.019911111111111192 0.1571
0 0.5815444444444444 0.2778333333333333 0.025088888888888806 0.15795555555555552
0 0.13048888888888888 0.2866222222222222 0.032288888888888895 0.14709999999999998
0 0.12218888888888889 0.0784888888888889 0.030333333333333348 0.15173333333333333
0 0.20727777777777778 0.9008777777777778 0.025333333333333347 0.14806666666666665
0 0.3566888888888889 0.07782222222222221 0.04941111111111114 0.15173333333333333
0 0.6557666666666667 0.6840777777777778 0.028655555555555514 0.16772222222222227
0 0.3559555555555556 0.6889666666666667 0.018433333333333368 0.1571000000000001
0 0.4741222222222222 0.28344444444444444 0.03107777777777781 0.15148888888888887
0 0.14416666666666667 0.07880000000000002 0.030622222222222224 0.15234444444444445
0 0.12494444444444444 0.9013666666666666 0.016522222222222226 0.14563333333333325
0 0.22571111111111108 0.28271111111111114 0.026966666666666646 0.15051111111111115
0 0.09912222222222221 0.6938444444444445 0.02947777777777778 0.1523444444444446
0 0.058444444444444445 0.903811111111111 0.02342222222222222 0.13782222222222218
0 0.8945333333333334 0.08477777777777777 0.019166666666666665 0.12915555555555552
0 0.4179666666666667 0.0797777777777778 0.05224444444444443 0.15332222222222222
0 0.8886666666666666 0.48925555555555555 0.023955555555555494 0.1456333333333334
0 0.27734444444444445 0.6909222222222222 0.030333333333333313 0.15771111111111116
0 0.038177777777777776 0.9062555555555556 0.019755555555555557 0.14062222222222215
0 0.9052777777777777 0.28246666666666664 0.028055555555555556 0.14831111111111106
0 0.6264666666666667 0.2753888888888889 0.026655555555555564 0.1594222222222222
0 0.7480444444444444 0.08617777777777778 0.042477777777777795 0.13403333333333334
0 0.3166555555555556 0.28197777777777777 0.02456666666666668 0.1530777777777778
0 0.21802222222222223 0.07965555555555555 0.03817777777777779 0.15124444444444446
0 0.7036111111111111 0.48364444444444443 0.02162222222222226 0.1582
0 0.3393555555555556 0.6904333333333333 0.020066666666666608 0.15685555555555564
0 0.7753888888888889 0.48266666666666663 0.020444444444444546 0.15613333333333332
0 0.6289111111111111 0.48388888888888887 0.02947777777777775 0.16027777777777777
0 0.6728555555555557 0.4865777777777778 0.022033333333333252 0.15917777777777778
0 0.5336888888888889 0.2822222222222222 0.029922222222222166 0.15332222222222222
0 0.28173333333333334 0.9008777777777778 0.02404444444444443 0.1461222222222222
0 0.2934555555555556 0.28246666666666664 0.02551111111111112 0.15405555555555558
0 0.10485555555555556 0.2844222222222222 0.030566666666666655 0.1434333333333333
0 0.8598666666666667 0.08758888888888888 0.023377777777777737 0.12683333333333335
0 0.39111111111111113 0.28246666666666664 0.024744444444444423 0.15503333333333336
0 0.25048888888888887 0.6919000000000001 0.024088888888888896 0.15613333333333332
0 0.24767777777777777 0.0772111111111111 0.04016666666666664 0.151
0 0.7802777777777777 0.9028333333333333 0.026066666666666707 0.13268888888888897
0 0.2318111111111111 0.9003888888888889 0.024388888888888877 0.1463666666666667
0 0.5048777777777778 0.2832 0.0275222222222222 0.15234444444444445
0 0.4440888888888889 0.687988888888889 0.02162222222222226 0.16479999999999992
0 0.8266555555555556 0.908688888888889 0.023466666666666545 0.1296333333333334
0 0.7397444444444444 0.48266666666666663 0.023144444444444363 0.15978888888888884
0 0.0643888888888889 0.28246666666666664 0.03295555555555555 0.14880000000000002
0 0.33959999999999996 0.2822222222222222 0.02641111111111109 0.15258888888888894
0 0.41625555555555555 0.2839333333333333 0.0274777777777778 0.1533222222222222
0 0.3740222222222222 0.6943333333333334 0.017522222222222203 0.1485555555555556
0 0.8276333333333333 0.2839333333333333 0.02631111111111118 0.14416666666666664
0 0.5981444444444445 0.9018555555555555 0.016022222222222302 0.13574444444444453
0 0.6513666666666666 0.2858888888888889 0.027066666666666555 0.1478222222222222
0 0.07977777777777778 0.07763333333333333 0.029255555555555562 0.1500222222222222
0 0.10211111111111111 0.07824444444444445 0.02763333333333334 0.1514888888888889
0 0.46313333333333334 0.6884777777777777 0.02076666666666673 0.15613333333333332
0 0.9218777777777778 0.6889666666666667 0.030622222222222162 0.15564444444444436
0 0.29883333333333334 0.6914111111111111 0.01764444444444444 0.15332222222222222
0 0.6791999999999999 0.2866222222222222 0.0274777777777778 0.14733333333333337
0 0.7568333333333334 0.9052777777777777 0.02488888888888899 0.1309777777777779
0 0.5224555555555556 0.9013666666666666 0.027111111111111086 0.1414777777777777
0 0.17565555555555556 0.2863777777777778 0.035277777777777776 0.14416666666666667
0 0.6313444444444445 0.6845666666666667 0.021455555555555495 0.1621111111111112
0 0.24816666666666665 0.2822222222222222 0.02641111111111109 0.15283333333333332
0 0.08435555555555556 0.4975555555555556 0.03573333333333333 0.14855555555555547
0 0.7207 0.48413333333333336 0.021777777777777677 0.15868888888888882
0 0.6088888888888889 0.6855444444444444 0.028544444444444504 0.1625999999999999
0 0.6108444444444444 0.9013666666666666 0.015366666666666586 0.13574444444444453
0 0.7929666666666666 0.48144444444444445 0.022033333333333252 0.15868888888888893
0 0.7324222222222222 0.9033222222222222 0.02488888888888899 0.13476666666666662
0 0.32616666666666666 0.9008777777777778 0.021411111111111093 0.14490000000000008
0 0.8291000000000001 0.7006888888888889 0.029033333333333456 0.12793333333333345
0 0.1449 0.6943333333333334 0.01956666666666668 0.15051111111111115
0 0.9653333333333333 0.08301111111111112 0.023655555555555517 0.13452222222222224
0 0.05331111111111111 0.07922222222222224 0.02395555555555556 0.15124444444444446
0 0.8037111111111112 0.9077111111111111 0.02372222222222212 0.12683333333333344
0 0.48266666666666663 0.6875 0.022244444444444424 0.1613777777777778
0 0.4255333333333334 0.6938444444444445 0.0199888888888889 0.1528333333333333
0 0.22571111111111108 0.6894555555555556 0.026355555555555587 0.15978888888888884
0 0.12433333333333334 0.6943333333333334 0.024522222222222216 0.15148888888888878
0 0.14904444444444442 0.4985333333333334 0.028699999999999982 0.14782222222222224
0 0.8710888888888889 0.4899888888888889 0.015777777777777828 0.14086666666666664
0 0.5610333333333333 0.27734444444444445 0.020488888888888886 0.15381111111111115
0 0.8530222222222222 0.908688888888889 0.026855555555555636 0.12915555555555558
0 0.14392222222222223 0.8930666666666667 0.014111111111111099 0.15844444444444433
0 0.6953111111111111 0.08600000000000001 0.04699999999999995 0.13757777777777777
0 0.8061555555555555 0.4819333333333333 0.01830000000000003 0.16162222222222225
0 0.3461888888888889 0.9003888888888889 0.022533333333333305 0.1453888888888888
0 0.7251000000000001 0.6992222222222222 0.024566666666666556 0.13684444444444455
0 0.38964444444444446 0.07782222222222225 0.05243333333333327 0.15124444444444446
0 0.9472666666666666 0.6953111111111111 0.023822222222222283 0.1439222222222222
0 0.5371111111111111 0.07904444444444444 0.0632333333333333 0.1514888888888889
0 0.36327777777777776 0.49512222222222224 0.024611111111111087 0.14977777777777773
0 0.028866666666666665 0.0772111111111111 0.03131111111111111 0.15307777777777778
0 0.20104444444444444 0.28515555555555555 0.028011111111111087 0.14855555555555558
0 0.8403333333333333 0.09204444444444444 0.015544444444444454 0.12042222222222222
0 0.11902222222222222 0.49512222222222224 0.035 0.14928888888888883
0 0.30419999999999997 0.9013666666666666 0.023777777777777752 0.14490000000000008
0 0.9487333333333333 0.27978888888888886 0.031255555555555675 0.1500222222222222
0 0.36572222222222217 0.28197777777777777 0.0275222222222222 0.1530777777777778
0 0.8828111111111111 0.08526666666666666 0.01710000000000011 0.12634444444444445
0 0.3181111111111111 0.6904333333333333 0.02484444444444446 0.15819999999999987
0 0.05441111111111111 0.4982888888888889 0.031144444444444447 0.14489999999999997
0 0.7768555555555555 0.08556666666666667 0.047877777777777686 0.13476666666666665
0 0.19665555555555556 0.6919000000000001 0.0324666666666667 0.1550333333333333
0 0.45385555555555557 0.4943888888888889 0.03302222222222225 0.14514444444444444
0 0.44604444444444447 0.07665555555555555 0.05081111111111113 0.14953333333333335
0 0.6962888888888888 0.6850555555555555 0.036622222222222264 0.16321111111111097
0 0.2929666666666667 0.49512222222222224 0.02844444444444447 0.14977777777777773
0 0.1682111111111111 0.6958000000000001 0.02551111111111109 0.15075555555555561
0 0.6240222222222223 0.07861111111111112 0.06646666666666659 0.15051111111111115
0 0.750488888888889 0.6987333333333333 0.028166666666666566 0.13452222222222215
0 0.9419000000000001 0.9101555555555555 0.02241111111111119 0.13134444444444449
0 0.8251999999999999 0.0863 0.024433333333333345 0.1298777777777778
0 0.3156777777777778 0.4965777777777778 0.027744444444444474 0.14977777777777784
0 0.3945333333333333 0.9013666666666666 0.02328888888888893 0.1436777777777777
0 0.17834444444444444 0.4985333333333333 0.029988888888888898 0.14636666666666662
0 0.010133333333333333 0.9018555555555555 0.015011111111111112 0.14587777777777775
0 0.9291999999999999 0.28076666666666666 0.016344444444444484 0.1463666666666667
0 0.9233444444444444 0.9101555555555555 0.02360000000000001 0.13048888888888896
0 0.6274444444444445 0.8989222222222222 0.022844444444444383 0.14953333333333324
0 0.3977 0.6943333333333334 0.03616666666666662 0.1528333333333333
0 0.9741222222222222 0.2795444444444445 0.032044444444444355 0.15026666666666672
0 0.9047888888888889 0.9091777777777778 0.022288888888888827 0.12940000000000004
0 0.4443333333333333 0.28515555555555555 0.024277777777777804 0.15124444444444446
0 0.2570777777777778 0.8998999999999999 0.025755555555555563 0.14587777777777775
0 0.20801111111111112 0.4982888888888888 0.029877777777777764 0.14612222222222215
0 0.34082222222222225 0.49414444444444444 0.03015555555555554 0.15124444444444438
0 0.6044888888888889 0.27416666666666667 0.02860000000000001 0.15636666666666668
0 0.4958444444444444 0.9013666666666666 0.023655555555555517 0.14441111111111113
0 0.26513333333333333 0.49804444444444446 0.030622222222222224 0.1463666666666667
0 0.025511111111111113 0.2836888888888889 0.04092222222222222 0.1478222222222222
0 0.4431111111111111 0.9008777777777778 0.030911111111111167 0.14661111111111116
0 0.9580111111111111 0.4897444444444444 0.03671111111111107 0.15307777777777776
0 0.9755888888888888 0.6894555555555556 0.03539999999999989 0.1528333333333333
0 0.5502888888888888 0.6914111111111111 0.015666666666666693 0.15173333333333328
0 0.3085888888888889 0.07684444444444444 0.04016666666666664 0.1505111111111111
0 0.8823222222222222 0.9101555555555555 0.02580000000000003 0.13097777777777764
0 0.5825222222222222 0.07861111111111112 0.06451111111111105 0.1478222222222222
0 0.9409222222222222 0.0855666666666667 0.033966666666666596 0.1325666666666667
0 0.5502888888888888 0.9008777777777778 0.028766666666666652 0.14563333333333325
0 0.07422222222222222 0.6958000000000001 0.023866666666666665 0.15075555555555561
0 0.020166666666666666 0.6894555555555556 0.027911111111111116 0.15661111111111117
0 0.23621111111111112 0.49877777777777776 0.029711111111111122 0.14661111111111116
0 0.9628888888888889 0.9096666666666667 0.025866666666666635 0.13476666666666662
0 0.15075555555555556 0.28686666666666666 0.02650000000000001 0.14086666666666664
0 0.3708444444444444 0.9008777777777778 0.024988888888888897 0.14465555555555562
0 0.9838888888888889 0.48754444444444445 0.020366666666666585 0.14806666666666665
0 0.5781222222222222 0.8994111111111112 0.027377777777777827 0.1453888888888888
0 0.6767555555555556 0.896 0.029422222222222242 0.1550333333333333
0 0.6508777777777778 0.8974555555555556 0.025266666666666677 0.15197777777777774
0 0.04822222222222222 0.6958000000000001 0.02954444444444445 0.15332222222222222
0 0.4711888888888889 0.9003888888888889 0.028488888888888873 0.1463666666666667
0 0.4169888888888889 0.9018555555555555 0.024144444444444465 0.14294444444444454
0 0.02355555555555556 0.4968222222222222 0.035 0.14245555555555559
0 0.022322222222222222 0.9008777777777778 0.017444444444444443 0.1510000000000001
0 0.49926666666666664 0.687011111111111 0.016022222222222177 0.16076666666666672
0 0.7055666666666667 0.8876999999999999 0.02987777777777789 0.1674777777777778
0 0.9860666666666668 0.08062222222222222 0.027866666666666585 0.1339111111111111
0 0.9843777777777778 0.9082 0.028011111111111153 0.13452222222222215
0 0.7861333333333334 0.6748000000000001 0.036555555555555654 0.17248888888888889