0 0.66895 0.20526690391459074 0.2883299999999999 0.0686832740213523
0 0.65625 0.4561387900355872 0.27173 0.068202846975089
0 0.36792 0.20601423487544485 0.27832000000000007 0.053647686832740196
0 0.66211 0.38989323843416374 0.27295 0.07574733096085408
0 0.36475 0.2589145907473309 0.271 0.07320284697508894
0 0.65137 0.7076690391459074 0.26025 0.07293594306049823
0 0.65088 0.5182562277580071 0.27953999999999996 0.06542704626334517
0 0.36987000000000003 0.15172597864768683 0.28198 0.06592526690391456
0 0.36401 0.4320284697508897 0.27686 0.08220640569395021
0 0.6635700000000001 0.13423487544483986 0.29468000000000005 0.0804270462633452
0 0.64551 0.6542348754448398 0.24804999999999996 0.0559252669039145
0 0.65771 0.819306049822064 0.27880999999999995 0.07645907473309613
0 0.66992 0.32928825622775804 0.2663599999999999 0.061850533807829164
0 0.6445299999999999 0.5760320284697509 0.28418000000000004 0.07418149466192181
0 0.6757799999999999 0.2684697508896797 0.28002999999999995 0.06841637010676155
0 0.3645 0.3716370106761566 0.26099 0.05416370106761566
0 0.33374000000000004 0.6060142348754448 0.27563 0.061352313167259816
0 0.6582 0.7628291814946618 0.27319000000000004 0.0572419928825622
0 0.6626000000000001 0.887508896797153 0.2866200000000001 0.07238434163701069
0 0.36011000000000004 0.5021886120996442 0.27563 0.07645907473309613
0 0.34302 0.8010676156583629 0.28076 0.09122775800711741
0 0.34937 0.7337188612099644 0.27807999999999994 0.06640569395017802
0 0.37354000000000004 0.31973309608540923 0.26366999999999996 0.06542704626334517
0 0.34106000000000003 0.5612633451957295 0.27954000000000007 0.05286476868327408
0 0.15857 0.6933274021352313 0.11876999999999999 0.46786476868327415