0 0.8134990619136961 0.87890625 0.04484052532833016 0.20215000000000002
0 0.18798311444652907 0.33740000000000003 0.06984990619136959 0.18334999999999999
0 0.5258442776735459 0.34081874999999995 0.04374296435272055 0.19653125000000002
0 0.5628517823639775 0.33740000000000003 0.054878048780487805 0.2098375
0 0.4144465290806754 0.10089375 0.07667917448405254 0.19555625
0 0.32869606003752344 0.336425 0.05061913696060041 0.19103750000000005
0 0.8677298311444653 0.8803687499999999 0.03128517823639766 0.18920625000000002
0 0.729577861163227 0.60595625 0.07278611632270161 0.22570625000000008
0 0.36863977485928706 0.58935625 0.0729174484052533 0.21142500000000006
0 0.24532833020637898 0.8100562499999999 0.06792682926829266 0.19433750000000002
0 0.8310881801125705 0.61425625 0.07612570356472805 0.24328750000000007
0 0.285093808630394 0.81689375 0.05139774859287051 0.19958750000000008
0 0.9234333958724202 0.3442375 0.07498123827392127 0.21765
0 0.49689493433395876 0.85205 0.04102251407129458 0.21704374999999998
0 0.8398780487804878 0.34399375 0.1006754221388367 0.21338125000000005
0 0.49689493433395876 0.33569375 0.04424953095684805 0.20434375000000002
0 0.7893151969981238 0.34057499999999996 0.06041275797373367 0.2098375
0 0.5188836772983114 0.8515625 0.03948405253283294 0.21496874999999988
0 0.4719793621013133 0.8461937500000001 0.04078799249530959 0.21899374999999993
0 0.5778799249530957 0.8574250000000001 0.040403377110694125 0.21398750000000008
0 0.7013696060037523 0.8725562499999999 0.03835834896810516 0.21569999999999992
0 0.8889868667917448 0.8818375 0.04285178236397755 0.19043125000000002
0 0.3178893058161351 0.58251875 0.06682926829268293 0.20556874999999997
0 0.27318011257035646 0.33545 0.05184803001876171 0.18798749999999997
0 0.2026454033771107 0.11358750000000001 0.08075046904315196 0.19128124999999996
0 0.3622232645403377 0.82715 0.04763602251407127 0.20215000000000002
0 0.43642589118198877 0.3359375 0.051575984990619154 0.20092500000000002
0 0.7442401500938086 0.875 0.04754221388367736 0.21106249999999988
0 0.7702532833020638 0.6088875 0.07928705440900562 0.23340000000000002
0 0.6016979362101313 0.33691249999999995 0.06082551594746709 0.21338125000000005
0 0.6709474671669794 0.8667 0.03970919324577854 0.2153312500000001
0 0.3371294559099437 0.8217749999999999 0.04690431519699812 0.20373750000000002
0 0.6438367729831145 0.86376875 0.037786116322701666 0.2133812499999999
0 0.27648217636022515 0.58251875 0.06293621013133212 0.203125
0 0.41334896810506566 0.83984375 0.046125703564727914 0.2094749999999999
0 0.2151031894934334 0.57421875 0.06770168855534708 0.19043125000000002
0 0.11020637898686679 0.5463875 0.06632270168855536 0.16235624999999998
0 0.7885834896810506 0.8774437500000001 0.02618198874296443 0.20275624999999992
0 0.38586303939962474 0.33496250000000005 0.03948405253283305 0.19616874999999998
0 0.4869981238273921 0.59911875 0.08629455909943716 0.21496875000000004
0 0.11185741088180112 0.7836937500000001 0.04763602251407129 0.18420625000000002
0 0.42727016885553476 0.59765625 0.057945590994371465 0.20910625000000002
0 0.15738273921200752 0.79345625 0.07278611632270167 0.1971437499999999
0 0.972532833020638 0.34643749999999995 0.05354596622889299 0.21630624999999995
0 0.7097936210131331 0.33545 0.08551594746716705 0.22106875000000004
0 0.0225328330206379 0.7670874999999999 0.0400093808630394 0.18066249999999998
0 0.4452251407129456 0.8432625 0.0498405253283302 0.21374375000000015
0 0.255046904315197 0.10430624999999999 0.09101313320825515 0.20495625000000003
0 0.3622232645403377 0.33520625000000004 0.02915572232645407 0.19250625
0 0.04053470919324578 0.5454125 0.04665103189493434 0.15454374999999998
0 0.9109662288930582 0.625975 0.08675422138836775 0.25610625
0 0.0727861163227017 0.54443125 0.06999061913696061 0.15869375000000005
0 0.12303001876172609 0.10125624999999999 0.04800187617260789 0.19592500000000002
0 0.6486022514071295 0.3381375 0.08208255159474671 0.21972499999999998
0 0.5463602251407129 0.10143750000000001 0.12587242026266424 0.19677500000000003
0 0.46867729831144467 0.3359375 0.039024390243902404 0.19555624999999996
0 0.07653846153846154 0.11181875 0.07132270168855535 0.20556875000000002
0 0.9131707317073171 0.08990625000000002 0.09472795497185743 0.172975
0 0.6170825515947467 0.6088875 0.0890431519699813 0.20947499999999997
0 0.08501876172607879 0.3396 0.0671951219512195 0.17101874999999997
0 0.06582551594746718 0.7788062499999999 0.058489681050656654 0.19043125000000002
0 0.8457410881801125 0.8808625000000001 0.035018761726078734 0.1889625000000001
0 0.5610225140712946 0.6025375 0.07013133208255158 0.21106249999999996
0 0.31898686679174487 0.1021125 0.07172607879924957 0.19873125000000003
0 0.9608067542213884 0.63574375 0.0729174484052533 0.26245000000000007
0 0.0373545966228893 0.11163125000000002 0.06619136960600376 0.20434375000000002
0 0.0300187617260788 0.33875 0.0600375234521576 0.1675
0 0.016378986866791744 0.5537125 0.03275797373358349 0.15637500000000004
0 0.9505440900562852 0.8920874999999999 0.037654784240150084 0.1973875000000001
0 0.1524390243902439 0.33764375 0.029090056285178228 0.17101875000000002
0 0.8120356472795497 0.09399374999999999 0.08886491557223267 0.18103124999999998
0 0.3880581613508443 0.8339875000000001 0.043489681050656676 0.20690625000000012
0 0.7123639774859287 0.09789999999999999 0.12348968105065676 0.18920625000000002
0 0.9219606003752344 0.8901375 0.03417448405253289 0.1977562499999999