0 0.1095516304347826 0.7441437308868502 0.06339673913043478 0.17077981651376137
0 0.15641304347826088 0.748532110091743 0.060855978260869574 0.1733409785932721
0 0.20934782608695654 0.5366207951070336 0.0542119565217391 0.18566513761467882
0 0.16150815217391304 0.5356422018348624 0.05574728260869564 0.18127675840978585
0 0.3126086956521739 0.53467125382263 0.061671195652173896 0.19873088685015294
0 0.5696875 0.5332033639143731 0.06328804347826092 0.2170412844036698
0 0.11368206521739131 0.536131498470948 0.06004076086956522 0.17529051987767583
0 0.3789945652173913 0.2988302752293578 0.050733695652173956 0.16100917431192663
0 0.6195788043478261 0.7959021406727829 0.049673913043478186 0.21972477064220192
0 0.6712092391304347 0.802737003058104 0.05111413043478254 0.229250764525994
0 0.7119972826086957 0.25781345565749236 0.06671195652173909 0.18590978593272167
0 0.45557065217391307 0.5317354740061162 0.05288043478260864 0.20532110091743114
0 0.40698369565217396 0.5317354740061162 0.04830163043478255 0.2023929663608563
0 0.20782608695652174 0.7548853211009174 0.06328804347826085 0.17749235474006123
0 0.8321875 0.81835626911315 0.06486413043478262 0.23974770642201837
0 0.07245923913043478 0.5385779816513762 0.056182065217391296 0.1744418960244649
0 0.43236413043478267 0.2924770642201835 0.06129076086956524 0.16589449541284404
0 0.36315217391304344 0.53467125382263 0.05269021739130431 0.19555810397553514
0 0.5111141304347826 0.5332033639143731 0.06014945652173911 0.2100840978593272
0 0.6312907608695653 0.5307645259938838 0.06834239130434776 0.22509938837920493
0 0.5141440217391304 0.7880886850152905 0.06290760869565211 0.21045107033639143
0 0.8582201086956521 0.52782874617737 0.08601902173913036 0.24828746177370029
0 0.3056657608695652 0.7641590214067279 0.0489266304347826 0.19226299694189602
0 0.7744701086956521 0.8149388379204894 0.06107336956521745 0.2382798165137615
0 0.06459239130434782 0.7348623853211009 0.04994565217391305 0.160519877675841
0 0.8278396739130435 0.24328746177370034 0.06709239130434798 0.1918960244648318
0 0.8881521739130435 0.822262996941896 0.06258152173913036 0.2454816513761468
0 0.7796875 0.52782874617737 0.08167119565217378 0.24048165137614674
0 0.2622826086956522 0.7592737003058104 0.04986413043478259 0.18444954128440366
0 0.3338722826086956 0.3059097859327217 0.04729619565217392 0.1584480122324159
0 0.6521195652173912 0.2648929663608563 0.0556385869565218 0.17834097859327216
0 0.7015896739130435 0.5292966360856269 0.07452445652173909 0.23230122324159033
0 0.7189402173913043 0.80664373088685 0.049483695652173934 0.22778287461773705
0 0.12289402173913044 0.3303211009174312 0.05554347826086956 0.14709480122324156
0 0.20392663043478262 0.31933486238532105 0.04620923913043477 0.15100152905198772
0 0.48985054347826085 0.2863761467889908 0.061399456521739205 0.17029051987767585
0 0.5714266304347826 0.7924770642201835 0.04773097826086956 0.21301223241590206
0 0.4030706521739131 0.7744113149847094 0.06497282608695659 0.19897553516819572
0 0.9432608695652174 0.8300764525993883 0.0679619565217391 0.25341743119266047
0 0.771875 0.2514678899082569 0.060747282608695705 0.18652140672782877
0 0.2616304347826087 0.5341819571865444 0.06682065217391306 0.1912844036697248
0 0.0734375 0.3327599388379205 0.05421195652173914 0.1441666666666666
0 0.10255434782608697 0.12634556574923547 0.048111413043478254 0.10595565749235476