0 0.6072206703910614 0.08437205651491365 0.0374301675977653 0.10972527472527471
0 0.5652932960893855 0.08349293563579278 0.03941340782122909 0.10916012558869702
0 0.39938547486033515 0.08117739403453689 0.03291899441340789 0.11642857142857144
0 0.1602094972067039 0.2726138147566719 0.027863128491620096 0.11010204081632652
0 0.535405027932961 0.27111459968602825 0.02710893854748599 0.10859497645211932
0 0.5612849162011173 0.2723626373626374 0.03019553072625699 0.11047880690737834
0 0.6866061452513966 0.08487441130298273 0.03554469273743023 0.10634222919937207
0 0.1853072625698324 0.2728649921507064 0.029748603351955324 0.1097252747252747
0 0.26625698324022345 0.4099764521193092 0.02916201117318435 0.10747252747252753
0 0.9318994413407822 0.2753689167974882 0.03562849162011172 0.11204081632653062
0 0.9033659217877095 0.2728649921507064 0.02916201117318451 0.11129513343799055
0 0.7905167597765363 0.27211145996860286 0.026913407821229026 0.1097252747252747
0 0.42480446927374305 0.724050235478807 0.03019553072625699 0.13485086342229197
0 0.8168435754189944 0.27211145996860286 0.03322625698324017 0.1116640502354788
0 0.4823324022346369 0.2718602825745683 0.025782122905027984 0.10878335949764524
0 0.1317877094972067 0.27361852433281003 0.035544692737430154 0.10953689167974888
0 0.2197486033519553 0.7250470957613815 0.03453910614525142 0.12996860282574563
0 0.2412709497206704 0.41147566718995293 0.02863128491620112 0.10859497645211924
0 0.7249581005586593 0.08086342229199371 0.03493016759776535 0.11480376766091051
0 0.7878491620111732 0.41799843014128724 0.033114525139664855 0.12238618524332816
0 0.39247206703910614 0.5696389324960753 0.027430167597765343 0.13021978021978028
0 0.17839385474860334 0.0789795918367347 0.04254189944134076 0.11743328100470958
0 0.642891061452514 0.7225431711145996 0.03261173184357545 0.13472527472527462
0 0.6464664804469273 0.08361852433281004 0.03972067039106153 0.11066718995290424
0 0.1661173184357542 0.5691444270015699 0.03317039106145252 0.13058869701726855
0 0.23905027932960893 0.2728649921507064 0.03149441340782125 0.1097252747252747
0 0.8177234636871509 0.4167425431711146 0.03185754189944127 0.1231946624803768
0 0.8177234636871509 0.5726530612244898 0.03986033519553068 0.13033751962323387
0 0.3978212290502793 0.724050235478807 0.030293296089385552 0.13422291993720564
0 0.3237849162011173 0.4122291993720565 0.03629888268156426 0.11204081632653062
0 0.32155027932960895 0.2728649921507064 0.03236033519553075 0.10934850863422288
0 0.7927513966480447 0.080298273155416 0.028715083798882605 0.11661695447409733
0 0.7249581005586593 0.7295604395604396 0.0362430167597766 0.12795918367346937
0 0.5925 0.2728649921507064 0.03941340782122909 0.1116640502354788
0 0.35589385474860336 0.08224489795918367 0.04590782122905029 0.11423861852433283
0 0.6839245810055866 0.2718602825745683 0.030083798882681513 0.1097252747252747
0 0.8788268156424581 0.2723626373626374 0.029748603351955245 0.11323390894819466
0 0.07184357541899442 0.2728649921507064 0.028715083798882685 0.1097252747252747
0 0.6116759776536312 0.42100470957613817 0.03261173184357545 0.11824960753532189
0 0.42234636871508374 0.2713579277864992 0.02763966480446922 0.1097252747252747
0 0.39849162011173184 0.2741208791208791 0.02763966480446922 0.10784144427001569
0 0.33381284916201115 0.7255494505494505 0.040782122905027994 0.13058869701726855
0 0.496159217877095 0.7245447409733125 0.03222067039106152 0.13234693877551013
0 0.5710893854748603 0.4177472527472528 0.05304469273743019 0.12751962323390897
0 0.6571648044692737 0.2713579277864992 0.030907821229050274 0.10953689167974888
0 0.2947905027932961 0.4094740973312402 0.03019553072625699 0.10934850863422288
0 0.7606424581005586 0.08061224489795918 0.03420391061452515 0.11499215070643642
0 0.47208100558659216 0.724050235478807 0.024525139664804393 0.13171899529042383
0 0.6223882681564246 0.5691444270015699 0.025684357541899423 0.1285871271585557
0 0.48812849162011174 0.5716483516483516 0.03350558659217878 0.12971742543171114
0 0.4368435754189944 0.08675039246467818 0.03793296089385471 0.1076530612244898
0 0.2197486033519553 0.08017268445839874 0.03487430167597761 0.11580062794348508
0 0.5443296089385475 0.5701412872841445 0.029050279329608877 0.12846153846153852
0 0.6723324022346369 0.7250470957613815 0.029972067039106196 0.1310910518053375
0 0.47966480446927373 0.08437205651491367 0.04072625698324018 0.1082182103610675
0 0.7789245810055866 0.5706436420722135 0.03272346368715093 0.1310910518053375
0 0.8498463687150838 0.41824960753532187 0.03910614525139665 0.12388540031397169
0 0.45424581005586595 0.2726138147566719 0.037569832402234604 0.11204081632653062
0 0.5737709497206703 0.5696389324960753 0.03138268156424585 0.12795918367346937
0 0.6031983240223463 0.5686420722135008 0.025782122905027984 0.12777080062794346
0 0.36905027932960893 0.7250470957613815 0.03247206703910614 0.13171899529042383
0 0.19589385474860335 0.5676373626373626 0.029050279329608953 0.13058869701726855
0 0.529608938547486 0.41573783359497646 0.03698324022346371 0.12708006279434858
0 0.7486033519553073 0.7310675039246468 0.02378491620111728 0.1262087912087912
0 0.8743715083798882 0.7250470957613815 0.03657821229050287 0.13284929356357927
0 0.7120251396648044 0.2723626373626374 0.029273743016759828 0.11047880690737834
0 0.6125698324022346 0.7235478806907378 0.03481843575418987 0.13535321821036111
0 0.2852094972067039 0.5681397174254317 0.032108938547486046 0.13146781789638934
0 0.45290502793296084 0.5696389324960753 0.0382960893854748 0.12971742543171114
0 0.31308659217877094 0.5686420722135008 0.030768156424581045 0.13033751962323387
0 0.7396787709497207 0.2728649921507064 0.02893854748603356 0.10916012558869696
0 0.30572625698324024 0.0859419152276295 0.04360335195530722 0.10878335949764521
0 0.2110614525139665 0.41097331240188384 0.03331005586592182 0.11010204081632652
0 0.5242597765363128 0.0829905808477237 0.0382960893854748 0.11010204081632653
0 0.6981983240223465 0.7255494505494505 0.027960893854748578 0.12971742543171114
0 0.5697486033519553 0.7265541601255887 0.042709497206703965 0.13083987441130301
0 0.518463687150838 0.5686420722135008 0.02893854748603356 0.13021978021978028
0 0.08441340782122905 0.4212401883830455 0.03621508379888269 0.11962323390894826
0 0.10379888268156423 0.7210361067503925 0.04749999999999999 0.13810832025117742
0 0.876159217877095 0.0795447409733124 0.04520949720670376 0.11887755102040816
0 0.11606145251396648 0.4094740973312402 0.026592178770949708 0.11542386185243325
0 0.8288826815642458 0.08299058084772372 0.04409217877094963 0.11342229199372056
0 0.1270949720670391 0.0760989010989011 0.05909217877094972 0.1262087912087912
0 0.8908798882681565 0.42100470957613817 0.049259776536312826 0.12281789638932498
0 0.941717877094972 0.7270565149136577 0.03291899441340773 0.13510204081632646
0 0.9176396648044692 0.5681397174254317 0.047611731843575304 0.14186813186813188
0 0.9363687150837989 0.41699372056514916 0.04546089385474854 0.131342229199372
0 0.7610893854748604 0.8739403453689168 0.04159217877094968 0.1323469387755103
0 0.9087150837988827 0.7260518053375197 0.03520949720670396 0.13335164835164826
0 0.851173184357542 0.5696389324960753 0.027960893854748578 0.13510204081632646
0 0.14716480446927374 0.7225431711145996 0.04392458100558658 0.13259811616954478
0 0.4502513966480447 0.40470957613814756 0.03301675977653629 0.11798273155416009
0 0.4908100558659218 0.40596546310832027 0.043603351955307304 0.12113029827315537
0 0.22811452513966482 0.5671350078492935 0.034008379888268186 0.13058869701726836
0 0.10039106145251396 0.27361852433281003 0.036019553072625686 0.11085557299843016
0 0.7312011173184357 0.4220094191522763 0.03272346368715093 0.11943485086342236
0 0.35099162011173185 0.5711459968602826 0.05203910614525138 0.12908948194662484
0 0.18629888268156422 0.7250470957613815 0.03941340782122909 0.13171899529042383
0 0.6634078212290503 0.4235086342229199 0.03322625698324017 0.11304552590266874
0 0.1829608938547486 0.41097331240188384 0.029050279329608953 0.10934850863422288
0 0.5041899441340782 0.2728649921507064 0.027960893854748578 0.10934850863422288
0 0.3743994413407821 0.27211145996860286 0.028826815642458082 0.11129513343799055
0 0.8485055865921788 0.2728649921507064 0.032863128491620076 0.11304552590266874
0 0.6277374301675978 0.2728649921507064 0.03406424581005585 0.11010204081632652
0 0.771340782122905 0.7270565149136577 0.03554469273743023 0.12733124018838307
0 0.13803072625698323 0.4099764521193092 0.027863128491620096 0.11285714285714284
0 0.21184357541899443 0.2726138147566719 0.027960893854748578 0.11029042386185242
0 0.5305027932960894 0.7275588697017268 0.03932960893854744 0.13058869701726855
0 0.7584078212290503 0.41850078492935633 0.032974860335195394 0.11781004709576132
0 0.34987430167597766 0.2718602825745683 0.02916201117318435 0.1080298273155416
0 0.09716480446927374 0.5681397174254317 0.037569832402234646 0.13259811616954478
0 0.29301675977653635 0.7270565149136577 0.04215083798882682 0.12846153846153852
0 0.2611173184357542 0.07910518053375196 0.04254189944134076 0.11423861852433283
0 0.13100558659217876 0.5686420722135008 0.04055865921787708 0.13033751962323387