0 0.37734375 0.12890625 0.4359375 0.0953125
0 0.3734375 0.22734375 0.43046875 0.11484375
0 0.37890625 0.34921875 0.41953125 0.1515625
0 0.37265625 0.05078125 0.4453125 0.1015625
0 0.73359375 0.3578125 0.28984375 0.0828125
0 0.8678100265625 0.495082159375 0.8707124015625001 0.433568075 0.5891820578125 0.4688075125 0.58601583125 0.53636971875 0.8678100265625 0.495082159375
0 0.587071240625 0.6470985921875 0.5883905015625001 0.54624413125 0.19551451250000002 0.6227007046875 0.20501319218749997 0.7409366203125 0.587071240625 0.6470985921875
0 0.8720316625000001 0.49883568125 0.6042216359375 0.5537558687499999 0.5997361484375 0.6189471828124999 0.8688654359375001 0.5495070421875 0.8720316625000001 0.49883568125
0 0.8730870718749999 0.56076760625 0.6200527703125001 0.6523474171875 0.6197889187500001 0.7277992953125 0.8656992078125001 0.626454225 0.8730870718749999 0.56076760625
0 0.861477571875 0.68088028125 0.6226912921875 0.7931924875 0.6155672828125 0.8685551640625 0.8593667546875 0.7615809859375 0.861477571875 0.68088028125
0 0.587071240625 0.6489753515625 0.16094986875 0.769718309375 0.1638522421875 0.9117206578125 0.584960421875 0.7672112671875 0.587071240625 0.6489753515625
0 0.3035025234375 1 0.59340369375 0.8723086859375 0.5891820578125 0.7803485921875 0.17414247968750002 0.9129107984375 0.20281524375 1 0.3035025234375 1
0 0.58601583125 0.39561385 0.1649076515625 0.434037559375 0.1659630609375 0.5438767609374999 0.5828496046875 0.4688075125 0.58601583125 0.39561385
0 0.8593667546875 0.1966772296875 0.5844327171875 0.192253521875 0.5796833765625 0.258610328125 0.8530343015625 0.25110328593750003 0.8593667546875 0.1966772296875
0 0.878364115625 0.2604870890625 0.6134564640625 0.2814553984375 0.6155672828125 0.33743427187499997 0.8741424796875 0.3205434265625 0.878364115625 0.2604870890625