0 0.23073913043478264 0.1749652777777778 0.2534021739130435 0.033758680555555545
0 0.24517391304347827 0.30408854166666666 0.2418478260869565 0.04909722222222227
0 0.23566304347826086 0.21484375 0.24575000000000002 0.04421875000000005
0 0.2653913043478261 0.410703125 0.2550978260869565 0.034722222222222224
0 0.6831521739130435 0.3585069444444444 0.633695652173913 0.057291666666666664
0 0.23940217391304347 0.2528211805555556 0.2399782608695652 0.033012152777777755
0 0.2684456521739131 0.6288020833333333 0.24422826086956528 0.033385416666666695
0 0.6869565217391305 0.6271701388888888 0.6260869565217392 0.0546875
0 0.2696304347826087 0.5447048611111112 0.2270760869565217 0.02677083333333326
0 0.6847826086956522 0.70703125 0.6304347826086957 0.0546875
0 0.06847826086956521 0.3667534722222222 0.13695652173913042 0.04600694444444445
0 0.06467391304347826 0.3224826388888889 0.12934782608695652 0.0546875
0 0.6815217391304348 0.5164930555555556 0.6369565217391304 0.04513888888888889
0 0.6744565217391304 0.85546875 0.6510869565217391 0.04774305555555555
0 0.6858695652173913 0.06770833333333333 0.6282608695652174 0.05381944444444445
0 0.24024999999999996 0.1394357638888889 0.24456521739130435 0.034722222222222224
0 0.6826086956521739 0.5876736111111112 0.6347826086956522 0.05381944444444445
0 0.2662391304347826 0.4418923611111111 0.24541304347826084 0.024956597222222224
0 0.6842391304347826 0.7777777777777778 0.6315217391304347 0.03819444444444445
0 0.07445652173913044 0.4114583333333333 0.14891304347826087 0.046875
0 0.683695652173913 0.2087673611111111 0.6326086956521739 0.044270833333333336
0 0.06141304347826087 0.2816840277777778 0.12282608695652174 0.05642361111111111
0 0.06086956521739131 0.1987847222222222 0.12173913043478261 0.0625
0 0.6858695652173913 0.4453125 0.6282608695652174 0.052083333333333336
0 0.6804347826086956 0.1154513888888889 0.6391304347826087 0.046875
0 0.2686195652173913 0.595703125 0.23726086956521736 0.033012152777777755
0 0.2692934782608696 0.4855729166666667 0.24389130434782608 0.025486111111111025
0 0.6858695652173913 0.6731770833333334 0.6282608695652174 0.044270833333333336
0 0.07934782608695652 0.4774305555555556 0.15869565217391304 0.043402777777777776
0 0.675 0.2981770833333333 0.65 0.06163194444444445
0 0.26606521739130434 0.6922743055555556 0.24694565217391304 0.029175347222222134
0 0.6733695652173913 0.1623263888888889 0.6532608695652173 0.046875