0 0.76640625 0.25625 0.45390625 0.0390625
0 0.4015625 0.28671875 0.35078125 0.03359375
0 0.38984375 0.2515625 0.3421875 0.034375
0 0.77734375 0.296875 0.43359375 0.04921875
0 0.403125 0.48203125 0.396875 0.06171875
0 0.79453125 0.43203125 0.41015625 0.05078125
0 0.4203125 0.6140625 0.40703125 0.065625
0 0.28671875 0.54140625 0.13125 0.0234375
0 0.8 0.55546875 0.39453125 0.059375
0 0.08515625 0.33125 0.1671875 0.0359375
0 0.6189035328125 0.5891972484375 0.6180828796875 0.61989373125 0.971154890625 0.6513019875 0.97361820625 0.6249747703125 0.6189035328125 0.5891972484375
0 0.6137717390625 0.5620535171875 0.6139769015625001 0.5834051984374999 0.9555543484375001 0.618508409375 0.9547323375 0.5944900609375 0.6137717390625 0.5620535171875
0 0.6086399453125 0.5262469421875 0.6131562500000001 0.56262003125 0.9555543484375001 0.5931047406250001 0.9555543484375001 0.5561536703125001 0.6086399453125 0.5262469421875
0 0.6507214671875 0.6665863921875 0.6492839671875 0.7067285937500001 0.9966086953125 0.7464510703125 0.9966086953125 0.7076529046875 0.6507214671875 0.6665863921875
0 0.2268288046875 0.6735168203125 0.22888179375 0.7044197249999999 0.543362771875 0.7552270640625001 0.54089945625 0.7136574921875 0.2268288046875 0.6735168203125
0 0.6033029890625 0.6887155968750001 0.2227228265625 0.6504159015625001 0.22395516249999997 0.6739350156249999 0.6016603265625 0.7150428140625 0.6033029890625 0.6887155968750001