0 0.5851739130434782 0.08441272430668842 0.03884057971014486 0.11402120717781403
0 0.5416666666666666 0.08349918433931484 0.040898550724637724 0.11343393148450244
0 0.36950724637681154 0.08109298531810767 0.03415942028985514 0.12098694942903752
0 0.12131884057971015 0.2800244698205547 0.028913043478260854 0.1144127243066884
0 0.5106521739130435 0.2784665579119086 0.02813043478260865 0.11284665579119088
0 0.5375072463768116 0.27976345840130507 0.03133333333333334 0.11480424143556281
0 0.6675507246376812 0.0849347471451876 0.03688405797101456 0.1105057096247961
0 0.1473623188405797 0.28028548123980424 0.030869565217391322 0.114021207177814
0 0.2313623188405797 0.42276508972267535 0.030260869565217386 0.11168026101141931
0 0.9220869565217391 0.2828874388254486 0.03697101449275361 0.11642740619902121
0 0.8924782608695652 0.28028548123980424 0.03026086956521755 0.11565252854812395
0 0.7753768115942029 0.27950244698205545 0.027927536231884032 0.114021207177814
0 0.3958840579710145 0.7491353996737358 0.03133333333333334 0.14013050570962476
0 0.802695652173913 0.27950244698205545 0.03447826086956517 0.11603588907014681
0 0.4555797101449276 0.2792414355628059 0.02675362318840585 0.11304241435562809
0 0.09182608695652174 0.281068515497553 0.036884057971014475 0.11382544861337689
0 0.18310144927536232 0.7501712887438826 0.035840579710144954 0.13505709624796078
0 0.20543478260869566 0.4243230016313214 0.029710144927536233 0.11284665579119078
0 0.7073478260869566 0.08076672104404566 0.03624637681159419 0.11929853181076672
0 0.7726086956521739 0.4311011419249592 0.03436231884057976 0.12717781402936384
0 0.36233333333333334 0.5886786296900489 0.02846376811594201 0.1353181076672105
0 0.14018840579710143 0.07880913539967374 0.04414492753623185 0.1220309951060359
0 0.6221884057971014 0.7475693311582382 0.03384057971014496 0.1399999999999999
0 0.6258985507246377 0.08362969004893964 0.04121739130434791 0.115
0 0.12744927536231884 0.5881647634584013 0.034420289855072464 0.13570146818923337
0 0.2031304347826087 0.28028548123980424 0.032681159420289874 0.114021207177814
0 0.803608695652174 0.42979608482871123 0.033057971014492676 0.12801794453507345
0 0.803608695652174 0.591810766721044 0.04136231884057966 0.13544045676998365
0 0.3678840579710145 0.7491353996737358 0.031434782608695734 0.13947797716150082
0 0.29105797101449277 0.4251060358890701 0.03766666666666668 0.11642740619902121
0 0.2887391304347826 0.28028548123980424 0.03357971014492756 0.1136296900489396
0 0.777695652173913 0.08017944535073408 0.029797101449275283 0.1211827079934747
0 0.7073478260869566 0.7548613376835237 0.03760869565217398 0.1329690048939641
0 0.5698985507246377 0.28028548123980424 0.040898550724637724 0.11603588907014681
0 0.3243768115942029 0.08220228384991843 0.0476376811594203 0.11871125611745516
0 0.664768115942029 0.2792414355628059 0.031217391304347773 0.114021207177814
0 0.8670144927536232 0.27976345840130507 0.03086956521739124 0.11766721044045676
0 0.0296231884057971 0.28028548123980424 0.029797101449275366 0.114021207177814
0 0.5897971014492753 0.43422512234910277 0.03384057971014496 0.12287928221859713
0 0.3933333333333333 0.27871941272430667 0.0286811594202898 0.114021207177814
0 0.3685797101449275 0.28159053833605224 0.0286811594202898 0.11206362153344207
0 0.301463768115942 0.7506933115823817 0.042318840579710214 0.13570146818923337
0 0.46992753623188405 0.7496492659053834 0.03343478260869572 0.13752854812398035
0 0.5476811594202898 0.43084013050570963 0.05504347826086959 0.13251223491027736
0 0.637 0.27871941272430667 0.032072463768115934 0.11382544861337689
0 0.2609710144927536 0.4222430668841762 0.03133333333333334 0.1136296900489396
0 0.7443768115942029 0.08050570962479607 0.03549275362318842 0.11949429037520391
0 0.4449420289855072 0.7491353996737358 0.025449275362318762 0.1368760195758564
0 0.6009130434782609 0.5881647634584013 0.026652173913043458 0.13362153344208805
0 0.46159420289855074 0.5907667210440457 0.034768115942029 0.13479608482871125
0 0.40837681159420286 0.086884176182708 0.03936231884057966 0.1118678629690049
0 0.18310144927536232 0.0800489396411093 0.036188405797101406 0.12033442088091353
0 0.5199130434782608 0.5892006525285481 0.030144927536231818 0.13349102773246335
0 0.6527391304347826 0.7501712887438826 0.03110144927536237 0.13622349102773246
0 0.45281159420289857 0.08441272430668842 0.042260869565217345 0.11245513866231648
0 0.7633478260869566 0.5897226753670473 0.033956521739130524 0.13622349102773246
0 0.8369420289855073 0.43136215334420885 0.04057971014492753 0.12873572593800972
0 0.42643478260869566 0.2800244698205547 0.038985507246376776 0.11642740619902121
0 0.550463768115942 0.5886786296900489 0.032565217391304385 0.1329690048939641
0 0.581 0.5876427406199022 0.02675362318840585 0.1327732463295269
0 0.3380289855072464 0.7501712887438826 0.03369565217391304 0.1368760195758564
0 0.15834782608695652 0.5865986949429037 0.0301449275362319 0.13570146818923337
0 0.5046376811594203 0.4287520391517129 0.03837681159420293 0.13205546492659062
0 0.7318840579710145 0.7564274061990212 0.024681159420289814 0.1311500815660685
0 0.8623913043478261 0.7501712887438826 0.037956521739130514 0.1380505709624796
0 0.693927536231884 0.27976345840130507 0.03037681159420295 0.11480424143556281
0 0.5907246376811595 0.7486133768352365 0.03613043478260862 0.14065252854812402
0 0.2510289855072464 0.5871207177814028 0.03331884057971016 0.13661500815660685
0 0.4250434782608695 0.5886786296900489 0.03973913043478255 0.13479608482871125
0 0.27995652173913044 0.5876427406199022 0.0319275362318841 0.13544045676998365
0 0.7226231884057971 0.28028548123980424 0.030028985507246416 0.1134339314845024
0 0.2723188405797102 0.08604404567699836 0.04524637681159416 0.11304241435562806
0 0.17408695652173914 0.4238009787928222 0.03456521739130438 0.1144127243066884
0 0.4990869565217391 0.08297716150081566 0.03973913043478255 0.11441272430668843
0 0.6795797101449277 0.7506933115823817 0.029014492753623163 0.13479608482871125
0 0.5462898550724637 0.7517373572593801 0.0443188405797102 0.13596247960848293
0 0.493072463768116 0.5876427406199022 0.030028985507246416 0.1353181076672105
0 0.042666666666666665 0.4344698205546492 0.037579710144927544 0.12430668841761834
0 0.06278260869565216 0.7460032626427406 0.04928985507246376 0.14351549755301798
0 0.8642463768115942 0.07939641109298531 0.04691304347826071 0.12353181076672104
0 0.07550724637681158 0.4222430668841762 0.027594202898550715 0.11994290375203912
0 0.8151884057971015 0.08297716150081567 0.04575362318840571 0.11786296900489396
0 0.08695652173913043 0.07581566068515498 0.06131884057971015 0.1311500815660685
0 0.8795217391304347 0.43422512234910277 0.05111594202898548 0.12762642740619903
0 0.9322753623188406 0.7522593800978793 0.03415942028985498 0.1403915171288743
0 0.9072898550724637 0.5871207177814028 0.049405797101449156 0.1474225122349103
0 0.9267246376811595 0.43005709624796085 0.0471739130434782 0.136484502446982
0 0.7448405797101451 0.9048939641109299 0.04315942028985503 0.13752854812398052
0 0.8980289855072463 0.751215334420881 0.036536231884058024 0.1385725938009787
0 0.8383188405797102 0.5886786296900489 0.029014492753623163 0.1403915171288743
0 0.10778260869565218 0.7475693311582382 0.04557971014492752 0.13778955954323008
0 0.42228985507246375 0.4172920065252855 0.03426086956521737 0.12260195758564432
0 0.4643768115942029 0.4185970636215335 0.04524637681159424 0.12587275693311578
0 0.1917826086956522 0.5860766721044045 0.0352898550724638 0.13570146818923318
0 0.0592463768115942 0.281068515497553 0.037376811594202884 0.11519575856443721
0 0.7138260869565217 0.4352691680261011 0.033956521739130524 0.12411092985318115
0 0.31928985507246377 0.5902446982055465 0.053999999999999986 0.1341435562805873
0 0.14839130434782608 0.7501712887438826 0.040898550724637724 0.1368760195758564
0 0.6434782608695652 0.4368270799347471 0.03447826086956517 0.11747145187601957
0 0.14492753623188406 0.4238009787928222 0.0301449275362319 0.1136296900489396
0 0.4782608695652174 0.28028548123980424 0.029014492753623163 0.1136296900489396
0 0.34357971014492755 0.27950244698205545 0.02991304347826085 0.11565252854812395
0 0.8355507246376811 0.28028548123980424 0.03410144927536228 0.11747145187601957
0 0.606463768115942 0.28028548123980424 0.0353478260869565 0.1144127243066884
0 0.7554782608695652 0.7522593800978793 0.03688405797101456 0.13231647634584015
0 0.09830434782608695 0.42276508972267535 0.028913043478260854 0.11727569331158236
0 0.1748985507246377 0.2800244698205547 0.029014492753623163 0.1146084828711256
0 0.5055652173913043 0.7527814029363784 0.0408115942028985 0.13570146818923337
0 0.7420579710144928 0.43162316476345836 0.03421739130434768 0.12242251223491021
0 0.31813043478260866 0.2792414355628059 0.030260869565217386 0.11225938009787928
0 0.055898550724637674 0.5871207177814028 0.03898550724637682 0.13778955954323008
0 0.2591304347826087 0.7522593800978793 0.04373913043478262 0.13349102773246335
0 0.2260289855072464 0.07893964110929853 0.04414492753623185 0.11871125611745516
0 0.09101449275362318 0.5876427406199022 0.04208695652173912 0.13544045676998365