0 0.274 0.0853932584269663 0.04 0.1707865168539326
0 0.31304000000000004 0.08513483146067413 0.04743999999999994 0.1686741573033708
0 0.2842 0.30094382022471905 0.045899999999999976 0.17459550561797751
0 0.906 0.08612359550561799 0.056480000000000016 0.1709101123595506
0 0.381 0.2998988764044944 0.053460000000000035 0.17459550561797751
0 0.43583999999999995 0.5321685393258427 0.041100000000000025 0.1694606741573033
0 0.50006 0.2991011235955056 0.03868000000000006 0.1763033707865168
0 0.5900599999999999 0.5321685393258427 0.04025999999999999 0.16761797752808996
0 0.851 0.0853932584269663 0.054 0.1707865168539326
0 0.754 0.08426966292134831 0.044 0.16853932584269662
0 0.62476 0.2985730337078652 0.055220000000000026 0.17512359550561798
0 0.6280399999999999 0.5311123595505618 0.04151999999999998 0.16840449438202246
0 0.79396 0.5300561797752809 0.040779999999999976 0.16591011235955067
0 0.56896 0.08612359550561799 0.04531999999999994 0.1709101123595506
0 0.67022 0.5316404494382023 0.04322000000000003 0.16946067415730343
0 0.49162 0.08612359550561799 0.04375999999999999 0.171438202247191
0 0.67444 0.2959438202247191 0.0493599999999999 0.17406741573033704
0 0.016 0.300561797752809 0.032 0.17191011235955056
0 0.9735 0.2951573033707865 0.042300000000000185 0.1697191011235956
0 0.12119999999999999 0.2991011235955056 0.042620000000000005 0.17486516853932585
0 0.195 0.0848314606741573 0.042 0.1696629213483146
0 0.39 0.0853932584269663 0.04 0.1707865168539326
0 0.612 0.0853932584269663 0.044 0.1707865168539326
0 0.75178 0.5337415730337078 0.04375999999999999 0.16814606741573043
0 0.959 0.0853932584269663 0.054 0.1707865168539326
0 0.42976 0.2991011235955056 0.04001999999999998 0.17486516853932585
0 0.32076 0.5342696629213484 0.041799999999999955 0.1694606741573033
0 0.654 0.0848314606741573 0.048 0.1696629213483146
0 0.3531 0.08533707865168538 0.03705999999999995 0.1703820224719101
0 0.23006000000000001 0.2998988764044944 0.047159999999999966 0.1757865168539325
0 0.04854000000000001 0.2998988764044944 0.03594 0.17261797752808988
0 0.071 0.08595505617977528 0.038 0.17191011235955056
0 0.238 0.0848314606741573 0.044 0.1696629213483146
0 0.8680399999999999 0.29884269662921353 0.06 0.17143820224719106
0 0.51318 0.5311123595505618 0.03427999999999997 0.17012359550561795
0 0.32989999999999997 0.30094382022471905 0.051759999999999994 0.17459550561797751
0 0.3981 0.5321685393258427 0.037700000000000046 0.16893258426966282
0 0.28068 0.5337415730337078 0.04272000000000003 0.16920224719101115
0 0.53804 0.2985730337078652 0.0428599999999999 0.17538202247191015
0 0.18975999999999998 0.2996292134831461 0.04034000000000003 0.17486516853932585
0 0.15775999999999998 0.29805617977528087 0.03615999999999997 0.1760449438202248
0 0.798 0.0848314606741573 0.052 0.1696629213483146
0 0.08030000000000001 0.2938426966292135 0.03594 0.17314606741573035
0 0.77054 0.297 0.046339999999999916 0.1709101123595506
0 0.17288 0.5316404494382023 0.038439999999999995 0.1697191011235956
0 0.47522000000000003 0.5332134831460674 0.04040000000000009 0.16946067415730343
0 0.5797599999999999 0.2959438202247191 0.04531999999999994 0.17433707865168535
0 0.32662 0.7739101123595505 0.02567999999999995 0.1694606741573033
0 0.46303999999999995 0.29884269662921353 0.038960000000000036 0.17578651685393262
0 0.5319400000000001 0.08593258426966294 0.03940000000000009 0.1703820224719101
0 0.07854 0.7797078651685394 0.027839999999999976 0.16867415730337065
0 0.27296 0.77338202247191 0.023139999999999987 0.16893258426966282
0 0.107 0.08426966292134831 0.038 0.16853932584269662
0 0.992 0.08651685393258426 0.016 0.17303370786516853
0 0.71194 0.5300561797752809 0.0395 0.16722471910112352
0 0.9275599999999999 0.2948876404494382 0.05501999999999998 0.1697191011235956
0 0.72272 0.29621348314606744 0.05059999999999991 0.17116853932584272
0 0.09563999999999999 0.5316404494382023 0.04151999999999998 0.16920224719101126
0 0.55116 0.5316404494382023 0.04151999999999998 0.16840449438202246
0 0.20804000000000003 0.5321685393258427 0.03867999999999995 0.16761797752808996
0 0.13140000000000002 0.5311123595505618 0.04142000000000002 0.16695505617977532
0 0.14036 0.7763820224719101 0.016019999999999982 0.16626966292134834
0 0.18330000000000002 0.7760224719101123 0.023399999999999976 0.16669662921348302
0 0.11932 0.7775955056179774 0.025480000000000017 0.1648539325842697
0 0.25256 0.7739101123595505 0.02377999999999997 0.16867415730337065
0 0.10116 0.7770674157303371 0.025879999999999997 0.1661685393258428
0 0.2085 0.775494382022472 0.029279999999999973 0.16616853932584255
0 0.23427999999999996 0.7760224719101123 0.02191999999999996 0.16840449438202235
0 0.30904000000000004 0.7760224719101123 0.025279999999999973 0.16695505617977519
0 0.05476 0.7781235955056179 0.02828 0.1694606741573033
0 0.16632 0.7781235955056179 0.023600000000000024 0.16591011235955067
0 0.28866 0.77338202247191 0.020620000000000003 0.16893258426966282
0 0.34842 0.7723370786516854 0.02251999999999998 0.17512359550561787
0 0.0326 0.7797078651685394 0.024900000000000005 0.16695505617977519
0 0.012 0.7775280898876404 0.024 0.16853932584269662
0 0.36718 0.7712808988764046 0.029960000000000035 0.1809213483146067
0 0.86 0.7191011235955056 0.28 0.011235955056179775