0 0.571875 0.36484375 0.3484375 0.0171875
0 0.15703125 0.21328125 0.309375 0.0265625
0 0.15859375 0.2453125 0.31640625 0.0296875
0 0.165625 0.3109375 0.3265625 0.0390625
0 0.525 0.36328125 0.22109375 0.02578125
0 0.16875 0.34453125 0.33046875 0.04375
0 0.5421875 0.303125 0.375 0.0421875
0 0.13046875 0.38046875 0.25859375 0.025
0 0.53203125 0.4265625 0.23671875 0.0390625
0 0.16328125 0.2734375 0.32578125 0.03046875
0 0.1671875 0.74375 0.334375 0.071875
0 0.159375 0.58828125 0.31875 0.0609375
0 0.15703125 0.5171875 0.31328125 0.04921875
0 0.89453125 0.2171875 0.20625 0.03046875
0 0.92265625 0.25234375 0.1546875 0.0171875
0 0.8828125 0.296875 0.21875 0.028125
0 0.88046875 0.6296875 0.23828125 0.0375