0 0.6504782608695652 0.7235807504078303 0.4183768115942028 0.048221859706362065
0 0.5991014492753624 0.4151794453507341 0.45586956521739125 0.03584828711256121
0 0.5370869565217391 0.28572593800978796 0.44036231884057975 0.04694942903752044
0 0.6453768115942029 0.694926590538336 0.4202318840579709 0.04415171288743892
0 0.6125217391304347 0.45529363784665583 0.450304347826087 0.029983686786296895
0 0.8804347826086957 0.2814029363784666 0.2391304347826087 0.048939641109298535
0 0.6527826086956522 0.6235562805872757 0.43966666666666665 0.029208809135399628
0 0.5579130434782609 0.35084828711256116 0.4449855072463769 0.039983686786296886
0 0.6282608695652174 0.4895024469820555 0.4782608695652174 0.032830342577487764
0 0.6319565217391304 0.5469820554649266 0.45030434782608686 0.03323001631321371
0 0.6569565217391306 0.7996329526916803 0.4771594202898551 0.048287112561174586
0 0.5134202898550725 0.23648450244698205 0.44565217391304346 0.044820554649265945