0 0.5816307692307693 0.08424870466321244 0.054538461538461605 0.16205526770293607
0 0.6417384615384615 0.08371329879101899 0.06298461538461547 0.16259067357512952
0 0.6999076923076923 0.08303972366148532 0.05949230769230763 0.1615112262521589
0 0.40952307692307693 0.08215889464594127 0.05850769230769227 0.16367012089810015
0 0.3576923076923077 0.08160621761658031 0.05692307692307692 0.16321243523316062
0 0.8864461538461539 0.3997236614853195 0.04810769230769228 0.15098445595854915
0 0.30230769230769233 0.08031088082901554 0.06 0.16062176165803108
0 0.933076923076923 0.3991796200345423 0.047538461538461675 0.15301381692573407
0 0.46889230769230766 0.08202072538860103 0.0650307692307692 0.16259067357512955
0 0.8460615384615385 0.3991796200345423 0.04136923076923092 0.14977547495682214
0 0.7249076923076923 0.39864421416234885 0.041676923076923125 0.1489637305699482
0 0.5513538461538462 0.5994214162348878 0.03780000000000008 0.12771157167530234
0 0.5138461538461538 0.5999568221070811 0.03950769230769223 0.1304145077720207
0 0.5316307692307692 0.08357512953367875 0.05360000000000005 0.1617789291882556
0 0.9753846153846154 0.39853195164075994 0.04923076923076923 0.15457685664939552
0 0.8027846153846153 0.39836787564766835 0.042630769230769285 0.15004317789291882
0 0.4078307692307692 0.397832469775475 0.03332307692307687 0.14842832469775485
0 0.6518307692307692 0.3962089810017271 0.03395384615384623 0.14842832469775485
0 0.6090461538461538 0.6647236614853195 0.03612307692307695 0.16259067357512952
0 0.4390923076923077 0.6021157167530224 0.03423076923076923 0.13155440414507766
0 0.4720153846153846 0.3972884283246977 0.030723076923076964 0.14802245250431786
0 0.39653846153846156 0.6021157167530224 0.03867692307692305 0.1333765112262522
0 0.6729846153846154 0.6658031088082902 0.03549230769230777 0.16285837651122617
0 0.7652923076923077 0.399447322970639 0.0424923076923077 0.14842832469775485
0 0.9652923076923078 0.6728238341968912 0.045169230769230614 0.15234024179620043
0 0.31793846153846156 0.601580310880829 0.03155384615384614 0.13728842832469776
0 0.6859692307692308 0.397832469775475 0.036861538461538515 0.14747841105354056
0 0.6119230769230769 0.39864421416234885 0.03981538461538461 0.14923143350604487
0 0.3667384615384615 0.3964853195164076 0.0399692307692308 0.15004317789291882
0 0.5013538461538461 0.39864421416234885 0.03316923076923069 0.14747841105354056
0 0.7049384615384615 0.677573402417962 0.024200000000000027 0.1416148531951641
0 0.7802 0.6695854922279793 0.03921538461538463 0.1612435233160622
0 0.6426923076923077 0.6668825561312608 0.03344615384615386 0.16097582037996552
0 0.8200923076923076 0.6701208981001727 0.045676923076923164 0.16205526770293616
0 0.7398153846153847 0.6679620034542314 0.03906153846153844 0.16259067357512952
0 0.9200923076923077 0.6749827288428325 0.046123076923076954 0.15126079447322976
0 0.5763538461538461 0.6625647668393783 0.03281538461538468 0.16259067357512952
0 0.2874 0.8795336787564767 0.04432307692307692 0.15044905008635562
0 0.99 0.668825561312608 0.02 0.1614853195164076
0 0.37033846153846156 0.8757599309153714 0.04372307692307695 0.15018134715025894
0 0.7628923076923076 0.8719775474956822 0.035153846153846015 0.15152849740932625
0 0.41 0.8719775474956822 0.03681538461538454 0.15098445595854934
0 0.4749076923076923 0.601580310880829 0.03423076923076923 0.130880829015544
0 0.1749076923076923 0.8860103626943006 0.0399692307692308 0.13661485319516392
0 0.4477384615384615 0.8741364421416234 0.038461538461538464 0.1527461139896374
0 0.43886153846153847 0.5228411053540588 0.2737692307692308 0.01940414507772023
0 0.42875384615384615 0.6776770293609672 0.2680307692307693 0.022132987910190076
0 0.6259538461538462 0.8305008635578583 0.22927692307692304 0.016027633851468
0 0.6287538461538461 0.8860103626943006 0.2379846153846153 0.022012089810017083
0 0.6282769230769231 0.8482297063903281 0.24086153846153838 0.023341968911917272
0 0.6258615384615385 0.9097582037996546 0.23678461538461534 0.025198618307426455
0 0.8607692307692307 0.1118307426597582 0.2784615384615385 0.02849740932642487
0 0.1610769230769231 0.4159153713298791 0.2915846153846154 0.027107081174438774
0 0.1512 0.3614421416234888 0.2969846153846154 0.02891191709844561
0 0.15423076923076923 0.3889291882556131 0.28678461538461536 0.028151986183074188
0 0.16240000000000002 0.43966321243523315 0.28101538461538456 0.025198618307426653
0 0.8607692307692307 0.08549222797927461 0.2784615384615385 0.022452504317789293