0 0.12265625 0.49140625 0.02890625 0.29453125
0 0.10078125 0.12578125 0.02109375 0.25078125
0 0.09375 0.4984375 0.02890625 0.28359375
0 0.12109375 0.1265625 0.021875 0.25234375
0 0.1484375 0.12890625 0.03359375 0.25703125
0 0.06953125 0.128125 0.0234375 0.25546875
0 0.20234375 0.86328125 0.025 0.27265625
0 0.2984375 0.50859375 0.02109375 0.2609375
0 0.2328125 0.48203125 0.02890625 0.30234375
0 0.0328125 0.12578125 0.021875 0.25078125
0 0.32265625 0.12578125 0.021875 0.25078125
0 0.34375 0.12578125 0.021875 0.25078125
0 0.01171875 0.12578125 0.0234375 0.25078125
0 0.37734375 0.50234375 0.02578125 0.265625
0 0.29921875 0.1265625 0.02734375 0.25234375
0 0.1609375 0.50390625 0.0390625 0.2796875
0 0.3796875 0.8671875 0.01796875 0.26484375
0 0.05234375 0.12578125 0.0203125 0.25078125
0 0.08515625 0.1265625 0.01484375 0.25234375
0 0.2 0.5046875 0.03828125 0.278125
0 0.75703125 0.5015625 0.034375 0.27890625
0 0.29296875 0.878125 0.0234375 0.24375
0 0.15625 0.8625 0.02109375 0.27421875
0 0.56171875 0.1296875 0.02578125 0.25078125
0 0.86796875 0.86171875 0.02109375 0.27578125
0 0.39609375 0.86640625 0.02109375 0.26640625
0 0.4125 0.1234375 0.01875 0.246875
0 0.121875 0.86796875 0.03125 0.26328125
0 0.8984375 0.84921875 0.0296875 0.3015625
0 0.36171875 0.12265625 0.0171875 0.2453125
0 0.990625 0.121875 0.01875 0.24375
0 0.54453125 0.87421875 0.0265625 0.25078125
0 0.05859375 0.86796875 0.0375 0.26328125
0 0.41484375 0.48359375 0.03125 0.309375
0 0.31953125 0.5 0.028125 0.278125
0 0.26328125 0.86484375 0.03671875 0.26953125
0 0.4296875 0.8765625 0.025 0.246875
0 0.396875 0.5015625 0.01796875 0.26328125
0 0.39296875 0.1234375 0.0234375 0.246875
0 0.55859375 0.86875 0.021875 0.26171875
0 0.0546875 0.49765625 0.02109375 0.28203125
0 0.59765625 0.128125 0.02890625 0.24921875
0 0.17578125 0.12578125 0.03046875 0.25078125
0 0.66640625 0.871875 0.01796875 0.25546875
0 0.790625 0.50390625 0.03359375 0.27890625
0 0.09375 0.871875 0.02734375 0.25546875
0 0.44921875 0.49765625 0.0328125 0.2859375
0 0.35 0.4984375 0.03046875 0.284375
0 0.9046875 0.121875 0.015625 0.24375
0 0.3203125 0.87890625 0.01875 0.2421875
0 0.73984375 0.88359375 0.0203125 0.2328125
0 0.96796875 0.4984375 0.0171875 0.27578125
0 0.0390625 0.49921875 0.02265625 0.27421875
0 0.5765625 0.8703125 0.025 0.25859375
0 0.23984375 0.8640625 0.03046875 0.27109375
0 0.4484375 0.88046875 0.01875 0.2390625
0 0.8234375 0.50390625 0.0359375 0.2796875
0 0.2640625 0.50390625 0.021875 0.26953125
0 0.0375 0.86796875 0.0375 0.26171875
0 0.693180671875 0.6411735015625 0.70325105 0.6411735015625 0.6897920171874999 0.37522239687500003 0.6803991593750001 0.375463721875 0.693180671875 0.6411735015625
0 0.686209034375 0.6411735015625 0.691631303125 0.64175394375 0.68107668125 0.410118296875 0.6726523109375 0.41151104062500005 0.686209034375 0.6411735015625
0 0.6257867640625 0.63652208125 0.63392016875 0.6353580437499999 0.6166848734375 0.370859621875 0.6068077734374999 0.3725567828125 0.6257867640625 0.63652208125
0 0.8496586140625 1 0.8496586140625 0.7654274453125 0.8376523109375 0.7654274453125 0.8410162734375 1 0.8496586140625 1
0 0.71942226875 0.6425063093750001 0.7263939078125 0.6407618296875001 0.7227142859375 0.4035741328125 0.71399895 0.40354258749999994 0.71942226875 0.6425063093750001
0 0.7097384453125 0.6425063093750001 0.7167100843750001 0.6407618296875001 0.71351470625 0.4035741328125 0.70470378125 0.40354258749999994 0.7097384453125 0.6425063093750001
0 0.665196428125 0.6436687703125 0.6706197484375 0.6430883281249999 0.6515441171874999 0.4006671921875 0.645055671875 0.4029605671875 0.665196428125 0.6436687703125
0 0.6477678578125 0.63901735 0.6617111343750001 0.6401813875 0.6466050421875 0.44482334375 0.6365346640625 0.4465678234375 0.6477678578125 0.63901735
0 0.5807605046875 0.6413438484375 0.5908308828125 0.63959936875 0.5726271015625 0.4086640375 0.5652678578125 0.40935646718749996 0.5807605046875 0.6413438484375