0 0.0777513966480447 0.6192670682730923 0.0628072625698324 0.23234939759036152
0 0.14664804469273743 0.19879518072289157 0.29329608938547486 0.02610441767068273
0 0.5087430167597765 0.19113453815261044 0.28766759776536316 0.026787148594377516
0 0.5021229050279329 0.22207831325301206 0.29081005586592185 0.0344176706827309
0 0.9645530726256983 0.34295180722891566 0.0544134078212291 0.2135642570281125
0 0.13029329608938547 0.6197690763052208 0.042793296089385494 0.22571285140562244
0 0.8467597765363128 0.1968975903614458 0.28087988826815663 0.02398594377510039
0 0.31811452513966476 0.6227710843373494 0.07836592178770951 0.22746987951807224
0 0.14458100558659215 0.7610542168674699 0.26501396648044695 0.02739959839357426
0 0.8042458100558659 0.34620481927710844 0.044189944134078354 0.2016666666666667
0 0.15083798882681565 0.23042168674698796 0.3016759776536313 0.0391566265060241
0 0.9032262569832403 0.34244979919678714 0.050265363128491634 0.20617469879518074
0 0.18099162011173184 0.6232730923694779 0.06459497206703911 0.2264658634538152
0 0.0223463687150838 0.6194779116465864 0.0446927374301676 0.23293172690763053
0 0.5118715083798883 0.5150502008032128 0.28766759776536316 0.02674698795180733
0 0.5108240223463687 0.48674698795180726 0.2840083798882682 0.03218875502008038
0 0.8467597765363128 0.766566265060241 0.29220670391061454 0.03507028112449805
0 0.8140083798882682 0.5025200803212851 0.30125698324022354 0.03153614457831334
0 0.07513966480446926 0.34995983935742975 0.0733100558659218 0.20329317269076308
0 0.5052513966480446 0.5671586345381526 0.31118715083798876 0.03083333333333337
0 0.8091340782122906 0.47721887550200803 0.2739106145251398 0.02426706827309233
0 0.6833240223463687 0.34620481927710844 0.031312849162011276 0.20329317269076308
0 0.13865921787709498 0.7845983935742972 0.25997206703910614 0.02535140562248996
0 0.5062988826815642 0.25752008032128515 0.2894134078212291 0.03369477911646581
0 0.14004189944134077 0.35021084337349395 0.05449720670391063 0.19815261044176707
0 0.8467597765363128 0.9058534136546185 0.29115921787709503 0.03218875502008026
0 0.5069972067039106 0.3216566265060241 0.2822625698324023 0.033504016064257035
0 0.5663407821229051 0.9061244979919679 0.04888268156424581 0.18775100401606426
0 0.8439804469273743 0.8547489959839358 0.2868016759776535 0.027620481927710834
0 0.35087988826815647 0.34870481927710845 0.03519553072625705 0.2080522088353414
0 0.28431564245810054 0.3519678714859438 0.06498603351955304 0.20228915662650604
0 0.5024720670391061 0.6012248995983936 0.31589385474860343 0.029016064257028205
0 0.2454608938547486 0.6232730923694779 0.0617737430167598 0.23097389558232928
0 0.5237430167597765 0.9071285140562249 0.03910614525139665 0.1857429718875502
0 0.8446787709497207 0.8026405622489959 0.2822625698324021 0.034066265060241026
0 0.7589525139664804 0.3489558232931727 0.04247206703910626 0.20391566265060243
0 0.14484636871508377 0.8402208835341366 0.26170391061452514 0.019287148594377548
0 0.14370111731843574 0.8256827309236948 0.26293296089385476 0.025783132530120545
0 0.020251396648044692 0.35642570281124497 0.040502793296089384 0.20883534136546184
0 0.8474581005586592 0.9699799196787149 0.2787849162011175 0.03350401606425692
0 0.5090921787709497 0.5411044176706827 0.2822625698324023 0.02617469879518066
0 0.8126117318435755 0.5300803212851406 0.30509776536312855 0.029447791164658562
0 0.22839385474860335 0.34920682730923697 0.04713687150837989 0.19853413654618474
0 0.1417039106145251 0.8056425702811244 0.26536312849162014 0.027459839357429627
0 0.45879888268156427 0.9061244979919679 0.03770949720670391 0.18775100401606426
0 0.5049022346368714 0.6272791164658634 0.3193854748603353 0.03142570281124493
0 0.1483240223463687 0.8968373493975904 0.26501396648044695 0.029558232931726963
0 0.4909217877094972 0.9076305220883534 0.034916201117318434 0.18473895582329317
0 0.18970670391061453 0.3489558232931727 0.04730446927374302 0.19815261044176707
0 0.8530446927374301 0.34545180722891566 0.048226256983240186 0.20542168674698796
0 0.5090921787709497 0.3940562248995984 0.2813966480446928 0.028092369477911664
0 0.845377094972067 0.22119477911646587 0.28365921787709486 0.03829317269076304
0 0.845377094972067 0.9349096385542168 0.2813966480446928 0.037228915662650526
0 0.14283519553072624 0.87679718875502 0.2683240223463687 0.02090361445783126
0 0.7185195530726257 0.34369477911646584 0.03878491620111729 0.20354417670682734
0 0.5073463687150838 0.6643574297188756 0.3178072625698323 0.044086345381526185
0 0.6222067039106145 0.9046184738955824 0.06005586592178771 0.19076305220883535
0 0.38058659217877094 0.9031124497991968 0.0824022346368715 0.19377510040160642
0 0.8119134078212291 0.5641465863453815 0.3064944134078213 0.04318273092369477
0 0.14571229050279327 0.9539457831325301 0.26379888268156426 0.03065261044176704
0 0.5090921787709497 0.3457028112449799 0.27477653631284915 0.020903614457831374
0 0.1459776536312849 0.9248895582329317 0.26170391061452514 0.026586345381526124
0 0.30726256983240224 0.9016064257028112 0.06983240223463687 0.19678714859437751
0 0.8955586592178771 0.632289156626506 0.05349162011173178 0.17523092369477908
0 0.9533938547486034 0.6372991967871486 0.06041899441340781 0.18538152610441755
0 0.6752793296089385 0.9071285140562249 0.051675977653631286 0.1857429718875502
0 0.1452513966480447 0.9844377510040161 0.2569832402234637 0.03112449799196787
0 0.5049022346368714 0.41634538152610445 0.2805307262569833 0.021134538152610394
0 0.800768156424581 0.633293172690763 0.045474860335195454 0.16996987951807224
0 0.5505586592178771 0.7680722891566265 0.2845391061452514 0.03551204819277098
0 0.5073463687150838 0.2903413654618474 0.28801675977653635 0.033504016064257035
0 0.5097905027932961 0.7089457831325301 0.3164245810055865 0.05079317269076297
0 0.7631284916201116 0.6372991967871486 0.043533519553072726 0.15944779116465857
0 0.8439804469273743 0.6362951807228916 0.048477653631284964 0.16683734939759043
0 0.8404888268156424 0.8787951807228915 0.28174581005586596 0.029297188755020145
0 0.8491620111731844 0.9924698795180723 0.2681564245810056 0.015060240963855422
0 0.8390921787709497 0.8307028112449799 0.28801675977653635 0.02879518072289163
0 0.5502094972067039 0.7956224899598394 0.2822625698324023 0.03231927710843379
0 0.18099162011173184 0.49876506024096384 0.30840782122905025 0.02431726907630525
0 0.7206145251396648 0.6383032128514057 0.039287709497206856 0.15493975903614451
0 0.14571229050279327 0.8572489959839358 0.2590921787709497 0.027349397590361455
0 0.5111731843575419 0.43964859437751 0.2791340782122905 0.027710843373494