0 0.7322083333333335 0.8310546875 0.034527777777777637 0.11999218750000003
0 0.6532083333333334 0.1019296875 0.034402777777777754 0.11474999999999999
0 0.6753472222222222 0.10394531250000001 0.0356666666666666 0.10687500000000001
0 0.4112361111111111 0.348875 0.04931944444444443 0.09619531249999999
0 0.34505555555555556 0.3478984375 0.023236111111111138 0.09552343749999999
0 0.9097222222222222 0.10821875 0.03090277777777778 0.1037578125
0 0.9592083333333333 0.10210937499999999 0.029944444444444367 0.10650781250000003
0 0.6280416666666666 0.10089062499999998 0.03420833333333333 0.11633593749999997
0 0.5190972222222222 0.22985937500000003 0.04334722222222227 0.10485937500000002
0 0.13052777777777777 0.58203125 0.02752777777777777 0.10052343750000006
0 0.7222222222222222 0.0993046875 0.06261111111111109 0.117984375
0 0.7912361111111111 0.09893749999999998 0.03963888888888884 0.11395312500000002
0 0.06511111111111112 0.3478984375 0.024805555555555556 0.10303124999999999
0 0.10373611111111111 0.7041015625 0.023597222222222235 0.10778906250000002
0 0.7322083333333335 0.7055703125 0.0323333333333333 0.10668749999999996
0 0.1505 0.5830078125 0.024611111111111108 0.1028437499999999
0 0.98525 0.09320312500000001 0.027319444444444545 0.126953125
0 0.5451388888888888 0.22888281250000003 0.04459722222222224 0.10650781250000003
0 0.0942361111111111 0.9467812500000001 0.03916666666666666 0.0993046875000001
0 0.17133333333333334 0.10503906249999999 0.033555555555555554 0.10931249999999997
0 0.081375 0.70459375 0.028625000000000008 0.10821874999999999
0 0.042124999999999996 0.70703125 0.024236111111111115 0.10876562500000002
0 0.12456944444444444 0.7075234375 0.027111111111111124 0.10796875000000003
0 0.06634722222222222 0.581546875 0.02983333333333334 0.10229687500000004
0 0.9349027777777777 0.10559375 0.030194444444444458 0.10596093749999999
0 0.43272222222222223 0.22985937500000003 0.04123611111111119 0.10321093750000002
0 0.48915277777777777 0.22864062500000001 0.040013888888888814 0.10577343749999998
0 0.46268055555555554 0.22985937500000003 0.0404722222222222 0.10412499999999998
0 0.8198749999999999 0.10394531250000001 0.04300000000000005 0.10705468749999998
0 0.29297222222222224 0.23132031249999999 0.040222222222222194 0.10089062499999998
0 0.35655555555555557 0.22717187499999997 0.04431944444444444 0.10357812500000003
0 0.05063888888888889 0.46264843750000006 0.028152777777777773 0.09552343749999999
0 0.36675 0.353515625 0.027319444444444427 0.08990625000000003
0 0.40343055555555557 0.22864062500000001 0.04006944444444448 0.10284374999999998
0 0.10741666666666667 0.464359375 0.040222222222222236 0.09930468749999992
0 0.2829861111111111 0.8310546875 0.03054166666666668 0.11340624999999997
0 0.5182361111111111 0.8330078125 0.04326388888888886 0.11047656249999997
0 0.20756944444444442 0.46069531250000006 0.03947222222222224 0.10559375000000007
0 0.8806388888888889 0.10559375 0.04069444444444438 0.102296875
0 0.18348611111111113 0.4638671875 0.03916666666666665 0.1015625
0 0.45702777777777776 0.0997890625 0.0549583333333334 0.1212734375
0 0.387375 0.4653359375 0.03748611111111112 0.10015625000000003
0 0.31793055555555555 0.8305703125000001 0.028375000000000008 0.1135859374999999
0 0.1423611111111111 0.108765625 0.03159722222222222 0.10192968749999998
0 0.288625 0.102296875 0.05422222222222225 0.11535937499999997
0 0.59375 0.10967968749999998 0.03819444444444445 0.098265625
0 0.11859722222222223 0.9467812500000001 0.03836111111111112 0.0993046875000001
0 0.7122361111111111 0.3447265625 0.026694444444444482 0.09967187500000003
0 0.21354166666666666 0.1077890625 0.03895833333333335 0.10559375000000001
0 0.26952777777777776 0.2290078125 0.036430555555555584 0.10210937500000002
0 0.08045833333333333 0.10992187499999999 0.027944444444444442 0.10107812499999999
0 0.04658333333333333 0.580078125 0.027861111111111114 0.10071093750000007
0 0.7612916666666667 0.7138671875 0.03090277777777778 0.09088281249999994
0 0.24891666666666667 0.10821875 0.0445138888888889 0.10596093749999999
0 0.35394444444444445 0.1066875 0.04491666666666663 0.11242968749999997
0 0.06233333333333334 0.1083984375 0.024055555555555566 0.10357812500000003
0 0.7565138888888889 0.580078125 0.028624999999999862 0.1032109375000001
0 0.05006944444444444 0.3557109375 0.020861111111111105 0.09387499999999997
0 0.15625 0.46655468750000006 0.04258333333333333 0.09930468749999992
0 0.11079166666666666 0.34521875 0.044083333333333335 0.10107812499999999
0 0.12315277777777778 0.11200000000000002 0.02752777777777777 0.10107812499999999
0 0.043000000000000003 0.10357812500000001 0.026194444444444444 0.11047656250000001
0 0.10015277777777777 0.10796874999999999 0.03341666666666667 0.10284374999999998
0 0.07470833333333332 0.4638671875 0.031597222222222214 0.09485156250000007
0 0.7864583333333334 0.706546875 0.03276388888888877 0.11126562500000006
0 0.36675 0.703125 0.09049999999999996 0.1126093749999999
0 0.7439305555555555 0.3461953125 0.02598611111111116 0.10125781250000002
0 0.38780555555555557 0.5810546875 0.022875000000000038 0.09930468749999992
0 0.41709722222222223 0.10357812500000001 0.045874999999999964 0.1149921875
0 0.39540277777777777 0.11084374999999999 0.039249999999999986 0.10125781250000002
0 0.03805555555555555 0.9515078125 0.02883333333333334 0.0969843749999999
0 0.8632777777777777 0.8501015625000001 0.23198611111111106 0.023726562499999916
0 0.14290277777777777 0.8701171875 0.22656944444444443 0.028812500000000085
0 0.8828194444444445 0.57959375 0.23351388888888872 0.022367187500000087
0 0.6728888888888889 0.46325000000000005 0.2183194444444445 0.01439843750000005
0 0.5464444444444444 0.3501015625 0.21484722222222213 0.01596093749999996
0 0.6931388888888889 0.19470312499999998 0.2224444444444444 0.01658593749999999
0 0.890625 0.6118203125 0.2177777777777777 0.01802343749999995
0 0.5486111111111112 0.338625 0.21083333333333326 0.013023437499999967
0 0.6870694444444444 0.2197265625 0.20366666666666663 0.013070312500000014
0 0.5243055555555556 0.5478515625 0.21852777777777782 0.015078124999999965
0 0.5481805555555556 0.3251953125 0.21712500000000007 0.015015625000000022
0 0.8810833333333333 0.5649453125 0.2166944444444444 0.013171874999999921
0 0.8897638888888889 0.5556640625 0.203013888888889 0.012531249999999971
0 0.6658055555555555 0.47534375000000006 0.21268055555555548 0.015671874999999957
0 0.5169305555555556 0.7197265625 0.19911111111111113 0.016984375000000006
0 0.6736111111111112 0.2563515625 0.22005555555555564 0.015367187499999968
0 0.5043472222222222 0.6958046875 0.19541666666666674 0.011328125
0 0.23133333333333334 0.343265625 0.20833333333333334 0.0177734375
0 0.5473055555555556 0.3103046875 0.21820833333333337 0.018765624999999987
0 0.2647638888888889 0.5434609375 0.21929166666666663 0.016726562500000063
0 0.12934722222222222 0.2524453125 0.18316666666666667 0.011875000000000035
0 0.8845555555555555 0.3637734375 0.2177777777777777 0.019164062499999978
0 0.23480555555555555 0.6918984375 0.19737500000000002 0.018585937499999972
0 0.5316805555555556 0.5673828125 0.20334722222222218 0.013171874999999921
0 0.2328611111111111 0.7109375 0.20226388888888888 0.019640625000000078
0 0.23525 0.724609375 0.19705555555555554 0.020250000000000056
0 0.33529166666666665 0.008640625 0.15841666666666668 0.012007812500000001
0 0.5490416666666667 0.369875 0.21300000000000002 0.013429687500000042
0 0.22677777777777777 0.388671875 0.22395833333333334 0.018374999999999985
0 0.5065138888888889 0.7075234375 0.19466666666666663 0.013273437500000007
0 0.27018055555555553 0.567875 0.2083333333333333 0.013632812500000036
0 0.6710138888888889 0.44995312500000006 0.22808333333333336 0.0154296875
0 0.26540277777777777 0.5791015625 0.21223611111111113 0.011734374999999986
0 0.6731805555555554 0.24767968749999997 0.20724999999999996 0.012726562499999972
0 0.8991666666666667 0.45239062499999994 0.20166666666666672 0.017851562499999928
0 0.5316805555555556 0.5927734375 0.204 0.012625000000000063
0 0.5221388888888889 0.7348671875 0.20052777777777778 0.016101562499999923
0 0.890625 0.4775390625 0.2016111111111112 0.024570312500000035
0 0.23480555555555555 0.3259296875 0.20019444444444442 0.014554687499999996
0 0.6866388888888889 0.953125 0.19987500000000002 0.0258671875000001
0 0.4878472222222222 0.483890625 0.15787499999999993 0.018585937499999972
0 0.2341527777777778 0.36059375 0.20161111111111116 0.013687499999999986
0 0.8845555555555555 0.24621875000000001 0.2036666666666668 0.016726562499999976
0 0.22851388888888888 0.3720703125 0.21451388888888887 0.014953124999999989
0 0.5052083333333334 0.671875 0.20193055555555553 0.014335937499999929
0 0.8832500000000001 0.20325000000000001 0.1870694444444445 0.015835937499999987
0 0.8993055555555556 0.70459375 0.1946666666666668 0.019242187500000084
0 0.24131944444444445 0.7578125 0.2197222222222222 0.014281249999999978
0 0.8880277777777777 0.599125 0.2226527777777777 0.014734374999999921
0 0.8858472222222221 0.5029296875 0.2265694444444446 0.02279687500000005
0 0.6627638888888889 0.4868203125 0.2079027777777777 0.014953125000000077
0 0.26258333333333334 0.5927734375 0.20052777777777778 0.017304687500000072
0 0.6935833333333333 0.20983593749999999 0.20540277777777785 0.013796874999999976
0 0.8875833333333333 0.22253124999999999 0.1919444444444445 0.012867187500000021
0 0.546875 0.3845234375 0.21268055555555554 0.016218749999999994
0 0.8975694444444444 0.7270546875 0.20443055555555564 0.018937500000000006
0 0.8967083333333333 0.4365234375 0.20399999999999985 0.0212890625
0 0.48480555555555555 0.444828125 0.16362500000000008 0.016984375000000006
0 0.8845555555555555 0.2309609375 0.1946666666666668 0.013796874999999976
0 0.6875 0.234375 0.1973750000000001 0.019687500000000035
0 0.8849861111111111 0.21521093750000003 0.1886944444444446 0.011781250000000031
0 0.9027777777777778 0.9536171875000001 0.19433333333333344 0.016343750000000056
0 0.8615416666666665 0.8344765625000001 0.2254722222222221 0.01930468750000003
0 0.23394444444444445 0.6762734375 0.1909722222222222 0.021164062499999935
0 0.1408472222222222 0.2172890625 0.22265277777777778 0.021164062500000025
0 0.6684027777777778 0.5102578125 0.19943055555555553 0.012570312499999936
0 0.7000833333333334 0.184203125 0.20508333333333328 0.012429687500000019
0 0.8628472222222222 0.326171875 0.19943055555555544 0.01640625
0 0.14518055555555556 0.8491250000000001 0.2400138888888889 0.024382812500000028
0 0.8663194444444444 0.3435078125 0.21191666666666656 0.022367187499999996
0 0.8815138888888889 0.3767109375 0.21516666666666676 0.014953124999999989
0 0.1309722222222222 0.2368203125 0.18641666666666667 0.01791406249999996
0 0.2736527777777778 0.62646875 0.20475000000000002 0.017515625000000055
0 0.8947222222222223 0.9409218750000001 0.21055555555555544 0.0173828125
0 0.8928194444444445 0.2673359375 0.214361111111111 0.02293750000000001
0 0.9244861111111111 0.01578125 0.1410555555555555 0.010093750000000002
0 0.4895833333333333 0.507328125 0.1590694444444444 0.017640624999999945
0 0.9296944444444445 0.0038828125 0.13465277777777784 0.007515625
0 0.8967083333333333 0.5478515625 0.1752361111111112 0.010945312499999993
0 0.8854166666666666 0.1900625 0.1834861111111113 0.014500000000000002
0 0.25802777777777774 0.9624062500000001 0.22048611111111108 0.024570312499999858
0 0.8862916666666667 0.38940625 0.2177777777777777 0.0154296875