0 0.6502292263610315 0.06503440366972477 0.5943409742120346 0.049197247706422025
0 0.22739255014326648 0.2098623853211009 0.23732091690544418 0.03005733944954126
0 0.665028653295129 0.10901376146788991 0.6007879656160459 0.04910550458715596
0 0.6708166189111748 0.3841169724770642 0.6223352435530084 0.05213302752293582
0 0.6637392550143266 0.15461009174311927 0.6262034383954155 0.04376146788990822
0 0.6669627507163324 0.5373738532110092 0.6339255014326648 0.039896788990825646
0 0.6797994269340975 0.5997706422018348 0.6404011461318052 0.0481651376146789
0 0.6714613180515759 0.42790137614678897 0.6159025787965615 0.042305045871559616
0 0.6643839541547278 0.19839449541284404 0.6506590257879658 0.04533256880733942
0 0.6797994269340975 0.6479357798165137 0.6404011461318052 0.04357798165137615
0 0.232378223495702 0.24759174311926607 0.23329512893982812 0.040951834862385295
0 0.2658452722063037 0.43331422018348625 0.23892550143266472 0.03045871559633021
0 0.6762177650429799 0.720756880733945 0.6475644699140402 0.04472477064220184
0 0.23640401146131804 0.28469036697247707 0.2287965616045845 0.03086009174311923
0 0.6626074498567335 0.8904816513761468 0.6747851002865329 0.03784403669724771
0 0.6819484240687679 0.6829128440366973 0.6361031518624641 0.040137614678899085
0 0.6637392550143266 0.8562614678899082 0.666103151862464 0.047133027522935675
0 0.6663180515759312 0.24527522935779816 0.6596704871060171 0.04317660550458713
0 0.6712034383954155 0.7568807339449541 0.6575931232091691 0.04357798165137615
0 0.6624498567335243 0.9309518348623853 0.6673925501432664 0.03292431192660555
0 0.25474212034383953 0.4072935779816514 0.23972779369627514 0.019919724770642206
0 0.06088825214899714 0.23337155963302753 0.12177650429799428 0.05619266055045872
0 0.673352435530086 0.8113532110091743 0.6532951289398281 0.040137614678899085
0 0.6682378223495703 0.4693692660550459 0.6210601719197708 0.04848623853211006
0 0.26359598853868194 0.6393807339449541 0.22766475644699136 0.03292431192660555
0 0.2595702005730659 0.587855504587156 0.22332378223495702 0.025275229357798124
0 0.23478510028653293 0.3078669724770642 0.2262177650429799 0.024564220183486193
0 0.6643839541547278 0.5059518348623853 0.6197707736389684 0.030126146788990806
0 0.23929799426934098 0.336204128440367 0.23024355300859595 0.039896788990825646
0 0.2513610315186246 0.3779357798165138 0.23972779369627514 0.03651376146788995
0 0.0666189111747851 0.35034403669724773 0.1332378223495702 0.051605504587155966
0 0.256189111747851 0.46241972477064225 0.23024355300859603 0.023474770642201867