0 0.23472067039106145 0.46480125523012555 0.031061452513966494 0.17750000000000005
0 0.9229469273743017 0.7621757322175732 0.049092178770949846 0.197541841004184
0 0.24141061452513965 0.29344142259414224 0.25354748603351956 0.041150627615062794
0 0.2062849162011173 0.4640481171548117 0.03019553072625699 0.1766213389121338
0 0.9309776536312849 0.46956066945606695 0.05703910614525128 0.20517782426778253
0 0.375377094972067 0.4655543933054394 0.03750000000000003 0.18100418410041838
0 0.3422625698324022 0.4655543933054393 0.035837988826815596 0.18075313807531387
0 0.41283519553072623 0.46605648535564853 0.03562849162011172 0.18213389121338913
0 0.6112011173184357 0.46855648535564853 0.02995810055865928 0.19077405857740584
0 0.14097765363128492 0.45678870292887036 0.050307262569832374 0.18388075313807528
0 0.2671648044692737 0.46480125523012555 0.037653631284916174 0.18125523012552297
0 0.4466201117318435 0.4675627615062762 0.03409217877094967 0.18425732217573232
0 0.553659217877095 0.4675627615062762 0.03488826815642461 0.1898953974895397
0 0.3036173184357542 0.46480125523012555 0.03896648044692734 0.17924686192468609
0 0.625586592178771 0.7426359832635984 0.035432960893854754 0.18864016736401665
0 0.4991340782122905 0.7301046025104603 0.0432402234636872 0.19140167364016739
0 0.5195391061452515 0.4665585774058577 0.035432960893854754 0.1883995815899583
0 0.6754189944134078 0.4678138075313808 0.04490223463687164 0.1922803347280334
0 0.585768156424581 0.46731171548117156 0.029497206703910622 0.1892677824267783
0 0.7209078212290502 0.46806485355648536 0.045321229050279396 0.1950313807531381
0 0.46435754189944134 0.7266004184100419 0.03571229050279336 0.19177824267782417
0 0.08068435754189944 0.7085669456066945 0.027863128491620096 0.17048117154811718
0 0.17768156424581005 0.4615481171548117 0.03353351955307261 0.1758682008368202
0 0.2706703910614525 0.7180857740585774 0.03646648044692739 0.17724895397489546
0 0.540949720670391 0.7351150627615063 0.04682960893854745 0.18814853556485345
0 0.23337988826815642 0.3315271966527197 0.23750000000000002 0.0340062761506276
0 0.7630586592178771 0.46956066945606695 0.04016759776536311 0.1969142259414226
0 0.4834217877094972 0.4655543933054393 0.03750000000000003 0.1868933054393305
0 0.8011871508379887 0.46905857740585777 0.04340782122905018 0.19916317991631796
0 0.10108938547486034 0.45528242677824265 0.047248603351955284 0.1898953974895397
0 0.5837709497206705 0.7401255230125522 0.04934357541899447 0.1883995815899583
0 0.0557122905027933 0.7055543933054393 0.02790502793296088 0.16584728033472798
0 0.7102094972067039 0.749152719665272 0.04879888268156432 0.18777196652719663
0 0.06319832402234637 0.4530334728033473 0.041955307262569824 0.18814853556485367
0 0.6386312849162011 0.4683158995815899 0.032765363128491674 0.19077405857740584
0 0.6620391061452514 0.7461401673640167 0.04349162011173183 0.18864016736401665
0 0.8118994413407822 0.6243933054393305 0.27696927374301666 0.04408995815899591
0 0.4268854748603352 0.7276046025104603 0.04275139664804471 0.18538702928870296
0 0.7623882681564246 0.7536610878661087 0.05018156424581015 0.1905230125523011
0 0.3472765363128491 0.7235983263598327 0.04047486033519555 0.17987447698744774
0 0.028198324022346365 0.45328451882845183 0.044064245810055865 0.1892677824267782
0 0.30629888268156424 0.7200836820083681 0.040768156424581 0.17924686192468609
0 0.3884217877094972 0.7230962343096234 0.040013966480446896 0.1868933054393306
0 0.8393296089385476 0.4700627615062761 0.046368715083798945 0.19854602510460245
0 0.8125698324022346 0.6489435146443514 0.2684357541899442 0.03513598326359824
0 0.16715083798882682 0.7135774058577405 0.0397905027932961 0.17248953974895406
0 0.8794692737430169 0.46956066945606695 0.0452374301675979 0.20004184100418412
0 0.13378491620111732 0.7115690376569037 0.034301675977653635 0.17161087866108782
0 0.5777513966480448 0.08769874476987448 0.27044692737430165 0.05855648535564856
0 0.24057262569832402 0.7160774058577406 0.04490223463687148 0.18213389121338924
0 0.5743994413407821 0.17595188284518828 0.26877094972067045 0.03319037656903768
0 0.31709497206703907 0.13095188284518827 0.24413407821229052 0.03532426778242676
0 0.31833798882681563 0.08469665271966527 0.24719273743016762 0.06469665271966529
0 0.31934357541899444 0.17344142259414227 0.24050279329608937 0.056558577405857735
0 0.23153631284916204 0.3625941422594142 0.23548882681564248 0.027709205020920512