0 0.7400144092219021 0.5351385681293302 0.048544668587896335 0.23692840646651264
0 0.4069884726224784 0.21728637413394922 0.18755043227665702 0.2120323325635104
0 0.15162824207492795 0.23259815242494228 0.05877521613832852 0.1788337182448037
0 0.9464985590778098 0.24569284064665128 0.04417867435158513 0.16534642032332564
0 0.04652737752161383 0.8541570438799077 0.05226224783861671 0.21112009237875282
0 0.8112103746397695 0.5553695150115473 0.034077809798271026 0.19128175519630483
0 0.09240634005763688 0.8510508083140877 0.050403458213256466 0.2166974595842957
0 0.5963112391930835 0.2141801385681293 0.05344380403458218 0.2181293302540416
0 0.3921037463976945 0.8484526558891455 0.0378530259365994 0.2218822170900694
0 0.496628242074928 0.5320323325635105 0.04838616714697412 0.2334295612009239
0 0.8655907780979828 0.23376443418013856 0.047204610951008634 0.18207852193995375
0 0.36361671469740636 0.5657505773672055 0.041368876080691695 0.17027713625866056
0 0.8163976945244957 0.23220554272517321 0.04919308357348717 0.18025404157043876
0 0.9070172910662825 0.24244803695150116 0.0427233429394814 0.16534642032332564
0 0.2776945244956772 0.23195150115473442 0.03337175792507208 0.1776674364896074
0 0.4086023054755043 0.5667898383371824 0.04883285302593658 0.17169745958429555
0 0.8487608069164264 0.5558891454965358 0.03827089337175785 0.19036951501154722
0 0.318299711815562 0.5631524249422633 0.04838616714697404 0.17196304849884522
0 0.14289625360230548 0.8479330254041569 0.05684438040345824 0.22460739030023094
0 0.4509942363112392 0.5335912240184757 0.0402737752161384 0.2287644341801386
0 0.2204034582132565 0.23272517321016165 0.031167146974063396 0.17792147806004618
0 0.8850144092219021 0.5564087759815243 0.03997118155619598 0.19101616628175527
0 0.7788472622478386 0.5564087759815243 0.0343515850144091 0.19011547344110866
0 0.2501729106628242 0.23195150115473442 0.030922190201729077 0.1776674364896074
0 0.1971037463976945 0.8375635103926098 0.0624207492795389 0.23952655889145505
0 0.05438040345821327 0.5615935334872979 0.05538904899135447 0.1731293302540415
0 0.4270461095100865 0.8500115473441109 0.03151296829971182 0.2208429561200924
0 0.18819884726224786 0.5050577367205543 0.21489913544668585 0.043383371824480425
0 0.30244956772334297 0.23401847575057735 0.02293948126801155 0.17598152424942268
0 0.5597406340057637 0.8541570438799077 0.2411095100864554 0.04464203233256361
0 0.8144524495677233 0.8629792147806005 0.16716138328530258 0.20839491916859126
0 0.18755043227665705 0.6290300230946883 0.21069164265129678 0.03748267898383376
0 0.18819884726224786 0.5470785219399538 0.21134005763688754 0.04315242494226328
0 0.19063400576368877 0.5854618937644341 0.21069164265129686 0.03777136258660512