0 0.21660181582360571 0.5126459143968871 0.04928664072632944 0.9747081712062257
0 0.1559662775616083 0.5515564202334631 0.07328145265888457 0.896887159533074
0 0.4361219195849546 0.5384241245136187 0.05512321660181582 0.9231517509727627
0 0.08981841763942931 0.5768482490272373 0.07457846952010376 0.8463035019455253
0 0.8975356679636836 0.5763618677042801 0.04928664072632944 0.8472762645914397
0 0.3154993514915694 0.5321011673151751 0.035667963683527884 0.9357976653696498
0 0.37970168612191957 0.5136186770428015 0.0654993514915694 0.9727626459143969
0 0.0304798962386511 0.5 0.0609597924773022 1
0 0.6828793774319066 0.5549610894941635 0.07782101167315175 0.8900778210116731
0 0.4721141374837873 0.5384241245136187 0.042801556420233464 0.9231517509727627
0 0.9779507133592736 0.6357003891050583 0.04409857328145266 0.7169260700389105
0 0.9328793774319066 0.5826848249027238 0.05771725032425422 0.8346303501945526
0 0.7409208819714657 0.5544747081712063 0.06809338521400778 0.8910505836575876
0 0.6024643320363164 0.5238326848249028 0.0946822308690013 0.9523346303501945
0 0.3466277561608301 0.5 0.04345006485084306 1
0 0.5165369649805448 0.5282101167315175 0.08365758754863813 0.943579766536965