0 0.4296875 0.68984375 0.046875 0.17734375
0 0.38984375 0.6890625 0.05078125 0.1734375
0 0.309375 0.6859375 0.04453125 0.17109375
0 0.525 0.690625 0.05703125 0.1765625
0 0.34140625 0.6859375 0.04140625 0.17109375
0 0.4765625 0.68984375 0.0546875 0.175
0 0.14140625 0.6921875 0.046875 0.1765625
0 0.18046875 0.690625 0.04296875 0.1734375
0 0.26796875 0.6875 0.04453125 0.17109375
0 0.21953125 0.6890625 0.04453125 0.17578125
0 0.16640625 0.2015625 0.04140625 0.1875
0 0.753125 0.93515625 0.05703125 0.1296875
0 0.2640625 0.4328125 0.05078125 0.18203125
0 0.3875 0.4375 0.053125 0.18046875
0 0.075 0.453125 0.046875 0.20390625
0 0.0328125 0.453125 0.04375 0.2
0 0.7890625 0.9359375 0.05546875 0.128125
0 0.11953125 0.453125 0.05234375 0.20546875
0 0.234375 0.43125 0.05 0.18359375
0 0.60078125 0.93515625 0.046875 0.1296875
0 0.20390625 0.93359375 0.053125 0.1328125
0 0.06171875 0.703125 0.05859375 0.2
0 0.55625 0.440625 0.05390625 0.18515625
0 0.746875 0.6875 0.053125 0.17890625
0 0.12890625 0.9328125 0.0609375 0.13359375
0 0.63203125 0.9359375 0.0515625 0.128125
0 0.0078125 0.4515625 0.015625 0.20390625
0 0.69296875 0.690625 0.05390625 0.18125
0 0.53671875 0.19921875 0.05078125 0.19609375
0 0.665625 0.934375 0.0515625 0.13125
0 0.15546875 0.45 0.05625 0.2
0 0.5640625 0.93515625 0.0453125 0.1296875
0 0.75859375 0.4328125 0.08984375 0.1765625
0 0.49296875 0.19921875 0.046875 0.19140625
0 0.32578125 0.43125 0.04453125 0.17265625
0 0.8265625 0.93515625 0.046875 0.1296875
0 0.20078125 0.2015625 0.04140625 0.18671875
0 0.35390625 0.428125 0.04609375 0.16484375
0 0.51015625 0.93515625 0.07109375 0.1296875
0 0.66015625 0.6890625 0.05078125 0.1765625
0 0.615625 0.4390625 0.046875 0.18125
0 0.48515625 0.4359375 0.0515625 0.178125
0 0.3 0.43125 0.04375 0.17734375
0 0.0703125 0.2 0.0390625 0.18046875
0 0.1421875 0.20234375 0.03828125 0.1875
0 0.5203125 0.4375 0.04296875 0.18046875
0 0.859375 0.68671875 0.06953125 0.18515625
0 0.4234375 0.4375 0.0484375 0.178125
0 0.46171875 0.93671875 0.0359375 0.1265625
0 0.234375 0.2 0.03828125 0.184375
0 0.8625 0.93515625 0.05546875 0.1296875
0 0.04375 0.20390625 0.03984375 0.184375
0 0.84375 0.43203125 0.04609375 0.17734375
0 0.67578125 0.434375 0.0390625 0.17265625
0 0.459375 0.2 0.0359375 0.18828125
0 0.26796875 0.2 0.03828125 0.18828125
0 0.90234375 0.934375 0.0453125 0.13046875
0 0.01640625 0.2 0.0328125 0.178125
0 0.896875 0.690625 0.05546875 0.18671875
0 0.19453125 0.43203125 0.0484375 0.16640625
0 0.784375 0.69765625 0.08515625 0.2
0 0.9703125 0.68515625 0.04765625 0.1765625
0 0.0203125 0.934375 0.040625 0.13125
0 0.328125 0.934375 0.053125 0.13125
0 0.10546875 0.2078125 0.05390625 0.19609375
0 0.303125 0.2 0.0421875 0.18984375
0 0.58984375 0.4328125 0.03515625 0.1703125
0 0.41015625 0.19921875 0.0453125 0.19375
0 0.9390625 0.934375 0.0515625 0.13046875
0 0.62890625 0.6828125 0.04375 0.165625
0 0.15546875 0.03671875 0.06328125 0.07265625
0 0.934375 0.690625 0.06328125 0.1859375
0 0.3734375 0.196875 0.046875 0.190625
0 0.7078125 0.9359375 0.0609375 0.128125
0 0.59296875 0.1984375 0.06875 0.19140625
0 0.7072165359375 0.09988385 0.646870078125 0.11717477812499999 0.7823405515624999 0.2823440265625 0.841454725 0.2693329640625 0.7072165359375 0.09988385
0 0.813129921875 0.10057522187500001 0.7946555125 0.1012665921875 0.8916417328125 0.26244690312499996 0.916580709375 0.257575221875 0.813129921875 0.10057522187500001