0 0.49441260744985677 0.1780215053763441 0.30504297994269336 0.04774193548387094
0 0.8244985673352435 0.12194623655913978 0.3494699140401147 0.06009677419354837
0 0.8169484240687679 0.19901075268817206 0.3470773638968481 0.05002150537634407
0 0.8148997134670486 0.4946559139784946 0.3455300859598855 0.05031182795698921
0 0.2434240687679083 0.3604838709677419 0.2568338108882522 0.03734408602150539
0 0.5102005730659026 0.3581612903225806 0.2762177650429799 0.03386021505376345
0 0.5050573065902578 0.30176344086021506 0.27656160458452717 0.03821505376344082
0 0.5005873925501433 0.2518064516129032 0.2863323782234957 0.03763440860215054
0 0.8196991404011461 0.31387096774193546 0.3455300859598855 0.043397849462365606
0 0.20636103151862464 0.051258064516129034 0.2523638968481376 0.0644516129032258
0 0.25833810888252146 0.4202258064516129 0.23846704871060162 0.040720430107526885
0 0.7956733524355301 0.659989247311828 0.31395415472779387 0.06773118279569894
0 0.8217621776504298 0.275752688172043 0.3429512893982806 0.04230107526881724
0 0.8107736389684813 0.5559462365591398 0.3359169054441261 0.06611827956989248
0 0.8210744985673353 0.42332258064516126 0.3470773638968481 0.04470967741935488
0 0.49544412607449856 0.13334408602150535 0.30777936962750724 0.06682795698924729
0 0.7874498567335243 0.703258064516129 0.3059025787965616 0.06537634408602146
0 0.2519914040114613 0.3911290322580645 0.24704871060171926 0.04120430107526887
0 0.8190114613180515 0.15716129032258064 0.34346704871060174 0.0608709677419355
0 0.8176361031518625 0.23777419354838708 0.34090257879656166 0.04583870967741935
0 0.7702865329512893 0.8963978494623656 0.2696991404011461 0.07970967741935471
0 0.5167191977077364 0.5072688172043011 0.27793696275071633 0.04635483870967744
0 0.22232091690544414 0.19398924731182796 0.25442693409742123 0.05510752688172043
0 0.4923638968481376 0.0964516129032258 0.3101862464183381 0.06611827956989248
0 0.5139684813753582 0.39782795698924733 0.27193409742120334 0.03850537634408596
0 0.5129512893982808 0.6347526881720431 0.2642120343839541 0.05813978494623649
0 0.2380945558739255 0.33652688172043016 0.25803724928366767 0.03373118279569893
0 0.28012893982808024 0.4843548387096774 0.21753581661891114 0.04599999999999997
0 0.5122636103151863 0.42769892473118276 0.2696991404011461 0.04432258064516132
0 0.8244985673352435 0.03870967741935484 0.3510028653295129 0.07096774193548387
0 0.5139684813753582 0.5760322580645162 0.26335243553008586 0.05056989247311825
0 0.2978080229226361 0.8304731182795699 0.2046704871060172 0.060741935483870975