0 0.09445530726256983 0.7404552590266876 0.06516759776536313 0.17533751962323382
0 0.14262569832402236 0.744960753532182 0.06255586592178773 0.17796703296703298
0 0.1970391061452514 0.5273940345368917 0.05572625698324019 0.1906200941915227
0 0.14786312849162012 0.5263893249607535 0.057304469273742976 0.18611459968602817
0 0.3031843575418995 0.525392464678179 0.06339385474860333 0.2040345368916798
0 0.5674441340782124 0.5238854003139717 0.06505586592178776 0.2228335949764522
0 0.09870111731843575 0.5268916797488226 0.06171787709497206 0.17996860282574567
0 0.37142458100558656 0.2832574568288854 0.05215083798882686 0.1653061224489796
0 0.6187290502793296 0.7935949764521193 0.051061452513966404 0.22558869701726852
0 0.6718016759776536 0.8006122448979592 0.05254189944134063 0.23536891679748834
0 0.7137290502793295 0.2411459968602826 0.06857541899441329 0.19087127158555728
0 0.45013966480446926 0.5223783359497645 0.05435754189944128 0.21080062794348503
0 0.400195530726257 0.5223783359497645 0.04965083798882675 0.20779434850863424
0 0.19547486033519554 0.7514835164835165 0.06505586592178769 0.1822291993720566
0 0.8372765363128492 0.8166483516483517 0.0666759776536313 0.24614599686028268
0 0.056326815642458096 0.529403453689168 0.057751396648044684 0.17909733124018845
0 0.42628491620111736 0.276734693877551 0.0630027932960894 0.17032182103610677
0 0.35513966480446924 0.525392464678179 0.05416201117318432 0.20077708006279432
0 0.5072346368715084 0.5238854003139717 0.06182960893854746 0.21569073783359494
0 0.630768156424581 0.52138147566719 0.07025139664804463 0.23110675039246473
0 0.5103491620111732 0.7855729984301413 0.06466480446927368 0.21606750392464677
0 0.8640363128491619 0.5183673469387755 0.08842178770949713 0.2549136577708006
0 0.29604748603351955 0.7610047095761381 0.050293296089385466 0.1973940345368917
0 0.7779469273743017 0.8131397174254318 0.06277932960893862 0.2446389324960754
0 0.04824022346368715 0.7309262166405024 0.051340782122905035 0.16480376766091054
0 0.8328072625698324 0.22623233908948198 0.06896648044692753 0.1970172684458399
0 0.8948044692737429 0.8206593406593407 0.0643296089385474 0.2520329670329671
0 0.7833100558659218 0.5183673469387755 0.0839525139664803 0.24689952904238616
0 0.25145251396648044 0.755989010989011 0.05125698324022345 0.18937205651491365
0 0.32504189944134076 0.29052590266875983 0.048617318435754196 0.16267660910518053
0 0.6521787709497207 0.248414442700157 0.05719273743016766 0.1831004709576138
0 0.7030307262569833 0.5198744113029827 0.07660614525139652 0.23850078492935647
0 0.7208659217877095 0.8046232339089481 0.0508659217877096 0.23386185243328106
0 0.10817039106145251 0.31558869701726844 0.0570949720670391 0.15102040816326529
0 0.19146648044692738 0.30430926216640497 0.04749999999999999 0.15503139717425432
0 0.485377094972067 0.27047095761381473 0.06311452513966488 0.17483516483516484
0 0.569231843575419 0.7900784929356357 0.04906424581005586 0.21869701726844576
0 0.39617318435754195 0.7715306122448979 0.06678770949720678 0.20428571428571426
0 0.9514525139664805 0.8286813186813187 0.0698603351955307 0.26018053375196215
0 0.7752793296089385 0.23463108320251178 0.062444134078212345 0.19149921507064366
0 0.25078212290502794 0.5248901098901099 0.06868715083798883 0.19638932496075356
0 0.05733240223463687 0.3180926216640502 0.055726256983240234 0.14801412872841438
0 0.08726256983240224 0.1061695447409733 0.04945530726256983 0.10878335949764524