0 0.5748319327731092 0.25143835616438354 0.0207731092436975 0.18405251141552514
0 0.7087226890756303 0.25288812785388126 0.029504201680672186 0.18151826484018263
0 0.6505798319327731 0.25180365296803653 0.028789915966386546 0.17997716894977173
0 0.9610252100840335 0.23603881278538819 0.02621848739495783 0.17907534246575343
0 0.5577647058823529 0.2503538812785388 0.019655462184874035 0.18061643835616442
0 0.9796974789915965 0.23748858447488583 0.026268907563025395 0.189851598173516
0 0.9407563025210084 0.23730593607305936 0.023336134453781496 0.1694748858447489
0 0.8810084033613446 0.2351369863013698 0.022302521008403332 0.16022831050228312
0 0.019327731092436976 0.259703196347032 0.03865546218487395 0.17465753424657535
0 0.530672268907563 0.05365296803652968 0.02773109243697479 0.10730593607305935
0 0.26512605042016807 0.0547945205479452 0.024369747899159664 0.1095890410958904
0 0.17521008403361343 0.05707762557077625 0.0226890756302521 0.1141552511415525
0 0.9226218487394958 0.2344063926940639 0.024487394957983088 0.16593607305936076
0 0.0907563025210084 0.055365296803652965 0.02689075630252101 0.11073059360730593
0 0.8111344537815126 0.25197488584474886 0.015008403361344645 0.15723744292237443
0 0.9949579831932773 0.24029680365296804 0.010084033613445379 0.1860730593607306