0 0.31663043478260866 0.3190927624872579 0.09249999999999999 0.32641182466870544
0 0.5401766304347826 0.31396534148827726 0.05812499999999996 0.33300713557594297
0 0.1835326086956522 0.3078593272171254 0.09607336956521736 0.36034658511722734
0 0.2564266304347826 0.32226299694189603 0.08923913043478261 0.32739041794087675
0 0.8538722826086957 0.30029561671763505 0.06744565217391318 0.3581549439347605
0 0.590625 0.30761467889908256 0.049375000000000044 0.34203873598369006
0 0.7829347826086956 0.30248725790010195 0.06809782608695637 0.3510703363914373
0 0.6433423913043478 0.30737003058103973 0.05682065217391311 0.3447298674821611
0 0.39993206521739133 0.3161671763506626 0.10315217391304342 0.3298369011213048
0 0.1264266304347826 0.30883792048929665 0.09005434782608696 0.3657186544342507
0 0.4799864130434782 0.31030581039755356 0.07879076086956523 0.3381345565749235
0 0.7061413043478261 0.30493374108053006 0.07264945652173917 0.3488786952089704
0 0.11304347826086956 0.766809378185525 0.09565217391304348 0.3340163098878696
0 0.18043478260869567 0.753414882772681 0.09876358695652174 0.35058103975535176
0 0.3550271739130435 0.751467889908257 0.09786684782608691 0.3488786952089704
0 0.9287228260869564 0.7475535168195719 0.07024456521739136 0.3347196738022425
0 0.644633152173913 0.748532110091743 0.0947010869565218 0.3537614678899082
0 0.5463586956521739 0.75 0.09168478260869568 0.35180428134556563
0 0.4506929347826087 0.7509785932721713 0.09819293478260867 0.34912334352701324
0 0.8662364130434782 0.746585117227319 0.07399456521739135 0.3447298674821611
0 0.2609782608695652 0.7519571865443425 0.10478260869565217 0.35131498470948025
0 0.9625679347826087 0.26830784913353717 0.06773097826086945 0.4182161060142711
0 0.9723233695652174 0.744138634046891 0.05031249999999996 0.31884811416921505