0 0.48437627811860945 0.7925833333333333 0.01666666666666662 0.09600000000000017
0 0.5615132924335378 0.6781666666666666 0.018486707566462094 0.09294444444444447
0 0.5888752556237219 0.683138888888889 0.01566462167689155 0.0873055555555555
0 0.32276073619631906 0.13091666666666668 0.014233128834355787 0.0897777777777778
0 0.3820858895705522 0.6877777777777778 0.01758691206543972 0.09311111111111114
0 0.7104498977505113 0.23230555555555554 0.017382413087934562 0.09361111111111108
0 0.39355828220858896 0.12261111111111112 0.0171779141104294 0.10305555555555554
0 0.5205112474437628 0.23447222222222222 0.017034764826175837 0.09758333333333333
0 0.6962985685071574 0.23330555555555554 0.01666666666666662 0.09311111111111114
0 0.18907975460122697 0.3349444444444445 0.02069529652351739 0.10122222222222226
0 0.1934764826175869 0.23180555555555557 0.019427402862985686 0.08830555555555554
0 0.05572597137014315 0.12636111111111112 0.014948875255623726 0.07925
0 0.3415541922290389 0.6897777777777777 0.02141104294478533 0.0948333333333333
0 0.3901431492842536 0.24755555555555556 0.015010224948875205 0.096
0 0.1400204498977505 0.33394444444444443 0.015296523517382392 0.09516666666666664
0 0.5043967280163599 0.7945833333333334 0.030102249488752612 0.09377777777777775
0 0.7260736196319019 0.22997222222222224 0.02298568507157466 0.09566666666666666
0 0.4919427402862986 0.23877777777777776 0.015480572597137001 0.09516666666666664
0 0.6635787321063394 0.7905833333333334 0.013905930470347555 0.08705555555555565
0 0.8129856850715746 0.12327777777777779 0.016339468302658505 0.09227777777777778
0 0.5268507157464213 0.6768333333333333 0.016850715746421288 0.09649999999999995
0 0.7045807770961146 0.572388888888889 0.015132924335378276 0.08927777777777773
0 0.40503067484662575 0.24872222222222223 0.014846625766871147 0.09833333333333336
0 0.7123926380368099 0.7879444444444446 0.031022494887525478 0.08813888888888893
0 0.02541922290388548 0.6738611111111111 0.047239263803680986 0.0922777777777777
0 0.5439468302658487 0.12544444444444444 0.013271983640081818 0.08419444444444445
0 0.775398773006135 0.6805 0.017852760736196356 0.09741666666666665
0 0.7202249488752556 0.5690555555555556 0.015071574642126799 0.08880555555555564
0 0.2358486707566462 0.5674166666666667 0.01709611451942737 0.10047222222222227
0 0.530756646216769 0.12502777777777777 0.01278118609406953 0.08283333333333334
0 0.47875255623721885 0.23577777777777775 0.013271983640081818 0.09458333333333337
0 0.8002862985685071 0.12925 0.012719836400818052 0.07908333333333332
0 0.5488343558282208 0.6864722222222223 0.020286298568507072 0.08419444444444438
0 0.5952147239263804 0.5697222222222222 0.0335378323108384 0.08830555555555561
0 0.5161145194274028 0.12047222222222222 0.015480572597137058 0.08927777777777778
0 0.41797546012269937 0.24972222222222223 0.013640081799591034 0.09691666666666662
0 0.21276073619631902 0.3356111111111111 0.028016359918200385 0.09394444444444443
0 0.5092842535787321 0.6778333333333334 0.01848670756646221 0.09833333333333336
0 0.18957055214723928 0.683138888888889 0.015255623721881406 0.08311111111111108
0 0.5341717791411043 0.3458888888888889 0.01723926380368088 0.08994444444444447
0 0.5410224948875255 0.23447222222222222 0.01836400817995914 0.09427777777777777
0 0.22850715746421266 0.33958333333333335 0.02556237218813906 0.08572222222222226
0 0.3513087934560327 0.46094444444444443 0.026809815950920274 0.08572222222222226
0 0.3647443762781186 0.13066666666666665 0.014662576687116596 0.0897777777777778
0 0.551758691206544 0.3462222222222222 0.01615541922290384 0.08880555555555555
0 0.2043558282208589 0.6824722222222223 0.018343558282208586 0.08161111111111109
0 0.9848670756646217 0.7494722222222222 0.021124744376278204 0.09925000000000005
0 0.5668916155419222 0.34655555555555556 0.015357873210633928 0.08863888888888888
0 0.37867075664621674 0.12791666666666665 0.015071574642126799 0.095
0 0.582515337423313 0.12369444444444445 0.012617586912065356 0.08572222222222223
0 0.6098568507157465 0.12152777777777778 0.015787321063394737 0.0874722222222222
0 0.020593047034764826 0.1246111111111111 0.029427402862985685 0.07925
0 0.1663803680981595 0.23147222222222222 0.019386503067484642 0.09061111111111113
0 0.5063394683026585 0.2381111111111111 0.014662576687116596 0.09549999999999999
0 0.08617586912065439 0.13066666666666665 0.013742331288343556 0.07486111111111111
0 0.4143149284253579 0.13655555555555554 0.013844580777096077 0.07794444444444446
0 0.13685071574642127 0.572388888888889 0.017382413087934562 0.08994444444444444
0 0.15404907975460122 0.33758333333333335 0.014069529652351729 0.09583333333333334
0 0.21666666666666667 0.45663888888888887 0.02284253578732104 0.08283333333333331
0 0.6977505112474437 0.12569444444444444 0.014110429447852714 0.08344444444444443
0 0.7958895705521473 0.4583055555555556 0.022638036809816055 0.0948333333333333
0 0.5170961145194274 0.3458888888888889 0.01529652351738245 0.0897777777777778
0 0.6660122699386504 0.5763611111111111 0.013537832310838455 0.08266666666666664
0 0.7568302658486707 0.7872777777777779 0.018834355828220933 0.09294444444444455
0 0.8828220858895706 0.7574166666666667 0.02877300613496943 0.08638888888888895
0 0.7895501022494887 0.13347222222222221 0.012004089979550112 0.07361111111111111
0 0.9106543967280164 0.7527777777777778 0.02758691206543969 0.09549999999999999
0 0.776359918200409 0.1343888888888889 0.01566462167689155 0.07569444444444444
0 0.03179959100204499 0.813138888888889 0.04977505112474437 0.09883333333333345
0 0.12938650306748467 0.33411111111111114 0.010122699386503073 0.09044444444444445
0 0.8256850715746421 0.4593055555555555 0.017382413087934562 0.09458333333333337
0 0.5922903885480573 0.9066666666666666 0.05251533742331278 0.07924999999999992
0 0.2551329243353783 0.33644444444444443 0.024744376278118596 0.09344444444444441
0 0.5947239263803681 0.12152777777777778 0.013844580777096077 0.08705555555555557
0 0.30785276073619633 0.1338888888888889 0.013905930470347671 0.0845277777777778
0 0.06805725971370144 0.13041666666666668 0.012433537832310835 0.07308333333333333
0 0.5566462167689161 0.12261111111111112 0.013640081799590918 0.08847222222222222
0 0.43114519427402864 0.25269444444444444 0.013680981595092019 0.0948333333333333
0 0.47460122699386503 0.6864722222222223 0.01439672801635996 0.08863888888888888
0 0.9135787321063394 0.1351388888888889 0.018098159509202502 0.08894444444444444
0 0.08660531697341514 0.554138888888889 0.017034764826175865 0.08944444444444441
0 0.5688548057259714 0.12169444444444445 0.013128834355828137 0.0874722222222222
0 0.33496932515337424 0.13555555555555554 0.01278118609406953 0.08480555555555556
0 0.9887730061349693 0.3843611111111111 0.021451942740286317 0.08547222222222221
0 0.6831083844580778 0.23961111111111114 0.01257668711656437 0.0819166666666667
0 0.6235378323108385 0.12169444444444445 0.012822085889570515 0.08688888888888889
0 0.5034151329243354 0.1324722222222222 0.01169734151329249 0.0681111111111111
0 0.17969325153374235 0.23430555555555554 0.015848670756646217 0.08588888888888893
0 0.13574642126789366 0.2220277777777778 0.02040899795501022 0.10472222222222222
0 0.030449897750511247 0.5601111111111111 0.032719836400818 0.07511111111111117
0 0.8818404907975461 0.1353888888888889 0.017382413087934562 0.08961111111111113
0 0.4799795501022495 0.3452222222222222 0.016216768916155432 0.08961111111111109
0 0.6196319018404908 0.45366666666666666 0.014110429447852714 0.08797222222222227
0 0.16539877300613495 0.34422222222222226 0.012433537832310864 0.08405555555555556
0 0.43089979550102253 0.13680555555555557 0.013374233128834397 0.07738888888888888
0 0.15051124744376276 0.23330555555555554 0.01758691206543966 0.08763888888888892
0 0.9604498977505113 0.5077222222222222 0.04288343558282214 0.09791666666666667
0 0.08361963190184049 0.23130555555555554 0.013476482617586919 0.08208333333333337
0 0.17566462167689162 0.34255555555555556 0.012617586912065415 0.08177777777777777
0 0.6821267893660532 0.12858333333333333 0.01077709611451939 0.07838888888888888
0 0.9448261758691207 0.13555555555555554 0.017382413087934562 0.08747222222222223
0 0.028098159509202456 0.2336388888888889 0.05460122699386503 0.03486111111111114
0 0.9799795501022495 0.13322222222222221 0.02319018404907982 0.0872222222222222
0 0.8974642126789366 0.13580555555555557 0.017709611451942674 0.08961111111111109
0 0.8681595092024539 0.5090555555555555 0.019059304703476585 0.0889444444444444
0 0.8266666666666667 0.12833333333333335 0.01012269938650316 0.0759722222222222
0 0.29662576687116565 0.13116666666666665 0.011165644171779099 0.0874722222222222
0 0.6625971370143149 0.12925 0.010286298568507102 0.07527777777777776
0 0.21678936605316976 0.23627777777777778 0.012474437627811849 0.07769444444444444
0 0.6591820040899795 0.4612777777777778 0.008425357873210644 0.09027777777777778
0 0.25098159509202456 0.5756944444444444 0.014233128834355844 0.08133333333333326
0 0.8281186094069529 0.9013611111111112 0.014335378323108366 0.09458333333333321
0 0.7548875255623722 0.6904444444444444 0.013026584867075674 0.07769444444444452
0 0.09235173824130878 0.23030555555555554 0.011370143149284258 0.08327777777777776
0 0.6909202453987731 0.12675 0.009734151329243336 0.08480555555555556
0 0.48754601226993866 0.13819444444444445 0.009999999999999972 0.05936111111111112
0 0.6723721881390593 0.24588888888888888 0.011022494887525535 0.08688888888888889
0 0.29932515337423315 0.5717222222222222 0.01278118609406953 0.10719444444444454
0 0.2971165644171779 0.35383333333333333 0.011370143149284258 0.08730555555555558
0 0.6611247443762781 0.23347222222222222 0.014458077709611555 0.08747222222222224
0 0.9867075664621677 0.2611111111111111 0.026584867075664622 0.08888888888888889
0 0.9106543967280164 0.3976111111111111 0.08758691206543975 0.021277777777777847
0 0.07629856850715747 0.4579722222222222 0.042719836400817994 0.07444444444444448
0 0.33521472392638035 0.2651388888888889 0.08196319018404905 0.02513888888888892
0 0.33715746421267895 0.2885 0.08629856850715745 0.02244444444444448
0 0.6962985685071574 0.47852777777777783 0.068916155419223 0.022194444444444468
0 0.07331288343558283 0.34025000000000005 0.026809815950920243 0.08177777777777781
0 0.9948875255623721 0.1348888888888889 0.010204498977505132 0.0851388888888889
0 0.16991820040899797 0.9033333333333333 0.08899795501022496 0.0635833333333333
0 0.6567484662576687 0.13230555555555557 0.007852760736196384 0.07294444444444446
0 0.7871165644171779 0.35383333333333333 0.08496932515337415 0.02244444444444444
0 0.4841308793456033 0.5690555555555556 0.03339468302658483 0.09094444444444447
0 0.05184049079754602 0.3445555555555556 0.02848670756646216 0.07569444444444448
0 0.08959100204498978 0.34025000000000005 0.019631901840490785 0.08041666666666668
0 0.46899795501022495 0.23761111111111113 0.009120654396727974 0.07694444444444441
0 0.7861349693251534 0.3677777777777778 0.08239263803680974 0.015750000000000045