0 0.7213938053097345 0.09683431952662722 0.385575221238938 0.0677514792899408
0 0.24004424778761063 0.03550295857988166 0.4092920353982301 0.07100591715976332
0 0.22566371681415928 0.21449704142011836 0.45132743362831856 0.09763313609467456
0 0.23621681415929202 0.1191715976331361 0.4321681415929204 0.12343195266272189
0 0.6865707964601769 0.2822189349112426 0.4150221238938054 0.07340236686390533
0 0.2298230088495575 0.3448816568047337 0.45418141592920347 0.0897041420118343
0 0.22787610619469026 0.28254437869822485 0.4557522123893805 0.07988165680473373
0 0.6932300884955752 0.608491124260355 0.42679203539823 0.093905325443787
0 0.6645575221238937 0.4732544378698225 0.3894026548672566 0.0743491124260355
0 0.2351991150442478 0.41952662721893497 0.44112831858407076 0.10715976331360955
0 0.6916814159292035 0.6752662721893491 0.41681415929203536 0.09097633136094675
0 0.6901548672566371 0.5338757396449704 0.38506637168141605 0.09304733727810648
0 0.6978318584070797 0.22588757396449702 0.3945353982300886 0.06863905325443784
0 0.25285398230088496 0.8128994082840236 0.3522787610619469 0.07245562130177517
0 0.7244690265486725 0.16837278106508874 0.4086061946902654 0.08106508875739647
0 0.672566371681416 0.9585798816568047 0.40707964601769914 0.08284023668639054
0 0.6850221238938053 0.7437278106508876 0.39555309734513266 0.09304733727810664
0 0.2515929203539823 0.6848520710059172 0.3906858407079645 0.1259171597633136
0 0.2369911504424779 0.48559171597633133 0.4406194690265486 0.0996449704142012
0 0.2620796460176991 0.8642603550295858 0.36661504424778757 0.08289940828402362