0 0.4232985386221294 0.4930138888888889 0.031524008350730735 0.1548958333333333
0 0.6214613778705637 0.49220138888888887 0.0591231732776619 0.15055555555555553
0 0.3560125260960334 0.49463888888888885 0.033893528183716104 0.14770833333333336
0 0.32319415448851774 0.4943680555555555 0.03350730688935284 0.1459444444444445
0 0.7429749478079332 0.9004583333333334 0.040240083507306845 0.17863194444444447
0 0.20494780793319411 0.4949097222222222 0.06060542797494787 0.1494652777777778
0 0.67080375782881 0.6991736111111111 0.08629436325678505 0.16154166666666658
0 0.8567327766179541 0.4837916666666666 0.036367432150313066 0.16424999999999998
0 0.6296137787056367 0.9004583333333334 0.04133611691022955 0.18337499999999995
0 0.5933298538622129 0.8988263888888889 0.038225469728601136 0.18337499999999995
0 0.81758872651357 0.6942916666666666 0.08113778705636746 0.171986111111111
0 0.7062734864300626 0.9015416666666667 0.03852818371607524 0.1803958333333333
0 0.2867014613778706 0.4954513888888889 0.04253653444676409 0.14743055555555554
0 0.7393006263048016 0.6970069444444444 0.0922025052192066 0.17429166666666668
0 0.24266179540709815 0.4938263888888889 0.051221294363256835 0.14919444444444438
0 0.8771189979123173 0.8993680555555555 0.039937369519832976 0.1752361111111112
0 0.4216597077244259 0.2857638888888889 0.03743215031315242 0.14431249999999995
0 0.6687578288100209 0.9004583333333334 0.042306889352818344 0.1821527777777779
0 0.5843528183716075 0.49220138888888887 0.06258872651356998 0.15259027777777778
0 0.7784446764091858 0.908048611111111 0.03866388308977032 0.16588194444444437
0 0.8086221294363256 0.4870416666666667 0.06401878914405003 0.16615277777777776
0 0.3923068893528184 0.28196527777777775 0.04031315240083508 0.14648611111111115
0 0.5554070981210857 0.8993680555555555 0.03942588726513568 0.18432638888888878
0 0.7478601252609604 0.4878611111111111 0.08802713987473897 0.1653402777777777
0 0.3690605427974948 0.2800694444444444 0.046075156576200406 0.14825000000000002
0 0.4983194154488518 0.4900277777777778 0.04614822546972864 0.15543749999999995
0 0.3902713987473904 0.4954513888888889 0.0344050104384134 0.15286111111111103
0 0.8184029227557411 0.9064236111111111 0.0394989561586638 0.16479166666666678
0 0.9464405010438414 0.8993680555555555 0.06783924843423801 0.1637083333333335
0 0.9252400835073069 0.4837916666666666 0.060146137787056256 0.15909722222222217
0 0.5350208768267223 0.7219652777777779 0.08802713987473897 0.13543055555555555
0 0.9848643006263048 0.6975694444444445 0.030271398747390398 0.16319444444444445
0 0.5366492693110647 0.5076597222222222 0.04080375782880993 0.12336111111111102
0 0.8436847599164927 0.9064236111111111 0.0414091858037579 0.16777777777777772
0 0.9211586638830898 0.6964652777777778 0.0747703549060544 0.16886111111111102
0 0.8787473903966597 0.6964652777777778 0.06646137787056375 0.16804861111111127
0 0.8812004175365346 0.484875 0.02856993736951972 0.15774305555555562
0 0.6553027139874739 0.5071180555555556 0.059018789144050066 0.12234027777777783
0 0.9472546972860125 0.2957986111111111 0.05382045929018783 0.11169444444444447
0 0.7421503131524009 0.29606944444444444 0.06039665970772432 0.11406944444444443
0 0.5072860125260961 0.902625 0.05759916492693117 0.1885277777777778
0 0.4196242171189979 0.7035138888888889 0.0440083507306889 0.15747222222222237
0 0.9869519832985386 0.9045138888888888 0.026096033402922755 0.15208333333333332
0 0.7013778705636743 0.5087430555555555 0.07268267223382034 0.1238333333333333
0 0.6055636743215032 0.7197916666666667 0.09154488517745307 0.12383333333333345
0 0.25590814196242173 0.9064236111111111 0.05652400835073067 0.16723611111111122
0 0.8966910229645094 0.2911875 0.04885177453027135 0.12254166666666669
0 0.6964822546972861 0.29770138888888886 0.060041753653444656 0.11189583333333333
0 0.3768058455114823 0.7035138888888889 0.05601252609603337 0.15652083333333325
0 0.21737995824634657 0.9064236111111111 0.061064718162839246 0.16886111111111102
0 0.9900835073068893 0.4857638888888889 0.019832985386221295 0.15625
0 0.9594885177453027 0.4870416666666667 0.057494780793319336 0.16099999999999995
0 0.29974947807933194 0.9085972222222223 0.06340292275574114 0.16777777777777772
0 0.7914926931106472 0.2076388888888889 0.176043841336117 0.030243055555555523
0 0.06621085594989562 0.901 0.05028183716075158 0.16397916666666673
0 0.3621294363256785 0.9134791666666667 0.05958246346555328 0.16831944444444452
0 0.7972025052192067 0.23042361111111112 0.17420668058455102 0.023923611111111142
0 0.8510229645093945 0.29606944444444444 0.0298121085594989 0.1099305555555556
0 0.11951983298538622 0.9064236111111111 0.07094989561586641 0.16642361111111117
0 0.4159498956158664 0.9085972222222223 0.051043841336116884 0.16506944444444432
0 0.17049060542797495 0.9075069444444444 0.07283924843423803 0.16750694444444447