0 0.6166993464052288 0.922923832923833 0.025866013071895493 0.15410319410319417
0 0.4550816993464052 0.6813513513513514 0.022075163398692796 0.19493857493857503
0 0.8247058823529412 0.13334152334152335 0.04122549019607846 0.19457002457002456
0 0.8320261437908496 0.9361425061425062 0.026111111111111047 0.125012285012285
0 0.8569281045751634 0.9368550368550369 0.026862745098039306 0.12390663390663378
0 0.7900326797385621 0.9361425061425062 0.027009803921568584 0.12326781326781316
0 0.6894607843137255 0.40235872235872233 0.0263071895424837 0.1958476658476658
0 0.5898366013071896 0.6773218673218674 0.025032679738562172 0.1973218673218674
0 0.8574183006535948 0.13501228501228502 0.027696078431372624 0.1890663390663391
0 0.32323529411764707 0.9251105651105651 0.025473856209150287 0.1464864864864865
0 0.336421568627451 0.40088452088452087 0.01799019607843136 0.19859950859950856
0 0.4326143790849673 0.4030958230958231 0.01983660130718952 0.19732186732186732
0 0.7680718954248366 0.9361425061425062 0.023905228758169927 0.12260442260442254
0 0.8115196078431373 0.9361425061425062 0.024183006535947637 0.12280098280098285
0 0.9106372549019607 0.9163144963144964 0.030669934640522846 0.1557493857493857
0 0.12176470588235294 0.40675675675675677 0.034084967320261415 0.19695331695331691
0 0.5854411764705882 0.1316953316953317 0.028480392156862662 0.19695331695331694
0 0.918937908496732 0.399041769041769 0.02970588235294128 0.20577395577395577
0 0.13294117647058823 0.6817199017199017 0.03955882352941178 0.19933660933660932
0 0.3999019607843137 0.41078624078624076 0.026552287581699346 0.18997542997542996
0 0.43285947712418305 0.6784275184275185 0.024705882352941185 0.19749385749385748
0 0.5610294117647059 0.13233415233415233 0.02517973856209145 0.19786240786240786
0 0.4345751633986928 0.9273218673218674 0.016519607843137277 0.14535626535626528
0 0.8505882352941175 0.401990171990172 0.031552287581699257 0.19933660933660932
0 0.6308660130718954 0.14262899262899262 0.024133986928104544 0.17584766584766584
0 0.6831045751633987 0.6864864864864865 0.016274509803921627 0.1725307125307126
0 0.4775326797385621 0.401990171990172 0.021781045751634052 0.20154791154791152
0 0.5668954248366013 0.40454545454545454 0.021568627450980468 0.19732186732186732
0 0.4125980392156863 0.6820884520884521 0.018267973856209114 0.1929238329238329
0 0.8154248366013073 0.4027272727272727 0.019640522875816965 0.19732186732186732
0 0.8041993464052288 0.6773218673218674 0.01893790849673208 0.19749385749385748
0 0.09875816993464052 0.6809828009828011 0.03192810457516339 0.20027027027027025
0 0.7509803921568627 0.9368550368550369 0.02488562091503271 0.1245454545454544
0 0.7216830065359477 0.4016216216216216 0.02428104575163401 0.19695331695331697
0 0.21423202614379086 0.417027027027027 0.021699346405228737 0.171990171990172
0 0.07104575163398692 0.4181326781326781 0.02779411764705883 0.17530712530712536
0 0.696781045751634 0.6828255528255529 0.017385620915032658 0.17896805896805904
0 0.3423202614379085 0.9348894348894349 0.021241830065359478 0.13022113022113022
0 0.8452124183006535 0.6850368550368551 0.016928104575163236 0.1755773955773956
0 0.6401307189542483 0.40346437346437347 0.028022875816993427 0.1978624078624079
0 0.6333006535947712 0.6776904176904177 0.02135620915032688 0.19329238329238327
0 0.3635294117647059 0.4030958230958231 0.018937908496731985 0.19621621621621624
0 0.1915359477124183 0.40896805896805893 0.02821895424836603 0.19034398034398037
0 0.2531699346405229 0.6886977886977887 0.016519607843137277 0.17135135135135138
0 0.7773366013071896 0.40454545454545454 0.021862745098039208 0.19329238329238332
0 0.7275326797385621 0.6850368550368551 0.028104575163398766 0.17373464373464376
0 0.3969771241830065 0.6828255528255529 0.016781045751633958 0.18778869778869772
0 0.17493464052287583 0.6817199017199017 0.02964052287581697 0.1929238329238329
0 0.25707516339869285 0.3997788697788698 0.023235294117647104 0.20135135135135132
0 0.4138235294117647 0.9277886977886978 0.02875816993464056 0.14439803439803436
0 0.5141666666666667 0.6758476658476659 0.015310457516339877 0.203022113022113
0 0.9790032679738562 0.687960687960688 0.018022875816993418 0.16557739557739554
0 0.9345751633986928 0.9354054054054054 0.020915032679738488 0.12840294840294839
0 0.4116176470588235 0.13665847665847666 0.02736928104575159 0.19071253071253072
0 0.7988235294117647 0.4027272727272727 0.022369281045751723 0.19493857493857492
0 0.9511764705882353 0.9352579852579852 0.018022875816993418 0.1294840294840296
0 0.5141666666666667 0.13068796068796068 0.021454248366013066 0.19732186732186732
0 0.021094771241830065 0.9243734643734645 0.028872549019607847 0.1453808353808353
0 0.7324183006535948 0.14437346437346435 0.016339869281045753 0.16906633906633908
0 0.34204248366013074 0.13142506142506144 0.0386111111111111 0.1916216216216216
0 0.5034150326797385 0.6960442260442261 0.016029411764705792 0.16299754299754307
0 0.17272875816993463 0.4159459459459459 0.01627450980392158 0.1728992628992629
0 0.2751470588235294 0.4192383292383292 0.01730392156862741 0.16528255528255523
0 0.9697222222222223 0.4192383292383292 0.021013071895424673 0.16152334152334155
0 0.5244117647058824 0.6953071253071254 0.01362745098039221 0.16125307125307123
0 0.8725653594771242 0.6813513513513514 0.029918300653594684 0.18943488943488948
0 0.29199346405228754 0.42034398034398035 0.01764705882352943 0.16611793611793615
0 0.07019607843137254 0.6802457002457003 0.030098039215686278 0.20265356265356269
0 0.8286111111111112 0.3994103194103194 0.019264705882352882 0.20191646191646193
0 0.5961928104575164 0.3825307125307125 0.0200980392156862 0.2255773955773956
0 0.7719771241830066 0.1347174447174447 0.016977124183006512 0.1867567567567568
0 0.3781699346405229 0.4056511056511056 0.016094771241830102 0.19859950859950856
0 0.0419281045751634 0.13095823095823095 0.024836601307189534 0.19090909090909094
0 0.4868137254901961 0.6762162162162163 0.021209150326797415 0.20027027027027025
0 0.8164052287581699 0.6930958230958231 0.014395424836601218 0.1643734643734643
0 0.5419934640522875 0.9354054054054054 0.021209150326797415 0.12840294840294839
0 0.5410130718954249 0.6762162162162163 0.027009803921568584 0.19732186732186727
0 0.38794117647058823 0.13189189189189188 0.019754901960784273 0.19493857493857494
0 0.6938398692810458 0.9405405405405406 0.02014705882352948 0.1159213759213758
0 0.7333986928104574 0.935970515970516 0.025947712418300645 0.12805896805896808
0 0.3208006535947713 0.3928009828009828 0.019983660130718985 0.21825552825552821
0 0.8300816993464052 0.6890663390663391 0.02148692810457522 0.1728992628992629
0 0.9955065359477124 0.6864864864864865 0.008986928104575163 0.16383292383292392
0 0.46777777777777774 0.9385503685503686 0.016274509803921627 0.12287469287469285
0 0.7475653594771242 0.40454545454545454 0.03009803921568621 0.1929238329238329
0 0.3105392156862745 0.6762162162162163 0.036290849673202584 0.19749385749385748
0 0.0838562091503268 0.14722358722358722 0.029150326797385627 0.1666584766584767
0 0.14501633986928106 0.40786240786240785 0.020016339869281044 0.1909090909090909
0 0.5400326797385621 0.4049140049140049 0.020294117647058758 0.19493857493857497
0 0.7070261437908496 0.6754791154791155 0.017581699346405213 0.18712530712530703
0 0.3698692810457517 0.9361179361179361 0.01790849673202611 0.12773955773955775
0 0.471437908496732 0.13766584766584766 0.022679738562091496 0.18393120393120396
0 0.5161111111111112 0.9307125307125308 0.014950980392156825 0.13857493857493852
0 0.7773366013071896 0.6905405405405406 0.01666666666666674 0.1693366093366093
0 0.6123039215686275 0.40346437346437347 0.017859477124182926 0.19493857493857492
0 0.30687908496732025 0.40346437346437347 0.016274509803921536 0.19658476658476656
0 0.5859313725490196 0.9383292383292383 0.015784313725490145 0.11911547911547916
0 0.07544117647058823 0.9317199017199017 0.026699346405228763 0.133071253071253
0 0.6079084967320262 0.6886977886977887 0.01812091503267979 0.17437346437346443
0 0.9453104575163398 0.6776904176904177 0.025669934640522935 0.18997542997543002
0 0.19738562091503267 0.1371990171990172 0.0545098039215686 0.18457002457002458
0 0.08947712418300653 0.4207125307125307 0.017908496732026134 0.1722604422604423
0 0.6420915032679738 0.9324570024570025 0.027908496732026212 0.13142506142506144
0 0.9501960784313725 0.12867321867321865 0.04385620915032666 0.1953071253071253
0 0.4929248366013072 0.13574938574938575 0.020964052287581768 0.18457002457002458
0 0.5610294117647059 0.6780589680589681 0.01872549019607849 0.19125307125307134
0 0.4709477124183007 0.6949385749385749 0.01571895424836602 0.16906633906633914
0 0.7875980392156863 0.6773218673218674 0.021405228758169973 0.19329238329238327
0 0.45972222222222225 0.42108108108108105 0.018186274509803913 0.16638820638820645
0 0.944330065359477 0.3795823095823096 0.0254248366013071 0.24063882063882064
0 0.04568627450980392 0.6563882063882064 0.031797385620915025 0.24744471744471747
0 0.006830065359477124 0.14823095823095822 0.013594771241830067 0.1627272727272727
0 0.4980392156862745 0.41776412776412775 0.02076797385620921 0.17171990171990167
0 0.5444281045751634 0.13216216216216217 0.018235294117647006 0.19786240786240786
0 0.15905228758169934 0.41226044226044223 0.017434640522875796 0.17832923832923828
0 0.3708496732026144 0.6791646191646192 0.01799019607843136 0.19933660933660932
0 0.13660130718954247 0.14307125307125307 0.041225490196078414 0.16933660933660935
0 0.2890686274509804 0.6953071253071254 0.014444444444444404 0.16125307125307123
0 0.34887254901960785 0.4357493857493857 0.015604575163398712 0.14088452088452083
0 0.3542483660130719 0.6780589680589681 0.018578431372549026 0.19823095823095832
0 0.5249019607843137 0.40346437346437347 0.018480392156862657 0.1938329238329238
0 0.5302777777777777 0.1527272727272727 0.016029411764705792 0.15437346437346436
0 0.7602614379084967 0.6934643734643735 0.015245098039215753 0.16125307125307123
0 0.2849183006535948 0.1328009828009828 0.025326797385620915 0.18484029484029482
0 0.9194281045751634 0.6909090909090909 0.020179738562091355 0.16383292383292378
0 0.9638725490196078 0.9192383292383293 0.02267973856209168 0.15464373464373476
0 0.8051797385620915 0.1347174447174447 0.016405228758169875 0.18611793611793612
0 0.48168300653594776 0.9395823095823096 0.016519607843137277 0.12081081081081071
0 0.7172875816993465 0.9412776412776414 0.021486928104575125 0.11636363636363639
0 0.5263725490196078 0.9250859950859951 0.015130718954248352 0.14982800982800987
0 0.7055718954248366 0.14823095823095822 0.01751633986928109 0.16410319410319407
0 0.03833333333333334 0.4163144963144963 0.04281045751633988 0.17832923832923828
0 0.7202124183006535 0.1485012285012285 0.0171895424836601 0.16695331695331692
0 0.8759803921568627 0.41776412776412775 0.02129084967320257 0.16557739557739554
0 0.9643627450980393 0.6854054054054054 0.01666666666666674 0.1725307125307126
0 0.9018627450980393 0.4185012285012285 0.01833333333333338 0.16353808353808355