0 0.8518937875751503 0.8875 0.047895791583166286 0.21562666666666672
0 0.1837575150300601 0.30989333333333335 0.07460921843687372 0.19557333333333327
0 0.5446392785571141 0.31354 0.046723446893787685 0.20963333333333337
0 0.5841683366733467 0.30989333333333335 0.05861723446893788 0.22382666666666667
0 0.4248496993987976 0.08066666666666666 0.08216432865731463 0.16133333333333333
0 0.3340581162324649 0.3088533333333333 0.05406813627254513 0.2037733333333334
0 0.9098196392785571 0.88906 0.033416833667334576 0.20182
0 0.762254509018036 0.5963533333333333 0.07774549098196384 0.2407533333333334
0 0.3767234468937876 0.5786466666666666 0.0778857715430862 0.22552000000000014
0 0.24501002004008013 0.8140599999999999 0.07255511022044085 0.20729333333333336
0 0.8706813627254509 0.6052066666666667 0.08131262525050109 0.25950666666666683
0 0.28748496993987976 0.8213533333333333 0.054899799599198364 0.21289333333333343
0 0.9644288577154309 0.31666666666666665 0.07114228456913828 0.232
0 0.5137174348697395 0.8588533333333334 0.0438176352705411 0.23151333333333332
0 0.8800701402805611 0.31692666666666663 0.10753507014028049 0.22760666666666673
0 0.5137174348697395 0.30807333333333337 0.0472645290581163 0.2179666666666667
0 0.826062124248497 0.31327999999999995 0.06452905811623255 0.22382666666666667
0 0.5372044088176353 0.8583333333333333 0.042174348697394705 0.22929999999999987
0 0.48710420841683366 0.8526066666666667 0.043567134268537096 0.23359333333333324
0 0.6002204408817635 0.8645866666666667 0.04315631262525044 0.22825333333333342
0 0.732124248496994 0.8807266666666667 0.04097194388777565 0.23007999999999992
0 0.9325250501002004 0.8906266666666667 0.04577154308617241 0.2031266666666667
0 0.3225150300601202 0.5713533333333333 0.07138276553106214 0.21927333333333324
0 0.2747595190380761 0.3078133333333333 0.05538076152304607 0.20051999999999998
0 0.19889779559118237 0.08633333333333333 0.0871743486973948 0.17266666666666666
0 0.3698697394789579 0.8322933333333333 0.05088176352705408 0.21562666666666672
0 0.44912825651302607 0.30833333333333335 0.05509018036072146 0.21432
0 0.7779158316633267 0.8833333333333333 0.050781563126252566 0.2251333333333332
0 0.8057014028056112 0.59948 0.08468937875751502 0.24896000000000004
0 0.6256613226452905 0.3093733333333333 0.06496993987975944 0.22760666666666673
0 0.6996292585170341 0.87448 0.042414829659318566 0.2296866666666668
0 0.34306613226452903 0.82656 0.050100200400801605 0.21732
0 0.6706713426853708 0.8713533333333333 0.040360721442885744 0.22760666666666657
0 0.2782865731462926 0.5713533333333333 0.06722444889779562 0.21666666666666667
0 0.4244789579158317 0.8458333333333333 0.04926853707414826 0.22343999999999992
0 0.21272545090180361 0.5625 0.07231462925851699 0.2031266666666667
0 0.1006813627254509 0.5328133333333334 0.07084168336673348 0.17318
0 0.8252805611222445 0.8859400000000001 0.027965931863727537 0.21627333333333323
0 0.3951202404809619 0.30729333333333336 0.04217434869739482 0.20924666666666658
0 0.5031462925851703 0.58906 0.0921743486973948 0.22930000000000003
0 0.10244488977955911 0.7859400000000001 0.05088176352705411 0.19648666666666667
0 0.4393486973947896 0.5875 0.06189378757515028 0.22304666666666678
0 0.15107214428857715 0.7963533333333334 0.0777454909819639 0.21028666666666657
0 0.7411222444889779 0.3078133333333333 0.09134268537074157 0.2358066666666667
0 0.014028056112224449 0.7676666666666667 0.028056112224448898 0.19266666666666668
0 0.4585270541082164 0.84948 0.05323647294589178 0.2279933333333335
0 0.25501002004008017 0.085 0.09719438877755511 0.17
0 0.3698697394789579 0.30755333333333335 0.03114228456913832 0.20534
0 0.0262625250501002 0.5317733333333333 0.04982965931863728 0.16484666666666664
0 0.9544088176352705 0.6173333333333333 0.09118236472945891 0.2733333333333333
0 0.060711422845691386 0.5307266666666667 0.07475951903807616 0.1692733333333334
0 0.11372745490981964 0.081 0.05110220440881764 0.162
0 0.6757615230460922 0.31068 0.08767535070140281 0.2343733333333333
0 0.5661322645290581 0.08133333333333333 0.1342685370741483 0.16266666666666665
0 0.48357715430861725 0.30833333333333335 0.04168336673346684 0.20859333333333324
0 0.06412825651302605 0.08933333333333333 0.07615230460921844 0.17866666666666667
0 0.9534068136272545 0.069 0.09318637274549098 0.138
0 0.6420941883767535 0.59948 0.09511022044088184 0.22343999999999992
0 0.07377755511022044 0.31224 0.07177354709418837 0.18241999999999992
0 0.053276553106212425 0.7807266666666666 0.06247494989979959 0.2031266666666667
0 0.8863326653306612 0.8895866666666667 0.0374048096192384 0.2015600000000001
0 0.5822144288577153 0.5927066666666666 0.07490981963927855 0.2251333333333332
0 0.32314629258517036 0.08233333333333333 0.07715430861723446 0.16466666666666666
0 0.9849699398797596 0.628 0.03006012024048096 0.28
0 0.02905811623246493 0.089 0.05811623246492986 0.178
0 0.023547094188376753 0.31133333333333335 0.047094188376753505 0.17866666666666667
0 0.008517034068136272 0.5403333333333333 0.017034068136272545 0.16733333333333333
0 0.9889779559118237 0.898 0.022044088176352707 0.204
0 0.14579158316633267 0.31015333333333334 0.031072144288577144 0.18242000000000008
0 0.8496993987975952 0.07333333333333333 0.09418837675350701 0.14666666666666667
0 0.39746492985971943 0.8395866666666667 0.04645290581162326 0.22070000000000012
0 0.7434869739478958 0.07766666666666666 0.13226452905811623 0.15533333333333332
0 0.967434869739479 0.897 0.03707414829659319 0.206