0 0.534792899408284 0.15685833333333335 0.05303254437869826 0.17187500000000003
0 0.45939349112426037 0.16235 0.07513313609467451 0.15918333333333332
0 0.7792307692307692 0.16845833333333335 0.06517751479289932 0.1514916666666667
0 0.9603846153846154 0.16699166666666665 0.0642011834319528 0.156375
0 0.8619970414201183 0.5698249999999999 0.06982248520710066 0.09600833333333336
0 0.4741272189349112 0.567875 0.034482248520709975 0.09569999999999994
0 0.7302514792899408 0.168825 0.07128698224852079 0.14929166666666668
0 0.7471597633136094 0.5703166666666667 0.04309171597633135 0.09619166666666672
0 0.9066420118343195 0.16735833333333333 0.08982248520710064 0.15430000000000002
0 0.8113017751479291 0.5649416666666667 0.03807692307692309 0.10742500000000006
0 0.6474852071005917 0.5683583333333333 0.06322485207100594 0.09106666666666664
0 0.8342603550295858 0.7543916666666667 0.3254733727810651 0.016924999999999954
0 0.6925443786982249 0.5664083333333334 0.04670118343195274 0.094175
0 0.6375147928994083 0.8774416666666667 0.0715680473372781 0.234375
0 0.5863757396449704 0.8798833333333332 0.06749999999999999 0.2340083333333333
0 0.8316715976331361 0.771975 0.3254733727810651 0.0270083333333334
0 0.6583136094674555 0.16894166666666666 0.09946745562130178 0.15283333333333335
0 0.8502958579881656 0.16430833333333333 0.07860946745562145 0.16003333333333336
0 0.9777218934911244 0.57275 0.03369822485207097 0.09655833333333325
0 0.5924408284023669 0.567875 0.04850591715976326 0.093325