0 0.5337125748502993 0.15365092748735246 0.05366766467065872 0.17390387858347386
0 0.45741017964071856 0.15920741989881956 0.07603293413173648 0.16106239460370994
0 0.7810778443113773 0.16538785834738617 0.06595808383233524 0.1532799325463744
0 0.9644011976047905 0.16390387858347386 0.06497005988023966 0.15822091062394603
0 0.8648353293413175 0.5714924114671164 0.0706586826347306 0.09714165261382803
0 0.4723203592814371 0.5695193929173693 0.03489520958083824 0.09682967959527818
0 0.7315119760479042 0.16575885328836426 0.07214071856287434 0.15105396290050593
0 0.7486227544910179 0.5719898819561552 0.04360778443113772 0.09732715008431708
0 0.9100149700598802 0.16427487352445194 0.0908982035928144 0.1561214165261383
0 0.8135329341317367 0.5665514333895446 0.03853293413173654 0.10869308600337275
0 0.647754491017964 0.570008431703204 0.06398203592814372 0.09214165261382797
0 0.8353293413173652 0.7580101180438449 0.32934131736526945 0.016863406408094434
0 0.6933532934131736 0.5680354131534571 0.04726047904191624 0.09528667790893759
0 0.6369760479041916 0.8819561551433389 0.07335329341317365 0.23608768971332209
0 0.5853293413173652 0.883220910623946 0.0688622754491018 0.23355817875210794
0 0.8341467065868264 0.7760286677908937 0.32937125748502993 0.0273271500843171
0 0.6587125748502993 0.1658768971332209 0.10065868263473056 0.154637436762226
0 0.8529940119760479 0.16118887015177064 0.07955089820359297 0.16192242833052278
0 0.9819461077844313 0.5744519392917369 0.03410179640718559 0.09769814502529502
0 0.5920508982035928 0.5695193929173693 0.04908682634730534 0.09442664418212479