0 0.7533707865168539 0.423978947368421 0.2161235955056178 0.029873684210526313
0 0.7688483146067415 0.1461578947368421 0.24067415730337063 0.026199999999999987
0 0.7533707865168539 0.4718842105263158 0.21359550561797744 0.028926315789473703
0 0.5444803370786517 0.3569157894736842 0.21023876404494374 0.027326315789473723
0 0.5471769662921347 0.38011578947368424 0.20872191011235958 0.029368421052631554
0 0.26662921348314605 0.18309473684210525 0.22301966292134834 0.043389473684210554
0 0.7533707865168539 0.448178947368421 0.21226123595505603 0.027168421052631522
0 0.5535674157303371 0.5356631578947368 0.18921348314606745 0.025368421052631485
0 0.7291573033707864 0.8034 0.19140449438202242 0.03167368421052623
0 0.5629775280898877 0.585578947368421 0.20098314606741577 0.026957894736842
0 0.25384831460674157 0.30145263157894736 0.2388342696629213 0.0336526315789474
0 0.7802808988764044 0.04991578947368421 0.2497612359550561 0.03180000000000001
0 0.3155758426966292 0.6869263157894737 0.18467696629213484 0.02670526315789462
0 0.7594241573033709 0.19909473684210524 0.22957865168539332 0.023852631578947396
0 0.7594241573033709 0.3337263157894737 0.22521067415730325 0.022231578947368425
0 0.30564606741573036 0.6143157894736843 0.19307584269662925 0.024284210526315724
0 0.7553932584269664 0.217 0.22705056179775293 0.020557894736842136
0 0.7291573033707864 0.8270947368421053 0.19039325842696622 0.030852631578947312
0 0.2610814606741573 0.1354421052631579 0.2215028089887641 0.034347368421052626
0 0.26410112359550564 0.08369473684210527 0.24807584269662922 0.0354842105263158
0 0.549185393258427 0.4280105263157895 0.20199438202247183 0.024978947368421073
0 0.7560674157303372 0.636 0.2176404494382023 0.03340000000000002
0 0.7567415730337078 0.23641052631578946 0.2267134831460675 0.027484210526315805
0 0.2964044943820225 0.5588526315789474 0.19174157303370792 0.03482105263157887
0 0.6268960674157303 0.18119999999999997 0.04709269662921344 0.18277894736842104
0 0.26865168539325845 0.11577894736842106 0.24891853932584265 0.03920000000000001
0 0.5565870786516854 0.630957894736842 0.20536516853932588 0.03033684210526309
0 0.5532303370786517 0.7499578947368422 0.18568820224719107 0.028421052631578948
0 0.7668258426966292 0.17363157894736841 0.24033707865168524 0.03295789473684211
0 0.25620786516853933 0.021863157894736845 0.24219101123595504 0.032842105263157895
0 0.2530056179775281 0.32615789473684215 0.23832865168539333 0.030789473684210526
0 0.7722050561797752 0.11426315789473686 0.24689606741573028 0.04077894736842106
0 0.7560674157303372 0.5457473684210526 0.2179775280898877 0.03186315789473682
0 0.7823033707865169 0.08168421052631579 0.2395084269662921 0.0330842105263158
0 0.7600983146067416 0.2954 0.2289044943820225 0.023778947368421087
0 0.25536516853932584 0.04354736842105263 0.2474016853932584 0.028978947368421056
0 0.2785674157303371 0.4096105263157895 0.19762640449438199 0.022631578947368423
0 0.26865168539325845 0.2406947368421053 0.2176404494382022 0.02517894736842101
0 0.7372191011235955 0.7161684210526316 0.1989747191011237 0.02964210526315798
0 0.2950561797752809 0.5311263157894738 0.1945926966292135 0.03149473684210534
0 0.557935393258427 0.6990315789473684 0.18887640449438206 0.03891578947368424
0 0.2728511235955056 0.3894421052631579 0.2060252808988764 0.027421052631578898
0 0.7533707865168539 0.5669263157894737 0.21359550561797744 0.032336842105263185
0 0.4946910112359551 0.2220421052631579 0.15405898876404503 0.02152631578947367
0 0.4946910112359551 0.16354736842105264 0.15431179775280898 0.016999999999999977
0 0.3947893258426966 0.24447368421052632 0.05907303370786525 0.18933684210526316
0 0.5549016853932583 0.49078947368421055 0.19307584269662925 0.024136842105263106
0 0.3081741573033708 0.6470947368421053 0.18501404494382018 0.02302105263157883
0 0.7526966292134831 0.49482105263157894 0.20939606741573022 0.02832631578947365
0 0.7567415730337078 0.6002000000000001 0.2147752808988765 0.03126315789473689
0 0.2873174157303371 0.47742105263157897 0.18955056179775287 0.026042105263157905
0 0.5586095505617977 0.5643999999999999 0.20334269662921345 0.027421052631578898
0 0.5535674157303371 0.45675789473684214 0.19830056179775288 0.026000000000000047
0 0.29168539325842696 0.5059157894736842 0.19425561797752816 0.03567368421052642
0 0.7773876404494382 0.014736842105263158 0.2598314606741573 0.029473684210526315
0 0.32179775280898876 0.7439052631578947 0.17761235955056184 0.03186315789473682
0 0.5495224719101124 0.4063263157894737 0.20602528089887648 0.029526315789473637
0 0.5525561797752809 0.4731368421052632 0.19627808988764045 0.024736842105263158
0 0.7560674157303372 0.3836421052631579 0.22015449438202248 0.023726315789473647
0 0.5888764044943819 0.17678947368421052 0.037570224719101125 0.17925263157894733
0 0.7580758426966292 0.3513684210526316 0.22588483146067406 0.0271157894736842
0 0.7621207865168539 0.3135578947368421 0.23075842696629206 0.02541052631578946
0 0.49839887640449443 0.1737578947368421 0.15650280898876415 0.019442105263157924
0 0.5549016853932583 0.5175157894736842 0.1903932584269664 0.024326315789473578
0 0.26477528089887636 0.15485263157894738 0.2285674157303371 0.03054736842105261
0 0.28092696629213487 0.4292736842105263 0.1940870786516854 0.022357894736842115
0 0.25536516853932584 0.357421052631579 0.2383286516853932 0.044526315789473636
0 0.3204494382022472 0.7186947368421053 0.17911516853932588 0.025315789473684163
0 0.49536516853932583 0.19317894736842106 0.15591292134831458 0.021242105263157902
0 0.2619241573033708 0.06082105263157895 0.24942415730337084 0.032157894736842114
0 0.283623595505618 0.4519578947368421 0.19425561797752816 0.0278842105263158
0 0.7325140449438201 0.7585263157894737 0.18887640449438206 0.02832631578947377
0 0.2669662921348315 0.26514736842105263 0.21023876404494382 0.04283157894736848