0 0.42588614393125673 0.2834583333333333 0.7712137486573577 0.07024999999999997
0 0.46604726100966704 0.3481416666666666 0.7841890440386683 0.07250833333333333
0 0.4776906552094522 0.213375 0.7596455424274974 0.06915000000000002
0 0.5377873254564983 0.6254916666666667 0.7873361976369495 0.10650833333333329
0 0.5075832438238453 0.16333333333333333 0.7426530612244897 0.04485833333333332
0 0.5245757250268528 0.532225 0.7948872180451128 0.09039166666666669
0 0.5119871106337271 0.47192499999999993 0.8087325456498389 0.061433333333333354
0 0.5377873254564984 0.7583000000000001 0.7288077336197637 0.12274166666666664
0 0.48680988184747587 0.41406666666666664 0.8194307196562834 0.08093333333333338
0 0.5267776584317937 0.9106416666666667 0.6866380236305049 0.12683333333333327
0 0.5289795918367347 0.8408166666666667 0.6790870032223416 0.09039166666666659
0 0.5274113856068743 0.696775 0.7634156820622986 0.0793416666666667