0 0.6262228260869565 0.47925000000000006 0.04058423913043479 0.21471739130434786
0 0.4724184782608695 0.4721630434782609 0.03527173913043483 0.226804347826087
0 0.7519565217391305 0.48193478260869566 0.030991847826086882 0.19995652173913048
0 0.35582880434782604 0.46753260869565216 0.04718750000000003 0.23901086956521744
0 0.5105570652173913 0.4731413043478261 0.04173913043478265 0.22400000000000003
0 0.4324320652173913 0.47021739130434786 0.04383152173913042 0.22985869565217396
0 0.7104483695652174 0.48364130434782604 0.049442934782608756 0.20813043478260865
0 0.42724184782608693 0.1555217391304348 0.07525815217391303 0.25268478260869565
0 0.8123777173913043 0.47533695652173913 0.03967391304347832 0.20470652173913048
0 0.7775815217391304 0.4797391304347826 0.030597826086956496 0.1981195652173913
0 0.5502309782608696 0.47705434782608697 0.04501358695652173 0.22033695652173918
0 0.2471875 0.45898913043478257 0.04649456521739134 0.25610869565217387
0 0.31676630434782604 0.46240217391304356 0.04157608695652177 0.24976086956521742
0 0.6634510869565218 0.4812065217391304 0.03952445652173917 0.20727173913043473
0 0.3952038043478261 0.4682608695652174 0.03869565217391307 0.23266304347826094
0 0.8489945652173914 0.47339130434782606 0.042798913043478264 0.20849999999999994
0 0.2835054347826087 0.45922826086956525 0.03769021739130436 0.25341304347826077
0 0.8856250000000001 0.47094565217391304 0.042459239130434784 0.20654347826086955
0 0.7592798913043479 0.8188478260869566 0.04649456521739134 0.25317391304347836
0 0.676875 0.8261739130434783 0.0511548913043478 0.2609891304347825
0 0.5007880434782609 0.8457065217391304 0.052527173913043436 0.2526847826086957
0 0.5862364130434783 0.47582608695652173 0.03900815217391309 0.21471739130434778
0 0.8776902173913044 0.17492391304347826 0.05153532608695661 0.16565217391304346
0 0.5456521739130435 0.8447282608695652 0.050774456521739134 0.24865217391304348
0 0.4605163043478261 0.8388695652173913 0.05379076086956526 0.28589130434782606
0 0.8940217391304348 0.7835652173913044 0.21195652173913043 0.01567391304347834
0 0.7518070652173914 0.18053260869565219 0.02717391304347826 0.21541304347826087
0 0.2835190217391304 0.14015217391304347 0.23188858695652176 0.058565217391304346