0 0.7263179347826088 0.51025 0.045774456521739205 0.22302173913043472
0 0.4122961956521739 0.21105434782608698 0.17684782608695648 0.19958695652173916
0 0.17150815217391305 0.22546739130434784 0.055421195652173905 0.16833695652173913
0 0.9210190217391304 0.23779347826086958 0.041657608695652285 0.15564130434782608
0 0.07240489130434782 0.8105434782608696 0.049279891304347824 0.19872826086956513
0 0.7934510869565218 0.5292934782608696 0.03213315217391317 0.18005434782608692
0 0.11566576086956522 0.8076195652173913 0.047527173913043466 0.2039782608695653
0 0.5908152173913043 0.20813043478260868 0.050394021739130476 0.20532608695652177
0 0.3982608695652174 0.8051739130434783 0.03569293478260867 0.20885869565217402
0 0.4968206521739131 0.5073260869565217 0.045625000000000054 0.21972826086956526
0 0.8447282608695652 0.22656521739130434 0.04451086956521738 0.17139130434782607
0 0.37139945652173917 0.5390652173913043 0.03900815217391309 0.16028260869565214
0 0.7983423913043479 0.22509782608695653 0.04638586956521753 0.16967391304347823
0 0.8837907608695652 0.23473913043478262 0.040285326086956647 0.15564130434782608
0 0.2903804347826087 0.22485869565217392 0.03146739130434786 0.1672391304347826
0 0.4138179347826087 0.5400434782608695 0.046046195652173896 0.16161956521739124
0 0.8288586956521738 0.5297826086956522 0.03608695652173906 0.179195652173913
0 0.3286684782608696 0.5366195652173913 0.04562499999999998 0.16186956521739126
0 0.16327445652173914 0.8046847826086956 0.05360054347826089 0.21142391304347824
0 0.4537907608695652 0.5087934782608695 0.03797554347826093 0.21533695652173915
0 0.23635869565217393 0.22558695652173913 0.029388586956521735 0.1674782608695652
0 0.8630434782608696 0.5302717391304348 0.03769021739130436 0.17980434782608698
0 0.7629347826086956 0.5302717391304348 0.03239130434782598 0.1789565217391305
0 0.26442934782608696 0.22485869565217392 0.029157608695652145 0.1672391304347826
0 0.21438858695652172 0.7949239130434783 0.0588586956521739 0.2254673913043479
0 0.07980978260869566 0.5351521739130435 0.052228260869565224 0.16296739130434776
0 0.4312092391304348 0.8066413043478261 0.029714673913043485 0.2078804347826087
0 0.20599184782608698 0.48193478260869566 0.20263586956521737 0.04083695652173919
0 0.3137228260869565 0.22680434782608697 0.021630434782608718 0.16565217391304352
0 0.5563315217391304 0.8105434782608696 0.22735054347826092 0.042021739130434874
0 0.796508152173913 0.8188478260869566 0.15762228260869565 0.1961630434782609
0 0.2053804347826087 0.5986304347826087 0.19866847826086953 0.035282608695652216
0 0.20599184782608698 0.5214891304347826 0.19927989130434778 0.04061956521739131
0 0.20828804347826088 0.5576195652173913 0.1986684782608696 0.035554347826087