0 0.2694486692015209 0.39162499999999995 0.042129277566539974 0.10079999999999999
0 0.313574144486692 0.23839999999999997 0.03062737642585554 0.08728333333333334
0 0.33891634980988594 0.23669166666666663 0.028574144486691964 0.08648333333333331
0 0.6856273764258555 0.7148416666666666 0.044980988593155836 0.11535833333333338
0 0.9050760456273764 0.7314416666666667 0.037699619771863195 0.10669166666666664
0 0.46005703422053235 0.3913583333333333 0.034391634980988545 0.09894166666666668
0 0.48986692015209127 0.39233333333333337 0.028250950570342232 0.09826666666666663
0 0.45365019011406843 0.23376666666666665 0.02980988593155895 0.08629999999999997
0 0.367319391634981 0.3916 0.029714828897338393 0.09588333333333338
0 0.3923954372623574 0.39453333333333335 0.028250950570342232 0.09514999999999996
0 0.38515209125475286 0.23144166666666668 0.028041825095057035 0.09466666666666669
0 0.2542585551330799 0.23035000000000003 0.03933460076045627 0.10375833333333333
0 0.3372433460076045 0.6621083333333333 0.09587452471482891 0.10485833333333328
0 0.5012737642585552 0.23059166666666664 0.0279277566539925 0.08526666666666669
0 0.7363117870722433 0.7211916666666667 0.04480988593155903 0.10992500000000006
0 0.414106463878327 0.5161166666666667 0.23838403041825093 0.01277499999999994
0 0.5583650190114068 0.39330833333333337 0.028574144486691964 0.08629999999999996
0 0.7775285171102662 0.7251 0.042965779467680654 0.10156666666666657
0 0.4102091254752852 0.6679666666666666 0.07184410646387837 0.09979166666666667
0 0.8022813688212928 0.9725 0.034220532319391636 0.055
0 0.47287072243346007 0.8027333333333333 0.047927756653992355 0.10839999999999994
0 0.5650570342205323 0.8061500000000001 0.032965779467680666 0.10485833333333337
0 0.29045627376425853 0.23229999999999998 0.03479087452471485 0.09826666666666665
0 0.2715209125475285 0.661625 0.04439163498098864 0.10247500000000002
0 0.5288403041825095 0.23071666666666668 0.030171102661596966 0.08709999999999998
0 0.5586501901140685 0.22864166666666666 0.0341064638783271 0.08929166666666664
0 0.5360836501901141 0.8076166666666666 0.03146387832699611 0.09948333333333323
0 0.7914638783269962 0.8012666666666667 0.24939163498098849 0.02076666666666673
0 0.42190114068441065 0.5336916666666667 0.24897338403041822 0.016099999999999948
0 0.5224334600760456 0.39330833333333337 0.039790874524714734 0.09466666666666664
0 0.4709315589353612 0.6689416666666667 0.028574144486691964 0.09668333333333332
0 0.5305133079847909 0.6694333333333333 0.03640684410646384 0.09966666666666658
0 0.85606463878327 0.729 0.04560836501901142 0.10210833333333331