0 0.3754804804804805 0.562454954954955 0.029039039039039087 0.12015765765765771
0 0.5221921921921922 0.565686936936937 0.03780780780780773 0.10309684684684679
0 0.23252252252252253 0.566768018018018 0.03714714714714716 0.12036036036036048
0 0.6131831831831832 0.4240878378378378 0.02866366366366371 0.10774774774774769
0 0.4714864864864865 0.4273310810810811 0.03605105105105104 0.10552927927927933
0 0.322972972972973 0.563536036036036 0.03339339339339341 0.11927927927927937
0 0.5603153153153153 0.5651463963963964 0.04054054054054054 0.10350225225225235
0 0.1622222222222222 0.27144144144144144 0.034774774774774815 0.11745495495495491
0 0.6002402402402403 0.5640765765765765 0.0398648648648648 0.10370495495495487
0 0.26327327327327327 0.5651463963963964 0.029099099099099093 0.11954954954954965
0 0.11493993993993994 0.27063063063063064 0.043663663663663685 0.12264639639639636
0 0.4024474474474474 0.5619144144144145 0.03088588588588596 0.11995495495495494
0 0.34527027027027024 0.4270608108108108 0.028723723723723716 0.1120608108108108
0 0.29743243243243245 0.7016216216216216 0.033843843843843875 0.11011261261261258
0 0.5653453453453453 0.42516891891891895 0.025600600600600532 0.1051238738738739
0 0.13974474474474474 0.4127702702702703 0.04527027027027024 0.13606981981981986
0 0.38518018018018013 0.7005405405405406 0.026696696696696654 0.10740990990990977
0 0.37403903903903907 0.4257094594594594 0.023423423423423458 0.1120608108108108
0 0.6383483483483483 0.42382882882882883 0.029099099099099093 0.10275900900900901
0 0.6297147147147147 0.5662274774774774 0.0228978978978979 0.09864864864864854
0 0.13992492492492492 0.5640765765765765 0.028663663663663626 0.12918918918918923
0 0.5876426426426427 0.4254391891891892 0.02153153153153158 0.1060585585585585
0 0.17570570570570573 0.4186936936936937 0.032882882882882845 0.1318918918918919
0 0.40783783783783784 0.7016216216216216 0.028348348348348342 0.10909909909909922
0 0.27136636636636635 0.7016216216216216 0.03252252252252256 0.11024774774774786
0 0.7609759759759759 0.5646171171171172 0.023603603603603644 0.09675675675675684
0 0.19459459459459458 0.7037837837837838 0.028768768768768806 0.11503378378378389
0 0.351021021021021 0.5608333333333333 0.028768768768768722 0.11684684684684683
0 0.6606456456456457 0.4257094594594594 0.02186186186186178 0.09986486486486494
0 0.24672672672672671 0.701081081081081 0.0288888888888889 0.11165540540540551
0 0.22372372372372373 0.27521396396396397 0.028393393393393432 0.1120608108108108
0 0.4286936936936937 0.7016216216216216 0.029444444444444464 0.10700450450450448
0 0.7667267267267267 0.4254391891891892 0.025975975975975906 0.09675675675675671
0 0.24385885885885886 0.423018018018018 0.033258258258258226 0.12144144144144148
0 0.4304954954954955 0.28492117117117116 0.018303303303303386 0.08718468468468464
0 0.29294294294294293 0.2760247747747748 0.02096096096096093 0.10774774774774781
0 0.8084534534534534 0.4259797297297297 0.023423423423423288 0.09433558558558557
0 0.11996996996996998 0.5640765765765765 0.028618618618618624 0.1294594594594595
0 0.5365765765765766 0.4259797297297297 0.031171171171171158 0.10147522522522524
0 0.2740690690690691 0.4216666666666667 0.028168168168168153 0.12332207207207206
0 0.2738888888888889 0.2773761261261261 0.021606606606606585 0.10700450450450448
0 0.3542642642642643 0.28492117117117116 0.02228228228228233 0.0890765765765766
0 0.4297747747747748 0.565686936936937 0.027147147147147208 0.10990990990990981
0 0.5045795795795796 0.42679054054054055 0.03135135135135134 0.10370495495495499
0 0.4905555555555555 0.2843806306306306 0.019399399399399338 0.08765765765765769
0 0.8285885885885886 0.5651463963963964 0.02333333333333328 0.09986486486486494
0 0.20357357357357359 0.27467342342342344 0.0197747747747748 0.10700450450450448
0 0.25626126126126125 0.2773761261261261 0.018168168168168203 0.10646396396396392
0 0.3031981981981982 0.4273310810810811 0.02001501501501499 0.11145270270270273
0 0.6142642642642643 0.695686936936937 0.02843843843843852 0.10296171171171178
0 0.10918918918918918 0.41735360360360363 0.028498498498498483 0.13033783783783784
0 0.41216216216216217 0.2843806306306306 0.02228228228228233 0.08752252252252256
0 0.4387687687687688 0.4270608108108108 0.033018018018018035 0.10680180180180184
0 0.7897447447447448 0.42624999999999996 0.022537537537537525 0.09500000000000001
0 0.7962162162162162 0.5662274774774774 0.02397897897897902 0.09810810810810798
0 0.1686936936936937 0.5640765765765765 0.040480480480480446 0.12076576576576578
0 0.40533033033033034 0.42679054054054055 0.03076576576576578 0.10700450450450448
0 0.5962762762762763 0.6973085585585586 0.02246246246246252 0.10167792792792789
0 0.22174174174174174 0.7021621621621621 0.03076576576576578 0.11543918918918918
0 0.5081681681681681 0.6989301801801802 0.02650150150150147 0.10512387387387377
0 0.4758108108108108 0.2843806306306306 0.02016516516516509 0.08718468468468464
0 0.13507507507507507 0.7043243243243243 0.031426426426426436 0.11462837837837833
0 0.3715165165165165 0.28519144144144143 0.020015015015015077 0.08623873873873879
0 0.6861861861861862 0.4259797297297297 0.02674174174174166 0.10384009009009013
0 0.6847447447447448 0.5651463963963964 0.023423423423423458 0.09675675675675684
0 0.7760810810810811 0.2797972972972973 0.031246246246246164 0.08860360360360355
0 0.8537537537537538 0.42516891891891895 0.020555555555555636 0.09149774774774774
0 0.3154204204204204 0.27790540540540537 0.026186186186186268 0.10626126126126127
0 0.5261561561561562 0.28492117117117116 0.022207207207207154 0.08752252252252256
0 0.5078078078078078 0.28411036036036036 0.024069069069069027 0.08718468468468464
0 0.6473423423423423 0.5651463963963964 0.017222222222222264 0.0960135135135135
0 0.456021021021021 0.5646171171171172 0.031786786786786723 0.11011261261261258
0 0.31866366366366367 0.42516891891891895 0.021606606606606585 0.11065315315315315
0 0.4873123123123123 0.5646171171171172 0.03591591591591586 0.10720720720720726
0 0.7552252252252253 0.2797972972972973 0.02262762762762753 0.08765765765765769
0 0.29186186186186186 0.5629954954954955 0.033843843843843875 0.11725225225225212
0 0.20465465465465468 0.4216666666666667 0.03262762762762766 0.127240990990991
0 0.6369069069069069 0.6962274774774775 0.029444444444444464 0.10329954954954958
0 0.4603453453453453 0.2854617117117117 0.01932432432432433 0.08684684684684685
0 0.7142342342342342 0.2811486486486487 0.026786786786786664 0.08731981981981977
0 0.7099099099099099 0.5662274774774774 0.02579579579579589 0.0977702702702702
0 0.6631681681681681 0.5683896396396396 0.024819819819819778 0.0977702702702702
0 0.48983483483483486 0.6973085585585586 0.023603603603603644 0.10572072072072085
0 0.5477327327327328 0.6978490990990992 0.032522522522522475 0.10605855855855863
0 0.632957957957958 0.2830405405405405 0.022537537537537525 0.08684684684684685
0 0.8134834834834834 0.5705405405405405 0.02186186186186178 0.10552927927927933
0 0.3380780780780781 0.28492117117117116 0.018303303303303386 0.0923761261261261
0 0.8357807807807808 0.42624999999999996 0.021291291291291387 0.09251126126126123
0 0.8142042042042041 0.28195945945945944 0.023078078078077914 0.08070945945945941
0 0.5606756756756757 0.2843806306306306 0.023423423423423458 0.08813063063063062
0 0.44596096096096094 0.2846509009009009 0.01909909909909914 0.08610360360360364
0 0.6804204204204205 0.28329954954954956 0.02195195195195196 0.08488738738738738
0 0.8458408408408409 0.5705405405405405 0.02024024024024027 0.09298423423423416
0 0.602027027027027 0.28329954954954956 0.02228228228228233 0.0890765765765766
0 0.8084534534534534 0.6989301801801802 0.023798798798798662 0.09453828828828834
0 0.7365315315315315 0.8283896396396396 0.02746246246246241 0.10242117117117122
0 0.8803753753753755 0.42760135135135136 0.020075075075074913 0.09365990990990987
0 0.5265165165165165 0.7000112612612612 0.024549549549549583 0.10532657657657654
0 0.4635735735735736 0.6989301801801802 0.03638138138138141 0.10532657657657654
0 0.7163813813813814 0.4243581081081081 0.015885885885885777 0.09567567567567571
0 0.7264564564564565 0.6994707207207207 0.023153153153153264 0.09386261261261251
0 0.34058558558558555 0.7005405405405406 0.025975975975975906 0.10680180180180171
0 0.6955255255255256 0.28168918918918917 0.0214414414414414 0.08644144144144143
0 0.24295795795795797 0.2760247747747748 0.015750750750750765 0.10605855855855863
0 0.7372522522522522 0.2806081081081081 0.024549549549549413 0.08894144144144146
0 0.15935435435435436 0.7021621621621621 0.027147147147147124 0.11320945945945943
0 0.6883333333333334 0.6978490990990992 0.02569069069069071 0.1009346846846848
0 0.6477027027027027 0.28195945945945944 0.0214414414414414 0.0890765765765766
0 0.7091891891891893 0.8294707207207208 0.024249249249249386 0.10025900900900898
0 0.8724624624624624 0.695686936936937 0.029444444444444294 0.10025900900900898
0 0.8631081081081081 0.285731981981982 0.020630630630630645 0.06897522522522523
0 0.8681381381381381 0.5694707207207208 0.019699699699699535 0.08623873873873866
0 0.7041591591591592 0.4259797297297297 0.01762762762762764 0.0984459459459459
0 0.7552252252252253 0.6983896396396396 0.022207207207207154 0.09365990990991
0 0.7990990990990992 0.28222972972972976 0.02177177177177177 0.07868243243243243
0 0.6642492492492492 0.2797972972972973 0.02186186186186178 0.09034909909909912
0 0.8328978978978979 0.2827702702702703 0.0244294294294294 0.0799662162162162
0 0.20160660660660662 0.566768018018018 0.03352852852852851 0.11907657657657658
0 0.18686186186186185 0.27494369369369365 0.019399399399399424 0.10720720720720726
0 0.8551951951951952 0.8305405405405405 0.022117117117117144 0.09864864864864854
0 0.39093093093093095 0.2827702702702703 0.02271771771771771 0.0890765765765766
0 0.3218918918918919 0.6994707207207207 0.020960960960961016 0.10700450450450448
0 0.17786786786786787 0.7021621621621621 0.01851351351351349 0.11280405405405414
0 0.5441291291291291 0.2830405405405405 0.019474474474474514 0.08684684684684685
0 0.6527327327327328 0.8327027027027027 0.01909909909909914 0.0923761261261261
0 0.8472822822822822 0.28195945945945944 0.02228228228228216 0.075990990990991