0 0.7125 0.9203125 0.30546875 0.06953125
0 0.71953125 0.609375 0.325 0.04765625
0 0.71328125 0.5296875 0.3234375 0.05078125
0 0.7109375 0.3765625 0.3265625 0.059375
0 0.71484375 0.45234375 0.3265625 0.0546875
0 0.71640625 0.653125 0.3234375 0.0609375
0 0.7125 0.7984375 0.3140625 0.04765625
0 0.4515625 0.53671875 0.20078125 0.04453125
0 0.45390625 0.80390625 0.20625 0.06484375
0 0.5331561609375 0.64813439375 0.3563237828125 0.6415332375 0.353458453125 0.680429190625 0.5380673359375 0.6893973984375 0.5331561609375 0.64813439375
0 0.5249699140625 0.3692023125 0.3186661890625 0.3939595375 0.3268524359375 0.44508670468749995 0.5249699140625 0.41706647343750003 0.5249699140625 0.3692023125
0 0.5216948421875001 0.0919205203125 0.32357736406250004 0.1463858375 0.3329928359375 0.18290606874999998 0.528243553125 0.1397846828125 0.5216948421875001 0.0919205203125
0 0.7820300859375 0.185997109375 0.528243553125 0.23056069375 0.5294713468750001 0.269611271875 0.7853051578125 0.22891040468749999 0.7820300859375 0.185997109375
0 0.52005730625 0.00609393125 0.31375358124999997 0.057260115624999997 0.3268524359375 0.1044595375 0.5266060171875 0.055608381250000005 0.52005730625 0.00609393125
0 0.7075708359374999 0 0.5298810890625 0.045706646875 0.5437979937499999 0.075557803125 0.7689312328125 0.025900289062499998 0.76790426875 0 0.7075708359374999 0
0 0.528243553125 0.4599783234375 0.34813753593749996 0.474833815625 0.3411790828125 0.509083815625 0.5380673359375 0.5127947984375 0.528243553125 0.4599783234375
0 0.516782234375 0.299881503125 0.32357736406250004 0.329591040625 0.3186661890625 0.3852182078125 0.5298810890625 0.37250289062499997 0.516782234375 0.299881503125
0 0.7771189109375001 0.23056069375 0.5331561609375 0.26027023125 0.545845271875 0.3109002890625 0.7771189109375001 0.27842485625 0.7771189109375001 0.23056069375
0 0.354686246875 0.608523121875 0.35305014375 0.636580925 0.5356117484375 0.6428569359375 0.5331561609375 0.6068728328125 0.354686246875 0.608523121875
0 0.52005730625 0.060560693750000005 0.3203022921875 0.13318208125 0.3186661890625 0.14327023125 0.528243553125 0.093570809375 0.52005730625 0.060560693750000005
0 0.54134240625 0.313085259375 0.54134240625 0.33289161875 0.7771189109375001 0.3125520234375 0.7787550140625 0.2833771671875 0.54134240625 0.313085259375
0 0.7771189109375001 0.08531791875 0.5511661890624999 0.13813294843749999 0.54789255 0.1866228328125 0.7771189109375001 0.13648265937499998 0.7771189109375001 0.08531791875
0 0.7672951296875 0.045706646875 0.5364312328125 0.09852167656250001 0.5397048703125 0.1412052015625 0.7738438390625 0.093570809375 0.7672951296875 0.045706646875
0 0.528243553125 0.13813294843749999 0.328489971875 0.1810462421875 0.3329928359375 0.2134595375 0.528243553125 0.1744436421875 0.528243553125 0.13813294843749999
0 0.528243553125 0.222307803125 0.32521490000000003 0.2569682078125 0.3268524359375 0.29810115625 0.534793696875 0.26027023125 0.528243553125 0.222307803125
0 0.523332378125 0.1843468203125 0.3301275078125 0.219007225 0.3268524359375 0.246489884375 0.5266060171875 0.21405635781250001 0.523332378125 0.1843468203125
0 0.35796131875000003 0.6910476875 0.35796131875000003 0.7290086703124999 0.5364312328125 0.7405621390625 0.533565903125 0.7006604046875 0.35796131875000003 0.6910476875
0 0.5364312328125 0.7323092484375 0.3563237828125 0.7290086703124999 0.353458453125 0.7625924859375 0.5364312328125 0.7735722546875 0.5364312328125 0.7323092484375
0 0.531518625 0.5590086703125 0.3465 0.560658959375 0.3514126078125 0.6015693640625 0.5331561609375 0.596969653125 0.531518625 0.5590086703125
0 0.7672951296875 0.7356112718750001 0.54789255 0.714154625 0.556078796875 0.74401300625 0.7672951296875 0.7620187859375 0.7672951296875 0.7356112718750001
0 0.7738438390625 0.7092023125 0.54789255 0.6877471093749999 0.5581246421875 0.7171763 0.7689312328125 0.7290086703124999 0.7738438390625 0.7092023125