0 0.64609375 0.5359375 0.35546875 0.0796875
0 0.40390625 0.475 0.05859375 0.63125
0 0.3390625 0.4765625 0.07265625 0.65859375
0 0.6375 0.46640625 0.34140625 0.0796875
0 0.284375 0.4640625 0.06171875 0.659375
0 0.63828125 0.29765625 0.31796875 0.0578125
0 0.6421875 0.22890625 0.328125 0.10234375
0 0.646875 0.37109375 0.365625 0.09453125
0 0.2695692609375 0.131366196875 0.21416029062500003 0.131366196875 0.1912928765625 0.7891232390625 0.244063325 0.7853192484375 0.2695692609375 0.131366196875
0 0.21416029062500003 0.10789906093749999 0.1508357515625 0.10007629062500001 0.1099386546875 0.7852112671875 0.182498021875 0.7853192484375 0.21416029062500003 0.10789906093749999
0 0.07080013125 0.8478978875 0.1042216359375 0.8416396718750001 0.14907651718749998 0.11102816874999999 0.1220316625 0.11228521093749999 0.07080013125 0.8478978875
0 0 0.8427778874999999 0.0444149078125 0.8447687796875 0.10158311406250001 0.08443192499999999 0.040897096875 0.068786384375 0 0.5994399984375 0 0.8427778874999999
0 0.4648199203125 0.719610328125 0.4639399734375 0.16734976562499998 0.4349162265625 0.16734976562499998 0.43755475 0.7167453046875 0.4648199203125 0.719610328125