0 0.29983695652173914 0.625 0.059048913043478236 0.273195652173913
0 0.546875 0.6254891304347826 0.04252717391304341 0.2709999999999999
0 0.3515625 0.6171847826086956 0.0596195652173913 0.27172826086956525
0 0.3903260869565217 0.6162065217391304 0.057866847826086996 0.27685869565217397
0 0.4809510869565218 0.8842826086956521 0.052907608695652246 0.22815217391304357
0 0.5841032608695652 0.6181630434782609 0.048899456521739146 0.27514130434782613
0 0.6573505434782608 0.3093260869565217 0.05432065217391307 0.2636739130434783
0 0.4736277173913043 0.29077173913043475 0.04394021739130439 0.2932173913043478
0 0.503546195652174 0.61475 0.05322010869565212 0.2827173913043479
0 0.5136141304347825 0.29101086956521743 0.037839673913043506 0.29345652173913045
0 0.25985054347826086 0.8798804347826087 0.061413043478260855 0.22680434782608705
0 0.3045652173913043 0.8837934782608696 0.06061141304347828 0.22815217391304357
0 0.3857472826086957 0.8847608695652174 0.06514945652173919 0.22778260869565212
0 0.28519021739130435 0.31103260869565214 0.04058423913043479 0.2651413043478261
0 0.7159374999999999 0.3068804347826087 0.05222826086956529 0.2609891304347826
0 0.6076086956521739 0.30785869565217394 0.05279891304347828 0.26733695652173917
0 0.4269429347826087 0.6166956521739131 0.06493206521739125 0.2736847826086956
0 0.7196059782608696 0.8784130434782609 0.0661413043478261 0.22399999999999992
0 0.5569429347826087 0.30419565217391303 0.05951086956521733 0.27319565217391306
0 0.4312092391304348 0.30248913043478265 0.04836956521739134 0.28076086956521745
0 0.672608695652174 0.6298804347826087 0.046046195652173896 0.2646521739130435
0 0.6347690217391304 0.61475 0.05917119565217385 0.2839347826086957
0 0.37597826086956526 0.29443478260869566 0.05298913043478261 0.2971195652173913
0 0.7623233695652175 0.3037065217391305 0.05123641304347831 0.26318478260869566
0 0.4330434782608696 0.8845543478260869 0.06614130434782602 0.23089130434782618
0 0.20339673913043477 0.31079347826086956 0.04543478260869565 0.26806521739130434
0 0.24399456521739132 0.31128260869565216 0.046046195652173896 0.2678260869565217
0 0.3396603260869565 0.8823260869565217 0.06408967391304346 0.23022826086956516
0 0.4641711956521739 0.6157173913043479 0.04779891304347819 0.2644021739130435
0 0.32410326086956526 0.2915 0.04908967391304351 0.30713043478260876
0 0.7061820652173914 0.6152391304347826 0.059279891304347895 0.273195652173913
0 0.21637228260869565 0.8789021739130435 0.0640896739130435 0.22509782608695644
0 0.5224592391304348 0.8823260869565217 0.052907608695652246 0.22680434782608705
0 0.6179755434782609 0.8823260869565217 0.05298913043478261 0.22888043478260864