0 0.36640625 0.1359375 0.41328125 0.08984375
0 0.36328125 0.23046875 0.40859375 0.109375
0 0.36796875 0.3453125 0.39765625 0.14375
0 0.3625 0.05546875 0.421875 0.1109375
0 0.70390625 0.35390625 0.275 0.078125
0 0.8315197 0.48365962187499995 0.8342714203125 0.4253615125 0.567354596875 0.45875862031250003 0.5643527203125001 0.5227886546875 0.8315197 0.48365962187499995
0 0.5653533453125 0.6277285874999999 0.566604128125 0.5321468296874999 0.1941213265625 0.6046062296875 0.2031269546875 0.716660734375 0.5653533453125 0.6277285874999999
0 0.8355222015624999 0.48721690781250004 0.5816135078125 0.5392658515625001 0.57736085 0.6010489437500001 0.832520325 0.5352391546875 0.8355222015624999 0.48721690781250004
0 0.8365228265625 0.5459110125 0.5966228890624999 0.6327030031249999 0.5963727328124999 0.7042102328125 0.8295184484375 0.608163515625 0.8365228265625 0.5459110125
0 0.825515946875 0.6597441609375 0.599124453125 0.76618465 0.59237023125 0.8376073421875001 0.823514696875 0.73622580625 0.825515946875 0.6597441609375
0 0.5653533453125 0.6295072296875001 0.16135084375 0.7439377078125 0.16410256406249998 0.8785161296874999 0.5633520953125 0.7415617359375 0.5653533453125 0.6295072296875001
0 0.567354596875 0.7540122359375 0.1738586609375 0.8796440484374999 0.21313320781249998 0.9988876531249999 0.5713570984375 0.841164628125 0.567354596875 0.7540122359375
0 0.5643527203125001 0.389391546875 0.16510318906250002 0.42580645156249997 0.166103815625 0.5299032265625 0.56135084375 0.45875862031250003 0.5643527203125001 0.389391546875
0 0.823514696875 0.2008553953125 0.5628517828125 0.196662959375 0.5583489687500001 0.2595506125 0.81751094375 0.252436040625 0.823514696875 0.2008553953125
0 0.8415259531249999 0.2613292546875 0.5903689812499999 0.281201334375 0.59237023125 0.334253615625 0.8375234515625 0.318245828125 0.8415259531249999 0.2613292546875