0 0.558125 0.10411132812499999 0.038257575757575844 0.10052734375
0 0.7926136363636364 0.501904296875 0.05467803030303031 0.1387695312499999
0 0.6202840909090909 0.106064453125 0.049678030303030335 0.097197265625
0 0.0881060606060606 0.31740234375 0.053825757575757555 0.11733398437499998
0 0.060492424242424236 0.103916015625 0.03746212121212122 0.10508789062500001
0 0.7562310606060606 0.09857421875 0.0343371212121212 0.103583984375
0 0.38780303030303026 0.107236328125 0.03695075757575756 0.09804687499999998
0 0.3360037878787879 0.5112890625 0.039299242424242424 0.11648437499999997
0 0.46259469696969696 0.104892578125 0.05160984848484849 0.099609375
0 0.14268939393939395 0.3155859375 0.050151515151515134 0.11935546875000003
0 0.09770833333333334 0.104697265625 0.03746212121212122 0.10287109375
0 0.45375 0.5136328125 0.04683712121212125 0.12104492187500004
0 0.5657007575757576 0.3155859375 0.06835227272727279 0.11524414062499999
0 0.4201515151515152 0.106259765625 0.03884469696969695 0.097529296875
0 0.2053598484848485 0.105478515625 0.035037878787878785 0.101044921875
0 0.9240151515151515 0.09147460937500002 0.04111742424242431 0.1170703125
0 0.8648863636363637 0.501904296875 0.06172348484848491 0.13394531250000008
0 0.8487121212121213 0.089384765625 0.04475378787878787 0.12312499999999998
0 0.8866287878787878 0.095966796875 0.0404356060606061 0.10768554687500001
0 0.708219696969697 0.104697265625 0.028882575757575756 0.094267578125
0 0.526780303030303 0.50060546875 0.06267045454545461 0.14189453124999996
0 0.22178030303030302 0.324443359375 0.038977272727272694 0.09980468750000004
0 0.5839015151515152 0.104501953125 0.023541666666666572 0.09928710937499999
0 0.15304924242424242 0.106064453125 0.029905303030303015 0.101044921875
0 0.15570075757575758 0.499296875 0.049678030303030286 0.1387695312499999
0 0.5111174242424242 0.100458984375 0.03462121212121207 0.10541015625
0 0.71125 0.50998046875 0.04274621212121221 0.12482421874999994
0 0.005681818181818182 0.31787109375 0.011363636363636364 0.1123046875
0 0.745625 0.51154296875 0.054772727272727195 0.11999999999999988
0 0.3031439393939394 0.10743164062500002 0.031685606060606095 0.095634765625
0 0.35950757575757575 0.106259765625 0.031212121212121247 0.0966796875
0 0.46562500000000007 0.753115234375 0.028996212121212016 0.132578125
0 0.27560606060606063 0.3202734375 0.054772727272727306 0.11211914062500006
0 0.815871212121212 0.7520703125 0.055909090909090874 0.133291015625
0 0.1928409090909091 0.5112890625 0.03808712121212124 0.12416992187500009
0 0.02511363636363636 0.104892578125 0.035151515151515156 0.09909179687499997
0 0.32196969696969696 0.95166015625 0.03787878787878788 0.0966796875
0 0.6091666666666666 0.310888671875 0.04977272727272722 0.12248046874999996
0 0.4378409090909091 0.7520703125 0.031079545454545394 0.133291015625
0 0.08948863636363637 0.50919921875 0.045075757575757595 0.12592773437500004
0 0.18589015151515154 0.319755859375 0.039678030303030284 0.10918945312500006
0 0.473219696969697 0.320009765625 0.05414772727272733 0.11016601562500006
0 0.3028977272727273 0.5097265625 0.030492424242424286 0.11368164062500008
0 0.1253787878787879 0.107236328125 0.025719696969696993 0.10175781249999999
0 0.6596969696969697 0.10274414062499998 0.02363636363636367 0.098759765625
0 0.7006439393939394 0.741650390625 0.05581439393939399 0.1507519531249999
0 0.017992424242424244 0.50634765625 0.03598484848484849 0.1259765625
0 0.7683522727272727 0.31505859375 0.0672159090909091 0.11485351562500001
0 0.029299242424242422 0.31896484375 0.028882575757575756 0.11446289062500004
0 0.6809280303030303 0.10215820312500001 0.02410984848484852 0.098759765625
0 0.5050568181818182 0.7458203125 0.05303030303030303 0.14606445312499994
0 0.6571780303030303 0.50529296875 0.05799242424242425 0.1407226562499999
0 0.5146590909090909 0.3187109375 0.05518939393939391 0.107294921875
0 0.15267045454545455 0.753115234375 0.04176136363636366 0.13238281249999995
0 0.816875 0.08815429687499998 0.03291666666666666 0.127685546875
0 0.36178030303030306 0.320537109375 0.045265151515151474 0.11153320312500004
0 0.7314583333333333 0.100986328125 0.021628787878787803 0.09895507812499998
0 0.2700378787878788 0.749462890625 0.05742424242424241 0.13655273437499993
0 0.3915909090909091 0.51232421875 0.03037878787878792 0.12443359375000007
0 0.904810606060606 0.313759765625 0.04729166666666672 0.11075195312499997
0 0.650094696969697 0.741650390625 0.06172348484848491 0.15414062499999992
0 0.6839583333333333 0.3194921875 0.050852272727272774 0.11036132812499999
0 0.4244507575757576 0.3202734375 0.05666666666666659 0.10938476562499999
0 0.3347348484848485 0.106650390625 0.033446969696969746 0.09739257812499999
0 0.17518939393939395 0.9521484375 0.04734848484848485 0.095703125
0 0.9396969696969696 0.314013671875 0.045511363636363586 0.11192382812500001
0 0.8269886363636363 0.5105078125 0.03780303030303037 0.11896484374999994
0 0.8669128787878788 0.7536328125 0.051041666666666756 0.130361328125
0 0.20928030303030304 0.95166015625 0.043560606060606064 0.0966796875
0 0.1196969696969697 0.50919921875 0.03357954545454544 0.12462890625000012
0 0.787064393939394 0.09466796875 0.028125000000000042 0.10860351562499998
0 0.5753030303030303 0.751552734375 0.055587121212121254 0.13538085937499988
0 0.05776515151515151 0.9501953125 0.0625 0.099609375
0 0.13731060606060605 0.9521484375 0.04734848484848485 0.095703125
0 0.25918560606060603 0.113427734375 0.02534090909090908 0.08951171875000002
0 0.714280303030303 0.3194921875 0.044412878787878876 0.10768554687499998
0 0.2897727272727273 0.953125 0.041666666666666664 0.09375
0 0.1852651515151515 0.1088671875 0.022670454545454598 0.10175781250000002
0 0.37339015151515154 0.5112890625 0.0217234848484849 0.12163085937499996
0 0.23958333333333334 0.95263671875 0.03977272727272727 0.0947265625
0 0.27964015151515154 0.115966796875 0.030132575757575806 0.08084960937500002
0 0.7698674242424243 0.749462890625 0.04905303030303026 0.1374609375
0 0.3258901515151515 0.314794921875 0.039204545454545436 0.11974609375
0 0.821969696969697 0.94580078125 0.056818181818181816 0.1083984375
0 0.2356818181818182 0.511806640625 0.022481060606060616 0.12228515625000003
0 0.33700757575757573 0.75259765625 0.03808712121212124 0.13420898437500006
0 0.9012689393939394 0.75416015625 0.04380681818181839 0.13055664062500005
0 0.27611742424242425 0.5144140625 0.027594696969696957 0.11752929687499991
0 0.4095265151515151 0.754677734375 0.02876893939393939 0.1314648437499999
0 0.4308712121212121 0.9521484375 0.04734848484848485 0.095703125
0 0.3702651515151515 0.95263671875 0.03598484848484849 0.0947265625
0 0.22253787878787878 0.75259765625 0.035416666666666645 0.13211914062499996
0 0.6359469696969696 0.320791015625 0.04210227272727276 0.107294921875
0 0.41409090909090907 0.503466796875 0.02291666666666671 0.13628906249999995
0 0.9528219696969698 0.736435546875 0.05799242424242403 0.15987304687500004
0 0.7689393939393939 0.95361328125 0.056818181818181816 0.0927734375
0 0.4668560606060606 0.95166015625 0.04734848484848485 0.0966796875
0 0.4868560606060606 0.514150390625 0.024867424242424233 0.11570312500000002
0 0.5729166666666666 0.9404296875 0.06628787878787878 0.119140625
0 0.8724621212121213 0.31740234375 0.046060606060606156 0.10918945312499995
0 0.1900757575757576 0.7551953125 0.03420454545454546 0.13055664062500005
0 0.026515151515151516 0.947265625 0.05303030303030303 0.10546875
0 0.9611742424242424 0.95263671875 0.05113636363636364 0.0947265625
0 0.2523484848484849 0.5120703125 0.022215909090909126 0.11667968750000002
0 0.038446969696969695 0.7505078125 0.0343371212121212 0.13302734375000003
0 0.38198863636363634 0.746865234375 0.027594696969696957 0.14292968750000012
0 0.7395454545454546 0.7458203125 0.036515151515151466 0.14749023437499997
0 0.05564393939393941 0.317666015625 0.022140151515151512 0.11368164062499997
0 0.8948863636363636 0.95263671875 0.043560606060606064 0.0947265625
0 0.08975378787878788 0.756240234375 0.030265151515151495 0.127685546875
0 0.5950189393939395 0.51154296875 0.03026515151515155 0.12189453124999994
0 0.3484848484848485 0.953125 0.03409090909090909 0.09375