0 0.26484375 0.87265625 0.5296875 0.04765625
0 0.75234375 0.978125 0.48671875 0.034375
0 0.7578125 0.21796875 0.48359375 0.0375
0 0.8171875 0.70703125 0.365625 0.06015625
0 0.1984375 0.978125 0.396875 0.0359375
0 0.83515625 0.47265625 0.32890625 0.05234375
0 0.85234375 0.34609375 0.2953125 0.0390625
0 0.65 0.9328125 0.35859375 0.04921875
0 1 0.85177476875 0.6072543390625 0.8717806578125 0.6036935921875 0.9054835656250001 1 0.9003742062500001 1 0.85177476875
0 0.633956609375 0.72011946875 0.13551401875 0.6931573953125 0.12305273750000001 0.73360050625 0.635736315625 0.7591656125 0.633956609375 0.72011946875
0 0.012683578125 0.48588622031249995 0.009123498437499999 0.571828065625 0.617935246875 0.5884955749999999 0.6161548734375 0.501052465625 0.012683578125 0.48588622031249995
0 0.4043170890625 0.74876611875 0.4060967953125 0.7942648546875 0.695816421875 0.8160556265625001 0.6944813078125 0.768987990625 0.4043170890625 0.74876611875
0 0.12305273750000001 0.2583938046875 0.1248331109375 0.317373578125 0.6713397859375 0.34407901406249997 0.6659993328125 0.268504425 0.12305273750000001 0.2583938046875
0 0 0.2129660796875 0.49332443281250005 0.226085334375 0.4968845125 0.185932996875 0 0.16414364374999998 0 0.2129660796875
0 0.4007563421875 0.3443356515625 0.4007563421875 0.3679273078125 0.9227857140625 0.386219975 0.9205607484374999 0.3611864734375 0.4007563421875 0.3443356515625
0 0.678459946875 0.44038748437499997 0.13551401875 0.42185145312500005 0.1301735640625 0.48083059375000003 0.6713397859375 0.5 0.678459946875 0.44038748437499997
0 1 0.7587987453125 0.9988871828124999 0.73360050625 0.6428571421875 0.72011946875 0.6428571421875 0.7605625796875 1 0.7738897546875 1 0.7587987453125
0 1 0.7790869078125 0.7122830437500001 0.774043615625 0.7122830437500001 0.8465037921875 1 0.8496867781249999 1 0.7790869078125
0 0.3971962609375 0.745396334375 0.0037830437500000003 0.745396334375 0.00556275 0.7807838171875 0.4043170890625 0.7949854609375 0.3971962609375 0.745396334375
0 0.662438584375 0.81448609375 0.09991121562500001 0.7959500625 0.09457009375 0.8330227562499999 0.6579886515625 0.8603034140625001 0.662438584375 0.81448609375
0 1 0.39316664375 0.562750334375 0.3864633375 0.5645307078124999 0.43196207343750004 1 0.4449970125 1 0.39316664375
0 0.0037830437500000003 0.36287168125 0.0037830437500000003 0.40837041718749995 0.5422783718749999 0.4325745890625 0.5502890515625001 0.388148546875 0.0037830437500000003 0.36287168125
0 0.156875834375 0.5819386859375 0.15509546093749998 0.6560840703124999 0.5178017359375 0.6664557515625 0.52536715625 0.5971049296875 0.156875834375 0.5819386859375
0 1 0.24151852499999998 0.48798397812500005 0.23985714218749998 0.48620360468749996 0.27356005 1 0.272441403125 1 0.24151852499999998
0 0.482643525 0.23985714218749998 0.000222296875 0.2213211125 0.0020026703125 0.26344943125000003 0.47774833125000005 0.27033312187499997 0.482643525 0.23985714218749998
0 0.6677790390625 0.13706447500000002 0.15509546093749998 0.106731984375 0.1586562078125 0.16065613125 0.662438584375 0.1860512015625 0.6677790390625 0.13706447500000002
0 1 0.135514925 0.6891408546875 0.1454898859375 0.6891408546875 0.197728825 1 0.1903863765625 1 0.135514925
0 1 0.041027828125 0.4808631515625 0.0443824265625 0.48620360468749996 0.0713445 0.99621695625 0.080699746875 1 0.056603925 1 0.041027828125
0 0.142634846875 0.059548671875 0.13551401875 0.09493615625 0.63796195 0.1333754734375 0.633956609375 0.0865107453125 0.142634846875 0.059548671875