0 0.5963688212927757 0.08311394891944988 0.038403041825095144 0.10111984282907661
0 0.8317490494296578 0.4832514734774067 0.05488593155893537 0.13958742632612958
0 0.6587642585551331 0.08507858546168959 0.049866920152091286 0.09777013752455796
0 0.12456273764258555 0.29766208251473475 0.05403041825095055 0.11802554027504909
0 0.09684410646387832 0.08291748526522592 0.03760456273764259 0.1057072691552063
0 0.7952281368821293 0.0775442043222004 0.03446768060836501 0.10419449901768173
0 0.4253992395437262 0.0862573673870334 0.037091254752851695 0.0986247544204322
0 0.37340304182509504 0.4926915520628683 0.03944866920152091 0.11717092337917483
0 0.5004752851711026 0.08389980353634577 0.05180608365019011 0.10019646365422397
0 0.1793536121673004 0.2958349705304519 0.050342205323193896 0.12005893909626722
0 0.13420152091254753 0.08370333988212181 0.03760456273764259 0.10347740667976425
0 0.4915969581749049 0.49504911591355605 0.04701520912547532 0.12175834970530457
0 0.6039733840304182 0.2958349705304519 0.06861216730038029 0.11592337917485264
0 0.4578707224334601 0.08527504911591356 0.038992395437262344 0.09810412573673871
0 0.24226235741444868 0.08448919449901769 0.03517110266159696 0.10164047151277014
0 0.9636501901140684 0.07040275049115916 0.0412737642585552 0.11776031434184675
0 0.9042965779467681 0.4832514734774067 0.06195817490494303 0.13473477406679774
0 0.8880608365019012 0.06830058939096267 0.044923954372623566 0.12385068762278977
0 0.9261216730038022 0.0749214145383104 0.040589353612167346 0.10832023575638508
0 0.7470342205323194 0.08370333988212181 0.02899239543726236 0.09482318271119843
0 0.5649049429657794 0.4819449901768173 0.06290874524714835 0.14273084479371312
0 0.25874524714828895 0.30474459724950886 0.039125475285171074 0.10039292730844798
0 0.6222433460076046 0.08350687622789785 0.02363117870722424 0.09987229862475441
0 0.18975285171102663 0.08507858546168959 0.03001901140684409 0.10164047151277014
0 0.19241444866920152 0.4806286836935167 0.04986692015209124 0.13958742632612958
0 0.5491825095057035 0.07944007858546169 0.034752851711026565 0.10603143418467584
0 0.7500760456273765 0.4913752455795678 0.04290874524714838 0.12555992141453826
0 0.030038022813688215 0.29844793713163065 0.03861216730038022 0.11297642436149312
0 0.7845817490494297 0.4929469548133596 0.05498098859315582 0.12070726915520617
0 0.3404182509505703 0.08645383104125738 0.03180608365019015 0.09619842829076622
0 0.39699619771863115 0.08527504911591356 0.031330798479087485 0.09724950884086445
0 0.5035171102661598 0.7359430255402751 0.029106463878326893 0.13335952848722984
0 0.31277566539923957 0.3005500982318271 0.05498098859315592 0.11277996070726921
0 0.8550950570342205 0.7348919449901768 0.05612167300380225 0.13407662082514735
0 0.22969581749049428 0.4926915520628683 0.038231939163498124 0.1249017681728881
0 0.06133079847908745 0.08389980353634577 0.0352851711026616 0.09967583497053042
0 0.3593155893536122 0.943516699410609 0.03802281368821293 0.11296660117878192
0 0.6476045627376426 0.29111001964636546 0.049961977186311735 0.12320235756385065
0 0.4756273764258555 0.7348919449901768 0.031197718631178647 0.13407662082514735
0 0.12595057034220533 0.49058939096267185 0.04524714828897341 0.1266699410609038
0 0.22271863117870724 0.3000294695481336 0.03982889733840302 0.10983300589390968
0 0.5111406844106464 0.30028487229862477 0.05435361216730044 0.11081532416502952
0 0.34017110266159695 0.49111984282907667 0.03060836501901145 0.11435166994106098
0 0.1619771863117871 0.0862573673870334 0.025817490494296602 0.10235756385068762
0 0.6983269961977187 0.0817387033398821 0.0237262357414449 0.0993418467583497
0 0.7394296577946768 0.7244106090373281 0.0560266159695818 0.15164047151277002
0 0.05239543726235742 0.48823182711198426 0.04003802281368822 0.12732809430255393
0 0.8073954372623574 0.29530451866404717 0.06747148288973386 0.11553045186640473
0 0.06553231939163498 0.29923379174852655 0.02899239543726236 0.11513752455795681
0 0.7196387832699619 0.08114931237721022 0.024201520912547562 0.0993418467583497
0 0.5430988593155894 0.7286051080550099 0.053231939163498096 0.14692534381139483
0 0.6957984790874525 0.4866601178781925 0.058212927756654 0.14155206286836927
0 0.5527376425855514 0.29897838899803536 0.05539923954372621 0.10792730844793713
0 0.18937262357414447 0.7359430255402751 0.04192015209125478 0.13316306483300583
0 0.8561026615969581 0.06706286836935166 0.03304182509505703 0.12843811394891946
0 0.39927756653992397 0.3008153241650295 0.0454372623574144 0.11219056974459729
0 0.770361216730038 0.0799705304518664 0.021711026615969502 0.09953831041257366
0 0.3071863117870723 0.7322691552062869 0.05764258555133078 0.13735756385068756
0 0.4292015209125475 0.4937328094302554 0.030494296577946806 0.12516699410609045
0 0.9443726235741445 0.29399803536345775 0.04747148288973389 0.11140471512770135
0 0.6886882129277566 0.7244106090373281 0.06195817490494303 0.1550491159135559
0 0.722680608365019 0.29976424361493126 0.0510456273764259 0.11101178781925343
0 0.46218631178707226 0.3005500982318271 0.05688212927756646 0.11002946954813358
0 0.37212927756653996 0.08566797642436148 0.03357414448669206 0.09796660117878192
0 0.21197718631178708 0.944007858546169 0.04752851711026616 0.11198428290766209
0 0.9781368821292775 0.293713163064833 0.043726235741444866 0.11198428290766209
0 0.8662547528517109 0.4919056974459725 0.03794676806083657 0.11966601178781919
0 0.9063307984790875 0.7364636542239686 0.051235741444867006 0.13112966601178783
0 0.2461977186311787 0.943516699410609 0.043726235741444866 0.11296660117878192
0 0.15627376425855513 0.49058939096267185 0.033707224334600744 0.12536345776031446
0 0.8261787072243346 0.07361493123772102 0.028231939163498143 0.1092436149312377
0 0.6136121673003803 0.7343713163064833 0.055798479087452516 0.1361787819253437
0 0.094106463878327 0.9420432220039293 0.06273764258555133 0.11591355599214145
0 0.17395437262357413 0.944007858546169 0.04752851711026616 0.11198428290766209
0 0.29629277566539924 0.09248526522593321 0.02543726235741444 0.09003929273084482
0 0.7531178707224334 0.29976424361493126 0.04458174904942974 0.10832023575638505
0 0.3269961977186312 0.9449901768172888 0.04182509505703422 0.1100196463654224
0 0.22209125475285169 0.08789783889980354 0.02275665399239549 0.10235756385068764
0 0.4109315589353612 0.4926915520628683 0.021806083650190166 0.12234774066797638
0 0.27661596958174905 0.9444990176817288 0.039923954372623575 0.11100196463654224
0 0.3168250950570342 0.0950392927308448 0.03024714828897343 0.08132612966601181
0 0.8089163498098859 0.7322691552062869 0.0492395437262357 0.13827111984282905
0 0.3632509505703422 0.29503929273084484 0.03935361216730036 0.12045186640471513
0 0.01806083650190114 0.48428290766208254 0.03612167300380228 0.13555992141453832
0 0.8612167300380228 0.93762278978389 0.057034220532319393 0.12475442043222004
0 0.27269961977186313 0.4932121807465619 0.022566539923954382 0.12300589390962674
0 0.37441064638783267 0.7354223968565815 0.038231939163498124 0.13500000000000006
0 0.9408174904942966 0.7369941060903733 0.04397338403041846 0.13132612966601184
0 0.3132889733840304 0.49583497053045184 0.027699619771863106 0.118222003929273
0 0.4472053231939163 0.7375147347740668 0.028878326996197714 0.13223968565815314
0 0.4686311787072243 0.944007858546169 0.04752851711026616 0.11198428290766209
0 0.40779467680608367 0.9444990176817288 0.03612167300380228 0.11100196463654224
0 0.25950570342205326 0.7354223968565815 0.03555133079847907 0.1328978388998035
0 0.674486692015209 0.3010707269155206 0.042262357414448705 0.10792730844793713
0 0.45178707224334597 0.4848231827111984 0.023003802281368866 0.1370923379174852
0 0.9809885931558935 0.7185658153241651 0.03802281368821293 0.16011787819253437
0 0.8079847908745247 0.9454813359528488 0.057034220532319393 0.10903732809430255
0 0.5047528517110266 0.943516699410609 0.04752851711026616 0.11296660117878192
0 0.5248288973384031 0.4955697445972495 0.02496197718631178 0.116385068762279
0 0.6112167300380228 0.9322200392927309 0.06653992395437262 0.13555992141453832
0 0.9119011406844107 0.29766208251473475 0.046235741444867015 0.10983300589390957
0 0.22692015209125477 0.7380353634577603 0.03433460076045628 0.13132612966601184
0 0.05608365019011407 0.9390962671905697 0.06653992395437262 0.12180746561886051
0 0.02680608365019012 0.08730844793713162 0.020247148288973393 0.09724950884086445
0 0.9876425855513308 0.9444990176817288 0.024714828897338403 0.11100196463654224
0 0.28942965779467683 0.49347740667976425 0.022300380228136917 0.11736738703339884
0 0.0747148288973384 0.733320235756385 0.03446768060836501 0.13381139489194502
0 0.41956273764258556 0.7296561886051081 0.027699619771863106 0.1437721021611003
0 0.7784790874524715 0.7286051080550099 0.03665399239543721 0.14835952848722983
0 0.09197718631178708 0.29792730844793713 0.022224334600760454 0.11435166994106087
0 0.9344106463878327 0.9444990176817288 0.043726235741444866 0.11100196463654224
0 0.1262167300380228 0.7390864440078585 0.03038022813688211 0.12843811394891946
0 0.6334030418250951 0.4929469548133596 0.030380228136882164 0.12261296660117872
0 0.38593155893536124 0.9449901768172888 0.034220532319391636 0.1100196463654224