0 0.5241764705882352 0.1301655629139073 0.9034705882352941 0.07829470198675495
0 0.5321764705882353 0.1920860927152318 0.890764705882353 0.04283112582781458
0 0.5100294117647058 0.627864238410596 0.8832058823529413 0.043228476821192074
0 0.5338235294117647 0.3882450331125828 0.9323529411764706 0.06788079470198675
0 0.5293529411764706 0.7933278145695365 0.9223235294117647 0.09127483443708609
0 0.4973235294117647 0.5880960264900662 0.9034705882352941 0.048990066225165614
0 0.5382941176470589 0.24975165562913906 0.9128823529411765 0.0800165562913907
0 0.5166470588235293 0.4430629139072848 0.907235294117647 0.039933774834437094
0 0.5109705882352941 0.6745364238410596 0.8850882352941176 0.05973509933774841
0 0.5378235294117647 0.30968543046357616 0.8926470588235295 0.04201986754966887
0 0.5180588235294117 0.7339403973509934 0.890764705882353 0.0638410596026491
0 0.5274705882352941 0.8691721854304636 0.8832058823529413 0.06745033112582784
0 0.5382941176470588 0.9402317880794702 0.9015882352941177 0.09240066225165554
0 0.5293529411764706 0.3605960264900662 0.8700294117647059 0.03447019867549668
0 0.5317058823529411 0.34044701986754966 0.8252647058823529 0.03281456953642383
0 0.5251176470588235 0.10019867549668873 0.907235294117647 0.028625827814569522