0 0.2622822822822823 0.6141826923076923 0.06525525525525522 0.30209134615384603
0 0.5352852852852853 0.6147235576923078 0.04699699699699693 0.29966346153846146
0 0.3194444444444444 0.6055408653846153 0.06588588588588588 0.30046875
0 0.36228228228228226 0.6044591346153846 0.063948948948949 0.30614182692307695
0 0.4617117117117117 0.8870192307692307 0.05855855855855856 0.22596153846153846
0 0.5764264264264264 0.6066225961538462 0.054039039039039054 0.30424278846153857
0 0.6573723723723723 0.2651201923076923 0.06003003003003006 0.29156250000000006
0 0.4543393393393393 0.24460336538461538 0.048558558558558604 0.3242307692307692
0 0.4874024024024024 0.6028485576923077 0.05881381381381375 0.31262019230769245
0 0.4985285285285285 0.24486778846153848 0.04181681681681685 0.3244951923076923
0 0.21696696696696696 0.8852163461538461 0.06756756756756757 0.22956730769230768
0 0.26651651651651653 0.8870192307692307 0.06756756756756757 0.22596153846153846
0 0.35585585585585583 0.8876201923076923 0.07207207207207207 0.2247596153846154
0 0.24609609609609612 0.2670072115384615 0.044849849849849854 0.29318509615384625
0 0.722117117117117 0.26241586538461537 0.0577177177177178 0.28859375000000004
0 0.6024024024024024 0.26349759615384616 0.05834834834834837 0.2956129807692308
0 0.4027477477477478 0.605 0.0717567567567567 0.3026322115384615
0 0.7252252252252253 0.8852163461538461 0.07207207207207207 0.22956730769230768
0 0.5464114114114115 0.2594471153846154 0.06576576576576569 0.3020913461538462
0 0.4074624624624625 0.2575600961538462 0.05345345345345349 0.31045673076923086
0 0.6742342342342342 0.6195793269230769 0.05088588588588586 0.2926442307692308
0 0.6324174174174174 0.6028485576923077 0.06539039039039032 0.31396634615384617
0 0.34642642642642646 0.24865384615384614 0.05855855855855856 0.3285456730769231
0 0.7733783783783784 0.25890625 0.056621621621621675 0.2910216346153846
0 0.4091591591591592 0.8864182692307693 0.07357357357357357 0.22716346153846154
0 0.1557057057057057 0.2667427884615385 0.05021021021021021 0.29641826923076925
0 0.2005705705705706 0.2672836538461538 0.05088588588588586 0.2961538461538461
0 0.3055555555555556 0.8852163461538461 0.07057057057057058 0.22956730769230768
0 0.4438888888888889 0.6039182692307693 0.052822822822822746 0.29236778846153844
0 0.28909909909909914 0.24540865384615385 0.054249249249249246 0.3396153846153847
0 0.7113363363363363 0.603389423076923 0.06551051051051067 0.30209134615384603
0 0.16891891891891891 0.8852163461538461 0.07057057057057058 0.22956730769230768
0 0.5082582582582582 0.8864182692307693 0.05855855855855856 0.22716346153846154
0 0.6133633633633634 0.8858173076923077 0.05855855855855856 0.2283653846153846