0 0.6289037037037037 0.6079083333333334 0.03783703703703698 0.16052500000000008
0 0.6753481481481481 0.34569999999999995 0.034592592592592626 0.15002499999999996
0 0.8489629629629629 0.3444833333333333 0.03714074074074065 0.14807500000000004
0 0.7981777777777778 0.6064416666666667 0.04327407407407413 0.16296666666666662
0 0.3012148148148148 0.9339583333333333 0.031733333333333356 0.13208333333333333
0 0.31792592592592595 0.6079083333333334 0.047392592592592604 0.1618666666666667
0 0.7777777777777778 0.34569999999999995 0.039925925925926 0.14905000000000002
0 0.8789037037037037 0.34668333333333334 0.029837037037037186 0.14758333333333334
0 0.5798666666666668 0.3474083333333333 0.044844444444444416 0.151975
0 0.6280444444444444 0.34790000000000004 0.04820740740740735 0.15149166666666664
0 0.8567703703703704 0.9252916666666666 0.0473037037037038 0.14294166666666683
0 0.7439259259259259 0.3444833333333333 0.033362962962962935 0.1507583333333333
0 0.40841481481481484 0.34424166666666667 0.03900740740740747 0.151975
0 0.7135407407407407 0.6054666666666666 0.03917037037037045 0.1643083333333334
0 0.7526074074074074 0.6059583333333333 0.03955555555555562 0.16394166666666668
0 0.5503407407407408 0.6064416666666667 0.045037037037037 0.15979166666666667
0 0.7091999999999999 0.92725 0.041718518518518474 0.13867499999999988
0 0.9045185185185185 0.3439916666666667 0.03955555555555562 0.14978333333333335
0 0.9401037037037038 0.6064416666666667 0.042044444444444606 0.15734999999999993
0 0.41819259259259256 0.6059583333333333 0.04758518518518519 0.1621083333333333
0 0.8138074074074075 0.34424166666666667 0.03388148148148132 0.151975
0 0.5052148148148148 0.6054666666666666 0.04038518518518517 0.15979166666666667
0 0.367837037037037 0.6069333333333333 0.048400000000000026 0.1618666666666667
0 0.025822222222222222 0.328125 0.051644444444444444 0.18359166666666663
0 0.1507111111111111 0.771 0.28081481481481485 0.014841666666666621
0 0.7087703703703704 0.3444833333333333 0.03426666666666666 0.14782499999999998
0 0.3437037037037037 0.9325 0.056296296296296296 0.135
0 0.8441777777777778 0.6064416666666667 0.0473037037037038 0.1634499999999999
0 0.5381925925925926 0.346925 0.033362962962962935 0.14929166666666666
0 0.7513037037037037 0.9243166666666667 0.04511111111111118 0.13867499999999988
0 0.0644 0.609375 0.04758518518518519 0.15942499999999996
0 0.14594074074074076 0.7470666666666667 0.2881925925925926 0.016400000000000053
0 0.8537333333333333 0.798825 0.28450370370370365 0.02669999999999997
0 0.3687111111111111 0.34521666666666667 0.03754074074074074 0.15454166666666672
0 0.15788148148148148 0.6098666666666667 0.04360000000000001 0.15819999999999992
0 0.07915555555555555 0.34180000000000005 0.05653333333333332 0.15710833333333332
0 0.22102222222222223 0.34496666666666664 0.039762962962962924 0.15002499999999996
0 0.25303703703703706 0.9326166666666668 0.03315555555555555 0.13073333333333342
0 0.6718814814814814 0.6059583333333333 0.0436740740740741 0.16504166666666664
0 0.2979555555555556 0.342775 0.03805925925925926 0.15405000000000002
0 0.11306666666666666 0.609375 0.044592592592592586 0.1584499999999999
0 0.38411851851851847 0.9311500000000001 0.03008888888888885 0.13049166666666678
0 0.8958370370370371 0.930025 0.04400000000000007 0.13995000000000005
0 0.4670074074074074 0.6054666666666666 0.04060740740740736 0.16027499999999995
0 0.1209925925925926 0.3413083333333333 0.03315555555555555 0.15710833333333332
0 0.28103703703703703 0.6088833333333333 0.03718518518518522 0.15942499999999996
0 0.15125925925925926 0.7583000000000001 0.28450370370370376 0.015074999999999932
0 0.9782962962962963 0.6054666666666666 0.04106666666666671 0.15710833333333332
0 0.7118074074074074 0.07922499999999999 0.07220740740740741 0.14099166666666665
0 0.1507111111111111 0.7929666666666666 0.28211851851851855 0.016724999999999948
0 0.4674518518518518 0.9291999999999999 0.06776296296296298 0.1368416666666667
0 0.5004296296296297 0.23400833333333335 0.30402962962962965 0.02469999999999999
0 0.9444444444444444 0.3439916666666667 0.043348148148148136 0.1545416666666666
0 0.1505037037037037 0.33984166666666665 0.0374962962962963 0.15685833333333335
0 0.21331851851851852 0.07397499999999999 0.07047407407407406 0.14563333333333334
0 0.1477925925925926 0.8315416666666667 0.2858074074074074 0.019458333333333258
0 0.24174814814814816 0.609375 0.04204444444444444 0.15819999999999992
0 0.20192592592592595 0.6088833333333333 0.04053333333333335 0.1584500000000001
0 0.8914962962962962 0.6069333333333333 0.0509481481481483 0.1643083333333334
0 0.2823407407407408 0.07500833333333334 0.05783703703703707 0.145875
0 0.1149037037037037 0.9311500000000001 0.04399999999999999 0.1325666666666666
0 0.44336296296296296 0.3481416666666666 0.03374814814814811 0.14587499999999995
0 0.02208888888888889 0.61035 0.041970370370370366 0.1605249999999999
0 0.3329037037037037 0.34595 0.0362962962962963 0.15149166666666664
0 0.14463703703703704 0.8129916666666667 0.28342222222222224 0.023333333333333334
0 0.25933333333333336 0.34204166666666663 0.035407407407407374 0.15283333333333332
0 0.8324592592592592 0.2534166666666667 0.31662222222222225 0.035
0 0.6605925925925925 0.9301750000000001 0.06005925925925921 0.1313499999999999
0 0.1505037037037037 0.07434166666666667 0.05037037037037037 0.14440833333333333
0 0.2243851851851852 0.9306666666666666 0.03453333333333334 0.13293333333333332
0 0.27451851851851855 0.9306666666666666 0.02927407407407406 0.1296416666666668
0 0.15874074074074074 0.47705000000000003 0.31205925925925926 0.020641666666666652
0 0.9809037037037037 0.34106666666666663 0.036622222222222264 0.16296666666666662
0 0.8506962962962963 0.7587916666666666 0.2868888888888889 0.030849999999999985
0 0.5138962962962963 0.8335 0.3237777777777778 0.02790833333333334
0 0.19022222222222224 0.22236666666666666 0.3146666666666667 0.035224999999999985
0 0.8276888888888889 0.23071666666666668 0.3200888888888888 0.031083333333333296
0 0.1622222222222222 0.4589833333333333 0.31054814814814813 0.02484166666666662
0 0.21158518518518518 0.24963333333333335 0.3359407407407407 0.03494166666666663
0 0.5060740740740741 0.7558583333333333 0.34005925925925923 0.02665833333333334
0 0.4874074074074074 0.45605833333333334 0.2803851851851852 0.019008333333333287
0 0.15234074074074075 0.4960916666666666 0.3020888888888889 0.02271666666666666
0 0.5052148148148148 0.7998083333333333 0.31619259259259264 0.028275000000000054
0 0.8498222222222223 0.8305666666666667 0.2821185185185186 0.02769166666666668
0 0.5342814814814815 0.2597666666666667 0.28819259259259256 0.02284166666666664
0 0.8366074074074075 0.4517083333333333 0.2826666666666666 0.008808333333333281
0 0.49305185185185185 0.46850833333333336 0.2816888888888889 0.013424999999999916
0 0.8320296296296297 0.46313333333333334 0.2968740740740741 0.014174999999999993
0 0.8324592592592592 0.4707 0.29536296296296305 0.013166666666666629
0 0.4861185185185185 0.4831583333333333 0.27799999999999997 0.015308333333333242
0 0.8302962962962963 0.4887666666666666 0.2957925925925926 0.01724166666666671
0 0.4913185185185185 0.49682500000000007 0.2797333333333333 0.01490000000000009
0 0.8311703703703703 0.4797333333333333 0.2949185185185184 0.014116666666666711
0 0.5104148148148148 0.7753916666666667 0.32791111111111115 0.021908333333333304
0 0.8211851851851851 0.5161166666666667 0.3181481481481481 0.015491666666666598
0 0.48915555555555557 0.5161166666666667 0.2816888888888889 0.014174999999999993
0 0.1532148148148148 0.517575 0.30402962962962965 0.02199166666666675
0 0.3336888888888889 0.07628333333333334 0.044429629629629645 0.144975
0 0.3741333333333333 0.07781666666666666 0.04586666666666664 0.13989166666666666
0 0.42078518518518515 0.07794166666666667 0.060488888888888946 0.14148333333333335
0 0.4839407407407408 0.07849166666666667 0.07410370370370367 0.14148333333333332
0 0.47568888888888883 0.34765833333333335 0.03208888888888884 0.14807499999999996
0 0.6419259259259259 0.07989166666666667 0.07220740740740741 0.14367499999999997
0 0.5659703703703703 0.07849166666666667 0.07925925925925927 0.140625
0 0.5052148148148148 0.35034166666666666 0.03453333333333325 0.1473416666666667
0 0.08637037037037036 0.07275 0.08229629629629628 0.1431916666666667
0 0.9822222222222222 0.0775 0.035555555555555556 0.15
0 0.02176296296296296 0.07318333333333332 0.042918518518518516 0.14220833333333333
0 0.8177037037037038 0.08385833333333333 0.0826222222222222 0.134275
0 0.8702222222222222 0.08251666666666667 0.052222222222222225 0.13366666666666668