0 0.4000972222222222 0.5334621212121212 0.040430555555555574 0.13797727272727264
0 0.9764583333333333 0.7121060606060606 0.03765277777777764 0.14633333333333323
0 0.23154166666666667 0.5589090909090909 0.3028194444444445 0.01943181818181825
0 0.03809722222222222 0.5294696969696969 0.03997222222222222 0.142969696969697
0 0.11527777777777778 0.35909090909090907 0.23055555555555557 0.01818181818181818
0 0.45406944444444447 0.15296969696969695 0.28245833333333337 0.02034848484848486
0 0.8451666666666666 0.17156060606060605 0.3003055555555556 0.022053030303030314
0 0.12013888888888889 0.3806818181818182 0.24027777777777778 0.023484848484848483
0 0.43761111111111106 0.9471439393939394 0.279263888888889 0.02637121212121208
0 0.830986111111111 0.514 0.30876388888888884 0.01729545454545449
0 0.8423611111111111 0.5537878787878788 0.31527777777777777 0.019696969696969695
0 0.44766666666666666 0.1355 0.27468055555555554 0.017621212121212114
0 0.8598055555555555 0.11616666666666667 0.2737638888888891 0.024174242424242442
0 0.8423611111111111 0.5818181818181818 0.31527777777777777 0.031818181818181815
0 0.2303888888888889 0.5349621212121212 0.30074999999999996 0.02950757575757579
0 0.11527777777777778 0.3340909090909091 0.23055555555555557 0.015151515151515152
0 0.43234722222222227 0.8962424242424242 0.28772222222222216 0.01796212121212124
0 0.43418055555555557 0.9196969696969697 0.2755972222222223 0.02989393939393942
0 0.3573333333333333 0.7340681818181818 0.296875 0.022053030303030227
0 0.8492916666666667 0.15421969696969695 0.2993888888888888 0.016189393939393944
0 0.3609861111111111 0.7520303030303029 0.2959583333333334 0.015878787878787905
0 0.8140694444444444 0.9486363636363637 0.32316666666666677 0.020348484848484946
0 0.8140694444444444 0.9695984848484848 0.323625 0.02928787878787868
0 0.8117777777777778 0.9276818181818182 0.3240833333333332 0.02703787878787883
0 0.09127777777777778 0.9094166666666668 0.04055555555555554 0.14436363636363633
0 0.044222222222222225 0.8962424242424242 0.05812499999999999 0.17914393939393924
0 0.14381944444444444 0.9017348484848484 0.051694444444444446 0.15768939393939402
0 0.141875 0.13300757575757574 0.07273611111111111 0.11976515151515153
0 0.06845833333333334 0.10824242424242424 0.08433333333333333 0.17028787878787877
0 0.8771944444444445 0.7011287878787879 0.039361111111111 0.1667954545454546
0 0.9183611111111112 0.706121212121212 0.04559722222222212 0.16193181818181818
0 0.8396388888888888 0.8795833333333333 0.2932777777777779 0.025212121212121363
0 0.830986111111111 0.8383560606060607 0.3012083333333332 0.019613636363636267
0 0.42777777777777776 0.8802727272727273 0.2792638888888888 0.017621212121212287
0 0.44972222222222225 0.17779545454545453 0.2904583333333333 0.014257575757575795
0 0.8250416666666667 0.8548257575757575 0.29823611111111115 0.021348484848484724
0 0.23427777777777778 0.5828636363636364 0.3067083333333334 0.03499242424242428
0 0.8520277777777778 0.13674999999999998 0.28818055555555555 0.02534090909090908
0 0.8300694444444444 0.49953030303030305 0.30625 0.01884090909090901
0 0.36647222222222225 0.7724848484848486 0.2993888888888888 0.031234848484848497
0 0.22604166666666667 0.5135000000000001 0.2998472222222222 0.017901515151515234
0 0.4645972222222222 0.38775000000000004 0.3067083333333334 0.013204545454545503
0 0.3623611111111111 0.6916515151515151 0.2625555555555555 0.01852272727272731
0 0.22765277777777776 0.4910454545454545 0.2890972222222223 0.03262121212121208
0 0.832361111111111 0.5339621212121213 0.31493055555555555 0.022128787878787907
0 0.8328194444444444 0.4770757575757576 0.2842916666666667 0.0295681818181818
0 0.45225 0.18752272727272726 0.3003055555555556 0.012409090909090906
0 0.11597222222222223 0.32045454545454544 0.23194444444444445 0.015151515151515152
0 0.8392222222222222 0.825878787878788 0.2934444444444444 0.01984848484848471
0 0.462875 0.3556060606060606 0.28676388888888893 0.010401515151515165
0 0.45955555555555555 0.3767727272727273 0.30166666666666675 0.012606060606060681
0 0.8456250000000001 0.8114090909090909 0.27697222222222234 0.018886363636363514
0 0.13695833333333332 0.2984318181818182 0.19920833333333335 0.013833333333333326
0 0.45406944444444447 0.3655454545454545 0.28726388888888893 0.014825757575757527
0 0.11458333333333333 0.34393939393939393 0.22916666666666666 0.013636363636363636
0 0.11527777777777778 0.30946969696969695 0.23055555555555557 0.014393939393939395
0 0.22649999999999998 0.4673409090909091 0.2838333333333333 0.017212121212121234
0 0.23016666666666666 0.43790151515151515 0.26965277777777785 0.01688636363636361