0 0.821889534883721 0.8795161290322581 0.0463178294573643 0.20867096774193553
0 0.17576550387596898 0.320541935483871 0.07215116279069765 0.1892645161290322
0 0.5247577519379845 0.32407096774193545 0.04518410852713189 0.20287096774193553
0 0.562984496124031 0.320541935483871 0.056686046511627904 0.21660645161290323
0 0.40891472868217055 0.08838709677419355 0.07945736434108527 0.1767741935483871
0 0.3211143410852713 0.31953548387096775 0.052286821705426395 0.19720000000000004
0 0.877906976744186 0.8810258064516129 0.032315891472868126 0.19530967741935484
0 0.735203488372093 0.5977612903225806 0.0751841085271317 0.23298709677419363
0 0.36237403100775195 0.5806258064516129 0.07531976744186049 0.2182451612903227
0 0.235 0.8084451612903225 0.07016472868217051 0.20060645161290327
0 0.8400581395348837 0.6063290322580644 0.07863372093023265 0.2511354838709679
0 0.2760755813953489 0.8155032258064516 0.05309108527131779 0.206025806451613
0 0.9354457364341086 0.3276 0.07745155038759696 0.22467096774193548
0 0.49485465116279076 0.8517935483870968 0.04237403100775196 0.22404516129032256
0 0.8491375968992247 0.32734838709677416 0.10399224806201544 0.2202645161290323
0 0.49485465116279076 0.31878064516129034 0.04570736434108534 0.21093548387096778
0 0.7969089147286822 0.32381935483870966 0.062403100775193884 0.21660645161290323
0 0.5175678294573643 0.8512903225806452 0.04078488372093015 0.2219032258064515
0 0.46911821705426354 0.8457483870967742 0.042131782945736454 0.22605806451612895
0 0.5785077519379844 0.857341935483871 0.04173449612403095 0.22089032258064523
0 0.7060658914728681 0.8729612903225806 0.03962209302325591 0.22265806451612896
0 0.8998643410852712 0.882541935483871 0.04426356589147293 0.19657419354838712
0 0.3099515503875969 0.5735677419354839 0.06903100775193799 0.21219999999999992
0 0.26376937984496124 0.31852903225806456 0.05355620155038758 0.19405161290322578
0 0.19040697674418605 0.09387096774193548 0.08430232558139535 0.18774193548387097
0 0.35574612403100775 0.8260903225806452 0.04920542635658912 0.20867096774193553
0 0.4323934108527132 0.3190322580645161 0.05327519379844963 0.20740645161290325
0 0.7503488372093023 0.8754838709677419 0.04910852713178301 0.21787096774193537
0 0.777218992248062 0.6007870967741936 0.08189922480620153 0.24092903225806456
0 0.6031104651162791 0.3200387096774193 0.06282945736434101 0.2202645161290323
0 0.6746414728682171 0.8669161290322581 0.04101744186046505 0.22227741935483883
0 0.32982558139534884 0.8205419354838709 0.04844961240310078 0.21030967741935486
0 0.6466375968992248 0.8638903225806451 0.039031007751937956 0.22026451612903217
0 0.26718023255813955 0.5735677419354839 0.06500968992248066 0.20967741935483872
0 0.4085562015503876 0.8391935483870968 0.047645348837209264 0.21623225806451604
0 0.20377906976744187 0.565 0.06993217054263562 0.19657419354838712
0 0.09542635658914729 0.5362709677419355 0.06850775193798452 0.16759354838709675
0 0.7961531007751937 0.8780064516129032 0.02704457364341093 0.20929677419354828
0 0.38016472868217055 0.31802580645161294 0.04078488372093026 0.2024967741935483
0 0.48463178294573644 0.5907032258064516 0.08913759689922482 0.22190322580645164
0 0.09713178294573643 0.7812322580645161 0.04920542635658915 0.1901483870967742
0 0.4229360465116279 0.5891935483870968 0.05985465116279068 0.2158516129032259
0 0.14415697674418607 0.7913096774193549 0.07518410852713175 0.2035032258064515
0 0.9791666666666666 0.3296774193548387 0.041666666666666664 0.2232258064516129
0 0.7147674418604651 0.31852903225806456 0.08833333333333342 0.22820000000000001
0 0.012596899224806201 0.7635483870967742 0.025193798449612403 0.18645161290322582
0 0.4414825581395349 0.8427225806451613 0.05148255813953488 0.2206387096774195
0 0.2446705426356589 0.09258064516129032 0.0939922480620155 0.18516129032258064
0 0.35574612403100775 0.3182774193548387 0.030116279069767483 0.19871612903225805
0 0.02374031007751938 0.5351612903225806 0.04748062015503876 0.15935483870967743
0 0.9225678294573644 0.6184258064516128 0.08961240310077521 0.26436774193548385
0 0.05677325581395349 0.5342516129032259 0.07229651162790698 0.1638129032258065
0 0.10804263565891473 0.08870967741935484 0.04941860465116279 0.1774193548387097
0 0.6515600775193798 0.3213032258064516 0.08478682170542635 0.2268129032258064
0 0.5455426356589147 0.08903225806451613 0.1298449612403101 0.17806451612903226
0 0.4657073643410853 0.3190322580645161 0.040310077519379754 0.20186451612903217
0 0.060077519379844964 0.0967741935483871 0.07364341085271318 0.1935483870967742
0 0.9239341085271318 0.07709677419354839 0.09786821705426356 0.15419354838709678
0 0.6190019379844961 0.6007870967741936 0.09197674418604658 0.21623225806451604
0 0.06940891472868217 0.32281290322580647 0.06940891472868217 0.17653548387096765
0 0.04958333333333333 0.7761870967741935 0.06041666666666666 0.19657419354838712
0 0.8551937984496123 0.8815354838709678 0.03617248062015497 0.19505806451612911
0 0.56109496124031 0.5942322580645161 0.07244186046511628 0.21787096774193537
0 0.31056201550387597 0.09 0.07461240310077519 0.18
0 0.9680232558139535 0.6283870967741936 0.06395348837209303 0.2709677419354839
0 0.027131782945736434 0.0964516129032258 0.05426356589147287 0.1929032258064516
0 0.02180232558139535 0.32193548387096776 0.0436046511627907 0.17290322580645162
0 0.007267441860465116 0.5435483870967742 0.014534883720930232 0.16193548387096773
0 0.9634496124031008 0.8931225806451613 0.03889534883720918 0.20375483870967753
0 0.13905038759689922 0.3207935483870968 0.03004844961240309 0.17653548387096782
0 0.8197674418604651 0.08129032258064516 0.09108527131782945 0.1625806451612903
0 0.3824321705426357 0.8331483870967743 0.04492248062015505 0.21358064516129044
0 0.7170542635658915 0.08548387096774193 0.12790697674418605 0.17096774193548386
0 0.9339244186046511 0.8911096774193549 0.03530038759689929 0.20413548387096764