0 0.22795115332428764 0.5 0.051560379918588875 1
0 0.16451831750339213 0.5396341463414634 0.07666214382632293 0.9207317073170732
0 0.45759837177747625 0.5259146341463414 0.057666214382632294 0.948170731707317
0 0.09531886024423337 0.5660569105691057 0.0780189959294437 0.8678861788617886
0 0.9402985074626866 0.5655487804878049 0.051560379918588875 0.8689024390243902
0 0.3314111261872456 0.5193089430894309 0.03731343283582089 0.9613821138211383
0 0.3985753052917232 0.5 0.06852103120759837 1
0 0.032564450474898234 0.5 0.06512890094979647 1
0 0.7157394843962008 0.5431910569105691 0.0814111261872456 0.9136178861788617
0 0.49525101763907736 0.5259146341463414 0.04477611940298507 0.948170731707317
0 0.9735413839891451 0.5721544715447154 0.052917232021709636 0.8556910569105691
0 0.7764586160108549 0.5426829268292683 0.07123473541383989 0.9146341463414634
0 0.6316146540027137 0.510670731707317 0.09905020352781546 0.9786585365853658
0 0.3639755766621438 0.5 0.045454545454545456 1
0 0.5417232021709634 0.5152439024390244 0.08751696065128901 0.9695121951219512