0 0.7632153392330384 0.6833018867924529 0.03536873156342186 0.22620283018867918
0 0.9023598820058997 0.3617570754716981 0.03421828908554579 0.21997641509433957
0 0.6187905604719764 0.6928419811320754 0.04687315634218285 0.2434198113207548
0 0.5462389380530974 0.6965448113207546 0.05151917404129786 0.2520283018867925
0 0.9334955752212389 0.3561910377358491 0.031843657817109024 0.22514150943396222
0 0.9593362831858406 0.3561910377358491 0.02954277286135689 0.2230188679245283
0 0.7764749262536874 0.3593632075471698 0.0339823008849557 0.23838443396226414
0 0.7536873156342183 0.08962264150943396 0.035398230088495575 0.1792452830188679
0 0.7861356932153393 0.0902122641509434 0.035398230088495575 0.1804245283018868
0 0.01032448377581121 0.38207547169811323 0.02064896755162242 0.2806603773584906
0 0.5789085545722714 0.08431603773584906 0.048672566371681415 0.16863207547169812
0 0.9852507374631269 0.36792452830188677 0.029498525073746312 0.20754716981132076
0 0.8672418879056047 0.3678419811320755 0.03548672566371673 0.21626179245283017
0 0.43923303834808264 0.3498349056603774 0.07101769911504421 0.2892334905660377
0 0.9535398230088495 0.09433962264150944 0.03687315634218289 0.18867924528301888
0 0.24410029498525074 0.07724056603773585 0.06047197640117994 0.1544811320754717
0 0.8163716814159292 0.09257075471698113 0.03687315634218289 0.18514150943396226
0 0.503495575221239 0.3498349056603774 0.07342182890855453 0.286061320754717
0 0.8842182890855457 0.0902122641509434 0.03982300884955752 0.1804245283018868
0 0.510117994100295 0.6981367924528301 0.050648967551622466 0.26115566037735854
0 0.4837758112094395 0.08254716981132075 0.05014749262536873 0.1650943396226415
0 0.4469026548672566 0.08077830188679246 0.05309734513274336 0.1615566037735849
0 0.9210914454277286 0.09198113207547169 0.03982300884955752 0.18396226415094338
0 0.644542772861357 0.08844339622641509 0.04424778761061947 0.17688679245283018
0 0.717551622418879 0.08903301886792453 0.03982300884955752 0.17806603773584906
0 0.8495575221238938 0.09198113207547169 0.04129793510324484 0.18396226415094338
0 0.9837758112094396 0.09433962264150944 0.032448377581120944 0.18867924528301888
0 0.8347787610619469 0.3699646226415095 0.03209439528023598 0.21521226415094338
0 0.3274336283185841 0.08077830188679246 0.061946902654867256 0.1615566037735849
0 0.5376106194690266 0.08490566037735849 0.05457227138643068 0.16981132075471697
0 0.8679056047197641 0.9068514150943396 0.20970501474926262 0.0695283018867925
0 0.707566371681416 0.6843632075471698 0.03616519174041295 0.23109669811320757
0 0.7373893805309735 0.6806603773584906 0.034292035398230086 0.22659198113207557
0 0.11578171091445427 0.07311320754716981 0.05752212389380531 0.14622641509433962
0 0.804306784660767 0.3691627358490566 0.028775811209439516 0.21719339622641504
0 0.41002949852507375 0.08077830188679246 0.05604719764011799 0.1615566037735849
0 0.47368731563421834 0.6976061320754717 0.0569026548672567 0.2722877358490567
0 0.6770943952802361 0.6896580188679245 0.03954277286135685 0.2357311320754718
0 0.609882005899705 0.08431603773584906 0.04277286135693215 0.16863207547169812
0 0.6924778761061947 0.9298349056603774 0.03392330383480826 0.1403301886792453
0 0.6519174041297935 0.6917806603773585 0.03679941002949859 0.2336202830188678
0 0.6828908554572272 0.08785377358490566 0.04129793510324484 0.17570754716981132
0 0.3702064896755162 0.08018867924528301 0.05309734513274336 0.16037735849056603
0 0.43756637168141593 0.7002594339622642 0.06641592920353978 0.2746698113207548
0 0.8698967551622419 0.9534669811320754 0.20324483775811203 0.06591981132075482
0 0.04508849557522123 0.3834669811320755 0.08712389380530973 0.2746698113207547
0 0.35772861356932156 0.3691627358490566 0.09889380530973445 0.2733490566037737
0 0.1697345132743363 0.3802948113207547 0.08256637168141595 0.26393867924528297
0 0.28466076696165193 0.07959905660377359 0.061946902654867256 0.15919811320754718
0 0.23367256637168143 0.37870283018867923 0.07814159292035401 0.2593042452830189
0 0.17846607669616518 0.07665094339622641 0.09734513274336283 0.15330188679245282
0 0.2878318584070797 0.38055424528301884 0.07101769911504421 0.2536084905660378
0 0.6651917404129793 0.9268867924528302 0.038348082595870206 0.14622641509433962
0 0.8910914454277286 0.7299174528301887 0.2163274336283187 0.05502358490566047
0 0.9601769911504425 0.8909198113207547 0.07964601769911504 0.21816037735849056
0 0.1009882005899705 0.38002358490566035 0.08443952802359882 0.27096698113207546
0 0.350117994100295 0.6949528301886793 0.10253687315634216 0.3045990566037735
0 0.7168141592920354 0.9204009433962265 0.04424778761061947 0.15919811320754718
0 0.8546607669616519 0.8634198113207546 0.24017699115044236 0.0735731132075473
0 0.5816814159292035 0.6976061320754717 0.04716814159292038 0.2430188679245282
0 0.48746312684365783 0.9310141509433962 0.09882005899705015 0.13797169811320756
0 0.584070796460177 0.9292452830188679 0.06489675516224189 0.14150943396226415
0 0.8915929203539823 0.6680424528301887 0.2168141592920354 0.09316037735849056