0 0.648135359116022 0.3203712871287129 0.016719613259668534 0.12992574257425746
0 0.10779005524861879 0.782549504950495 0.015842541436464085 0.12569306930693064
0 0.3505801104972376 0.4702351485148515 0.018411602209944807 0.1321039603960396
0 0.10752071823204419 0.3194059405940594 0.019426795580110495 0.12617574257425748
0 0.14919889502762432 0.3164975247524753 0.01495856353591158 0.12774752475247528
0 0.19802486187845306 0.7859282178217821 0.015359116022099453 0.11663366336633664
0 0.30553176795580106 0.1553960396039604 0.02636740331491717 0.1306559405940594
0 0.15958563535911602 0.4707178217821782 0.018549723756906087 0.12097772277227722
0 0.1404281767955801 0.47217821782178215 0.01890193370165746 0.12231435643564362
0 0.23133977900552488 0.31892326732673265 0.01691298342541437 0.1316212871287129
0 0.32926795580110496 0.32158415841584154 0.0298411602209945 0.1316212871287129
0 0.24860497237569062 0.1543069306930693 0.022037292817679535 0.1254579207920792
0 0.17550414364640884 0.7820668316831683 0.013839779005524838 0.119839108910891
0 0.6022720994475138 0.32737623762376233 0.020027624309392266 0.13717821782178222
0 0.23323204419889504 0.15768564356435644 0.02109116022099445 0.12141089108910887
0 0.1342265193370166 0.3167450495049505 0.018549723756906087 0.1347648514851485
0 0.19020027624309394 0.47217821782178215 0.01421961325966853 0.12460396039603969
0 0.2629074585635359 0.1557549504950495 0.02388812154696135 0.12799504950495053
0 0.19370856353591162 0.15816831683168317 0.01841160220994473 0.11965346534653466
0 0.24806629834254143 0.31867574257425746 0.018259668508287332 0.1340346534653465
0 0.30741712707182317 0.32133663366336634 0.018190607734806574 0.13040841584158416
0 0.3473411602209945 0.1591460396039604 0.028190607734806587 0.1354826732673267
0 0.324585635359116 0.03155940594059406 0.024861878453038673 0.06311881188118812
0 0.35247237569060774 0.32303217821782176 0.029067679558010994 0.12726485148514857
0 0.7247513812154697 0.15866336633663364 0.015421270718231994 0.12871287128712872
0 0.21462016574585635 0.15816831683168317 0.02097375690607735 0.12049504950495052
0 0.2125966850828729 0.7791584158415841 0.014606353591160205 0.12992574257425746
0 0.06536602209944752 0.6201113861386138 0.01572513812154695 0.12751237623762374
0 0.16025552486187847 0.15709158415841584 0.016464088397790077 0.1176608910891089
0 0.9616091160220995 0.16422029702970298 0.014392265193370266 0.12049504950495052
0 0.972396408839779 0.16397277227722773 0.015303867403314816 0.12340346534653462
0 0.03454419889502762 0.31844059405940595 0.022120165745856353 0.12751237623762374
0 0.6384668508287292 0.03032178217821782 0.014502762430939226 0.06064356435643564
0 0.0785842541436464 0.9328960396039604 0.014779005524861864 0.12206683168316845
0 0.20314917127071824 0.32206683168316835 0.024668508287292838 0.1266584158415842
0 0.20058701657458564 0.4745915841584159 0.010566298342541405 0.11596534653465353
0 0.1763121546961326 0.15866336633663364 0.015241712707182355 0.11965346534653466
0 0.6875207182320442 0.3203712871287129 0.01652624309392254 0.13113861386138617
0 0.7185773480662984 0.03032178217821782 0.014502762430939226 0.06064356435643564
0 0.13746546961325967 0.6220420792079208 0.027665745856353632 0.13379950495049492
0 0.6909530386740331 0.03032178217821782 0.014502762430939226 0.06064356435643564
0 0.28970994475138123 0.03032178217821782 0.021408839779005526 0.06064356435643564
0 0.02503453038674033 0.15600247524752478 0.021263812154696127 0.12714108910891092
0 0.8332182320441989 0.9350247524752475 0.017265193370165747 0.12995049504950495
0 0.6664779005524861 0.1568440594059406 0.014958563535911502 0.1321039603960396
0 0.09376381215469613 0.15745049504950495 0.019357734806629855 0.12273514851485151
0 0.23647099447513814 0.7811014851485149 0.017430939226519344 0.13137376237623774
0 0.6459806629834255 0.1591460396039604 0.021291436464088348 0.13040841584158416
0 0.7299723756906077 0.03032178217821782 0.012430939226519336 0.06064356435643564
0 0.29662983425414363 0.3203712871287129 0.009330110497237563 0.1296905940594059
0 0.08566988950276244 0.6234900990099009 0.017790055248618777 0.12774752475247528
0 0.1757734806629834 0.46782178217821785 0.016464088397790077 0.12594059405940594
0 0.3122720994475138 0.476039603960396 0.017700276243093997 0.10974009900990093
0 0.07926104972375692 0.16277227722772278 0.01848066298342541 0.11596534653465346
0 0.028142265193370167 0.7781930693069307 0.023466850828729284 0.12460396039603969
0 0.10630524861878453 0.9338613861386138 0.015359116022099453 0.12799504950495058
0 0.7069475138121547 0.32472772277227724 0.02191988950276228 0.12690594059405935
0 0.7596685082872928 0.03094059405940594 0.013812154696132596 0.06188118811881188
0 0.9087292817679558 0.47748762376237625 0.015303867403314816 0.12617574257425748
0 0.3111187845303867 0.03094059405940594 0.022790055248618785 0.06188118811881188
0 0.19647790055248618 0.0297029702970297 0.020027624309392266 0.0594059405940594
0 0.009668508287292817 0.7778465346534653 0.019337016574585635 0.125
0 0.06415055248618784 0.469269801980198 0.01825966850828729 0.13233910891089104
0 0.8943370165745856 0.9375 0.017955801104972375 0.125
0 0.850828729281768 0.03094059405940594 0.029005524861878452 0.06188118811881188
0 0.9181629834254144 0.03217821782178218 0.018646408839779006 0.06435643564356436
0 0.10225828729281768 0.6249381188118812 0.017921270718232036 0.12485148514851499
0 0.2734254143646409 0.3203712871287129 0.025006906077348092 0.12944306930693072
0 0.6519129834254144 0.6312252475247524 0.014551104972375804 0.13948019801980205
0 0.6459806629834254 0.7854455445544555 0.02289364640883984 0.12944306930693059
0 0.1814364640883978 0.3206064356435644 0.021325966850828725 0.12751237623762374
0 0.8364364640883979 0.6297772277227723 0.03345303867403319 0.13306930693069305
0 0.7838397790055248 0.0297029702970297 0.022099447513812154 0.0594059405940594
0 0.9340469613259669 0.0327970297029703 0.013121546961325966 0.0655940594059406
0 0.9706491712707183 0.03155940594059406 0.017265193370165747 0.06311881188118812
0 0.9568370165745856 0.0327970297029703 0.015883977900552487 0.0655940594059406
0 0.10832872928176797 0.15648514851485149 0.020856353591160212 0.12388613861386141
0 0.9464986187845303 0.1758168316831683 0.018480662983425565 0.10188118811881187
0 0.774385359116022 0.15866336633663364 0.0175690607734807 0.12774752475247528
0 0.06319060773480663 0.0297029702970297 0.013121546961325966 0.0594059405940594
0 0.24620165745856354 0.029084158415841586 0.022790055248618785 0.05816831683168317
0 0.8051381215469613 0.15745049504950495 0.01979281767955791 0.12799504950495053
0 0.6885980662983425 0.6341336633663366 0.02109116022099445 0.13548267326732677
0 0.768646408839779 0.029084158415841586 0.013812154696132596 0.05816831683168317
0 0.3940124309392265 0.6273638613861385 0.03459944751381209 0.1321039603960396
0 0.8240262430939227 0.4789356435643565 0.02089088397790055 0.1366955445544555
0 0.08196132596685084 0.4673391089108911 0.01685082872928175 0.12485148514851485
0 0.6136049723756906 0.3331806930693069 0.019875690607734788 0.1183292079207921
0 0.26795580110497236 0.029084158415841586 0.023480662983425413 0.05816831683168317
0 0.6011947513812155 0.6259034653465346 0.025393646408839766 0.1342821782178218
0 0.06948204419889503 0.32931930693069306 0.01566298342541437 0.11529702970297026
0 0.638425414364641 0.6292945544554456 0.015062154696132559 0.13258663366336648
0 0.019302486187845306 0.6215594059405941 0.01972375690607735 0.12799504950495058
0 0.9975828729281768 0.16646039603960397 0.004834254143646409 0.11757425742574257
0 0.8957803867403314 0.32351485148514847 0.022002762430939314 0.13017326732673276
0 0.6750690607734806 0.03094059405940594 0.018646408839779006 0.06188118811881188
0 0.21124309392265192 0.4794306930693069 0.011816298342541446 0.10931930693069312
0 0.41613259668508285 0.6278465346534653 0.03250690607734802 0.1340346534653465
0 0.9457872928176796 0.03217821782178218 0.013121546961325966 0.06435643564356436
0 0.004834254143646409 0.620049504950495 0.009668508287292817 0.12871287128712872
0 0.5072513812154696 0.9368811881188119 0.018646408839779006 0.12623762376237624
0 0.6854281767955801 0.9368811881188119 0.015883977900552487 0.12623762376237624
0 0.8159323204419889 0.6288118811881188 0.02923342541436459 0.12521039603960404
0 0.9865331491712708 0.16212871287128713 0.026933701657458564 0.12871287128712872
0 0.5732044198895028 0.931930693069307 0.019337016574585635 0.13613861386138615
0 0.75103591160221 0.03217821782178218 0.011740331491712707 0.06435643564356436
0 0.8429074585635359 0.32181930693069305 0.021871546961326017 0.1340346534653465
0 0.45633287292817676 0.32254950495049506 0.04437845303867403 0.13065594059405933
0 0.948121546961326 0.6346163366336633 0.02048342541436454 0.12298267326732659
0 0.894164364640884 0.47700495049504954 0.0175690607734807 0.13040841584158416
0 0.047023480662983425 0.32931930693069306 0.01964088397790055 0.1168069306930693
0 0.21374309392265192 0.029084158415841586 0.015883977900552487 0.05816831683168317
0 0.08209254143646409 0.33535891089108916 0.015476519337016591 0.10732673267326737
0 0.6709254143646409 0.9356435643564357 0.017265193370165747 0.12871287128712872
0 0.6875207182320442 0.15648514851485149 0.01633977900552476 0.12714108910891092
0 0.22824585635359115 0.029084158415841586 0.015883977900552487 0.05816831683168317
0 0.7884185082872929 0.7893193069306931 0.022341160220994413 0.12436881188118813
0 0.10131215469613258 0.4736262376237624 0.02439917127071822 0.1234034653465347
0 0.9216781767955801 0.4794306930693069 0.019875690607734944 0.12919554455445542
0 0.33874309392265195 0.9387376237623762 0.020027624309392266 0.12252475247524752
0 0.6681008287292818 0.784480198019802 0.02026933701657452 0.1342821782178218
0 0.9092748618784531 0.1625247524752475 0.024026243093922626 0.12116336633663363
0 0.010013812154696133 0.3292079207920792 0.020027624309392266 0.10643564356435643
0 0.9837707182320442 0.03217821782178218 0.015883977900552487 0.06435643564356436
0 0.9181629834254144 0.9405940594059405 0.04212707182320442 0.1188118811881188
0 0.09214088397790055 0.33221534653465346 0.013066298342541447 0.10231435643564352
0 0.8655662983425414 0.476039603960396 0.021208563535911627 0.13040841584158416
0 0.8547790055248619 0.7820668316831683 0.022424033149171133 0.13233910891089118
0 0.05179558011049724 0.0297029702970297 0.017955801104972375 0.0594059405940594
0 0.364067679558011 0.4755569306930693 0.013473756906077342 0.1218316831683169
0 0.039129834254143646 0.46878712871287126 0.029337016574585647 0.12799504950495044
0 0.43771408839779 0.625420792079208 0.03287983425414358 0.1342821782178218
0 0.9411049723756906 0.47700495049504954 0.025290055248618708 0.13113861386138617
0 0.8342541436464088 0.03217821782178218 0.027624309392265192 0.06435643564356436
0 0.6616229281767956 0.33462871287128715 0.016719613259668534 0.11137376237623764
0 0.7479488950276243 0.6307425742574257 0.018984806629834105 0.1340346534653465
0 0.7274447513812154 0.7839975247524753 0.01964088397790059 0.1335519801980199
0 0.8153936464088398 0.7839975247524753 0.02117403314917117 0.12871287128712872
0 0.7900345303867403 0.1591460396039604 0.017990331491712832 0.128230198019802
0 0.28395027624309394 0.9454702970297031 0.015842541436464127 0.10751237623762362
0 0.948121546961326 0.33148514851485145 0.03370165745856366 0.11300742574257433
0 0.9313950276243095 0.6326732673267327 0.023439226519337053 0.12254950495049503
0 0.9882596685082873 0.6330445544554455 0.023480662983425413 0.125
0 0.9675414364640884 0.6321905940594059 0.028238950276243006 0.12298267326732659
0 0.9135911602209945 0.6307425742574257 0.024109116022099347 0.12460396039603969
0 0.21299723756906078 0.931930693069307 0.011864640883977866 0.11832920792079196
0 0.7296063535911602 0.6297772277227723 0.02109116022099445 0.1335519801980199
0 0.8628729281767956 0.6307425742574257 0.02191988950276228 0.12665841584158405
0 0.5953038674033149 0.9368811881188119 0.024861878453038673 0.12623762376237624
0 0.29851519337016574 0.9454702970297031 0.0175690607734807 0.10810643564356424
0 0.24827348066298344 0.9511138613861386 0.017265193370165747 0.09777227722772278
0 0.10566298342541436 0.028465346534653466 0.024861878453038673 0.05693069306930693
0 0.8963259668508288 0.6312252475247524 0.023888121546961426 0.12485148514851499
0 0.7393162983425414 0.4765222772277227 0.027092541436464102 0.1342821782178218
0 0.9613259668508287 0.9405940594059405 0.034530386740331494 0.1188118811881188
0 0.6464088397790055 0.9368811881188119 0.017955801104972375 0.12623762376237624
0 0.9875690607734806 0.7852722772277227 0.024861878453038673 0.125
0 0.08149171270718232 0.029084158415841586 0.026243093922651933 0.05816831683168317
0 0.7959668508287292 0.6268811881188119 0.022762430939226544 0.13282178217821775
0 0.8138812154696132 0.9350247524752475 0.024171270718232045 0.12995049504950495
0 0.7662914364640884 0.4794306930693069 0.027299723756906216 0.1296905940594059
0 0.9297720994475138 0.17558168316831685 0.02053867403314902 0.10418316831683169
0 0.9837707182320442 0.9449257425742574 0.025552486187845305 0.11014851485148515
0 0.26587016574585637 0.9522400990099009 0.01841160220994473 0.09336633663366344
0 0.7128798342541437 0.16881188118811882 0.01097375690607726 0.10992574257425741
0 0.06475828729281768 0.7791584158415841 0.022866022099447523 0.12521039603960404
0 0.35082872928176795 0.03155940594059406 0.03729281767955801 0.06311881188118812
0 0.699585635359116 0.9362623762376238 0.019337016574585635 0.12747524752475248
0 0.9965469613259669 0.47957920792079206 0.006906077348066298 0.12004950495049505
0 0.9610704419889503 0.49295792079207923 0.016208563535911463 0.10152227722772274
0 0.15124309392265192 0.03155940594059406 0.04834254143646409 0.06311881188118812
0 0.1555386740331492 0.954170792079208 0.05739640883977901 0.08732673267326727
0 0.898135359116022 0.03217821782178218 0.029696132596685083 0.06435643564356436
0 0.27100138121546963 0.6205940594059407 0.09354281767955797 0.13850247524752485
0 0.172396408839779 0.6220420792079208 0.09502762430939228 0.1349999999999999
0 0.012430939226519336 0.5191831683168316 0.024861878453038673 0.03341584158415842
0 0.2772030386740331 0.7791584158415841 0.10426795580110498 0.1382673267326733