0 0.11484375 0.50546875 0.0296875 0.30078125
0 0.0921875 0.1296875 0.02109375 0.259375
0 0.08515625 0.51328125 0.02890625 0.28984375
0 0.11328125 0.13046875 0.02265625 0.2609375
0 0.140625 0.1328125 0.034375 0.265625
0 0.06015625 0.13203125 0.0234375 0.2640625
0 0.19609375 0.8734375 0.02578125 0.253125
0 0.29375 0.5234375 0.021875 0.2671875
0 0.2265625 0.496875 0.0296875 0.309375
0 0.0234375 0.1296875 0.02265625 0.259375
0 0.31953125 0.1296875 0.02265625 0.259375
0 0.340625 0.1296875 0.02265625 0.259375
0 0.00625 0.1296875 0.0125 0.259375
0 0.37421875 0.5171875 0.0265625 0.271875
0 0.2953125 0.13046875 0.028125 0.2609375
0 0.15390625 0.51796875 0.03984375 0.2859375
0 0.37734375 0.87734375 0.01796875 0.2453125
0 0.0421875 0.1296875 0.0203125 0.259375
0 0.0765625 0.13046875 0.01484375 0.2609375
0 0.19375 0.51953125 0.0390625 0.284375
0 0.7625 0.51640625 0.03515625 0.28515625
0 0.2890625 0.88828125 0.025 0.2234375
0 0.14921875 0.87265625 0.02109375 0.2546875
0 0.56328125 0.1359375 0.0265625 0.25625
0 0.87578125 0.871875 0.02109375 0.25625
0 0.39375 0.8765625 0.02109375 0.246875
0 0.4109375 0.128125 0.01953125 0.25625
0 0.1140625 0.878125 0.03203125 0.24375
0 0.90703125 0.85859375 0.0296875 0.28203125
0 0.35859375 0.12734375 0.0171875 0.2546875
0 0.99609375 0.1265625 0.0078125 0.253125
0 0.5453125 0.884375 0.0265625 0.23046875
0 0.04921875 0.878125 0.03828125 0.24375
0 0.41328125 0.49765625 0.03203125 0.315625
0 0.315625 0.5140625 0.02890625 0.284375
0 0.2578125 0.875 0.0375 0.25
0 0.42734375 0.88671875 0.025 0.22578125
0 0.39453125 0.51640625 0.01796875 0.26953125
0 0.390625 0.128125 0.0234375 0.25625
0 0.559375 0.87890625 0.02265625 0.2421875
0 0.0453125 0.5125 0.021875 0.28828125
0 0.6 0.134375 0.0296875 0.25546875
0 0.16875 0.1296875 0.03125 0.259375
0 0.6703125 0.88203125 0.01796875 0.23515625
0 0.796875 0.51875 0.034375 0.28515625
0 0.084375 0.88203125 0.028125 0.23515625
0 0.44765625 0.5125 0.03359375 0.2921875
0 0.346875 0.5125 0.03125 0.290625
0 0.9125 0.1265625 0.01640625 0.253125
0 0.3171875 0.8890625 0.01875 0.221875
0 0.74375 0.89453125 0.0203125 0.2109375
0 0.97734375 0.5125 0.01796875 0.28203125
0 0.02890625 0.5140625 0.0234375 0.28046875
0 0.578125 0.88046875 0.02578125 0.2390625
0 0.234375 0.87421875 0.03125 0.2515625
0 0.44765625 0.890625 0.0171875 0.21875
0 0.83046875 0.51875 0.03671875 0.2859375
0 0.259375 0.51875 0.021875 0.27578125
0 0.028125 0.878125 0.03828125 0.24375
0 0.6973261796875 0.65887741875 0.7076126609375 0.65887741875 0.69386480625 0.3869209671875 0.6842703859375 0.3871677421875 0.6973261796875 0.65887741875
0 0.6902049359375 0.65887741875 0.6957435624999999 0.6594709671875 0.684962446875 0.4226048390625 0.676357296875 0.4240290328125 0.6902049359375 0.65887741875
0 0.6284860515624999 0.6541209671875 0.6367939921875 0.6529306453125 0.619188840625 0.382459678125 0.6090997859375 0.3841951609375 0.6284860515624999 0.6541209671875
0 0.8571620171875001 1 0.8571620171875001 0.785937096875 0.8448980687500001 0.785937096875 0.8479645390625 1 0.8571620171875001 1
0 0.7241309015625 0.660240321875 0.7312521453125 0.6584564515625 0.7274935625000001 0.415912903125 0.7185912015625 0.4158806453125 0.7241309015625 0.660240321875
0 0.7142392703125 0.660240321875 0.721360515625 0.6584564515625 0.7180965671874999 0.415912903125 0.7090965671875 0.4158806453125 0.7142392703125 0.660240321875
0 0.668741415625 0.6614290328125 0.674281115625 0.660835484375 0.6547961375 0.412940321875 0.6481684546875 0.415285484375 0.668741415625 0.6614290328125
0 0.6509388406250001 0.6566725812499999 0.66518133125 0.6578629031250001 0.6497510734375 0.4580935484375 0.6394645921875 0.45987741875 0.6509388406250001 0.6566725812499999
0 0.5824935625000001 0.6590516125 0.5927800421875 0.6572677421875001 0.574185621875 0.4211177421875 0.5666684546874999 0.42182580625000005 0.5824935625000001 0.6590516125