0 0.34140625 0.5328125 0.34765625 0.078125
0 0.578125 0.4734375 0.05703125 0.61875
0 0.6421875 0.47421875 0.07109375 0.6453125
0 0.35 0.46484375 0.33359375 0.078125
0 0.6953125 0.4625 0.06015625 0.6453125
0 0.34921875 0.29921875 0.3109375 0.05625
0 0.3453125 0.23203125 0.32109375 0.1
0 0.340625 0.37109375 0.3578125 0.09296875
0 0.76408580625 0.136694253125 0.7098922578125 0.136694253125 0.7348387093750001 0.777117240625 0.7864516125 0.780842528125 0.76408580625 0.136694253125
0 0.8260212906250001 0.1060517234375 0.76408580625 0.11371264375000001 0.7950535484375 0.777117240625 0.8660212906250001 0.77701149375 0.8260212906250001 0.1060517234375
0 0.8716129031250001 0.8322724140625001 0.9043012906250001 0.8384011499999999 0.8541935484375 0.1180080453125 0.8277419359374999 0.1167770109375 0.8716129031250001 0.8322724140625001
0 0.9335483874999999 0.0754091953125 0.8741935484375001 0.09073103437499999 0.9301077421875 0.83533678125 0.9918277421875 0.8325666671875 0.9335483874999999 0.0754091953125
0 0.5197851609375 0.1719333328125 0.518924515625 0.712767815625 0.5455916125 0.70996206875 0.5481722578125 0.1719333328125 0.5197851609375 0.1719333328125