0 0.8822822822822823 0.18881944444444443 0.03642642642642641 0.23079166666666662
0 0.36779279279279276 0.36786111111111114 0.27390390390390384 0.027041666666666703
0 0.12162162162162163 0.03888888888888889 0.24324324324324326 0.027777777777777776
0 0.9924924924924925 0.18680555555555556 0.015015015015015015 0.23194444444444445
0 0.6514714714714714 0.12313888888888888 0.24644144144144126 0.036625000000000005
0 0.11861861861861862 0.3659722222222222 0.23723723723723725 0.043055555555555555
0 0.7835285285285286 0.6256666666666667 0.04999999999999993 0.23187500000000005
0 0.9640840840840842 0.17408333333333334 0.0473273273273273 0.26025
0 0.657897897897898 0.16394444444444445 0.26003003003002995 0.043708333333333335
0 0.6421321321321322 0.5613472222222222 0.2392792792792793 0.043375000000000025
0 0.6491441441441441 0.019902777777777776 0.24761261261261255 0.02229166666666666
0 0.12837837837837837 0.4791666666666667 0.25675675675675674 0.027777777777777776
0 0.12912912912912913 0.5194444444444445 0.25825825825825827 0.03888888888888889
0 0.12987987987987987 0.59375 0.25975975975975973 0.04583333333333333
0 0.1368318318318318 0.6889166666666666 0.26776276276276284 0.04675000000000011
0 0.1313813813813814 0.5520833333333334 0.2627627627627628 0.0375
0 0.13063063063063063 0.6416666666666667 0.26126126126126126 0.04722222222222222
0 0.3917417417417417 0.13895833333333332 0.27711711711711706 0.03427777777777779
0 0.12612612612612611 0.08263888888888889 0.25225225225225223 0.04027777777777778
0 0.13072072072072072 0.7282777777777778 0.25842342342342345 0.03438888888888888
0 0.39788288288288287 0.7283749999999999 0.2645495495495496 0.04118055555555568
0 0.1675075075075075 0.8872777777777778 0.21590090090090083 0.03337499999999996
0 0.39093093093093095 0.5431805555555556 0.25530030030030026 0.04706944444444443
0 0.3722522522522523 0.43680555555555556 0.2649099099099098 0.026819444444444368
0 0.12912912912912913 0.23125 0.25825825825825827 0.034722222222222224
0 0.6357057057057057 0.46704166666666663 0.24337837837837825 0.03955555555555558
0 0.6468018018018018 0.6024305555555556 0.2362162162162161 0.04108333333333339
0 0.3718768768768769 0.41325 0.26893393393393394 0.027972222222222204
0 0.12762762762762764 0.19722222222222222 0.2552552552552553 0.03611111111111111
0 0.6538138138138138 0.2078611111111111 0.2553453453453454 0.038680555555555586
0 0.6497297297297298 0.6424305555555556 0.23782282282282263 0.04773611111111112
0 0.39554054054054055 0.6564861111111111 0.2636786786786787 0.033833333333333354
0 0.12312312312312312 0.125 0.24624624624624625 0.03888888888888889
0 0.3911561561561561 0.231375 0.2673273273273273 0.033194444444444415
0 0.12612612612612611 0.1638888888888889 0.25225225225225223 0.03611111111111111
0 0.394954954954955 0.6899861111111112 0.262072072072072 0.03615277777777774
0 0.39554054054054055 0.26340277777777776 0.27214714714714716 0.03326388888888887
0 0.3853153153153153 0.11186111111111112 0.2804804804804804 0.029555555555555557
0 0.6275225225225225 0.8299861111111112 0.22423423423423428 0.028777777777777815
0 0.39729729729729735 0.8705138888888888 0.22744744744744747 0.030888888888888903
0 0.6374474474474475 0.44352777777777774 0.24190690690690692 0.03681944444444443
0 0.6073573573573574 0.9930555555555556 0.21171171171171171 0.013888888888888888
0 0.6468018018018018 0.6829722222222222 0.23081081081081084 0.042263888888888976
0 0.6339489489489489 0.41001388888888884 0.24147147147147155 0.04094444444444447
0 0.6403753753753754 0.523513888888889 0.23738738738738724 0.04756944444444444
0 0.38969969969969975 0.16922222222222222 0.27214714714714716 0.023430555555555562
0 0.6146696696696696 0.9148472222222223 0.2182432432432431 0.03688888888888881
0 0.3873573573573574 0.5021666666666667 0.2684984984984984 0.036555555555555626
0 0.3952552552552553 0.8451111111111111 0.2300750750750751 0.025236111111111213
0 0.38794294294294296 0.46730555555555553 0.2746396396396396 0.04063888888888888
0 0.12837837837837837 0.29583333333333334 0.25675675675675674 0.03333333333333333
0 0.16999999999999998 0.9845694444444444 0.1993993993993994 0.03013888888888895
0 0.638033033033033 0.4919027777777778 0.24337837837837842 0.029166666666666667