0 0.6828125 0.53359375 0.1828125 0.025
0 0.6953125 0.559375 0.2171875 0.02578125
0 0.89921875 0.56015625 0.2015625 0.01796875
0 0.49375 0.58125 0.20078125 0.0390625
0 0.49296875 0.65390625 0.20234375 0.02421875
0 0.10390625 0.70625 0.1984375 0.0203125
0 0.0984375 0.8171875 0.1921875 0.02109375
0 0.29609375 0.684375 0.2109375 0.02265625
0 0.09921875 0.75859375 0.18828125 0.0265625
0 0.29765625 0.659375 0.21875 0.02890625
0 0.49453125 0.67890625 0.20546875 0.02109375
0 0.9 0.7515625 0.1984375 0.02421875
0 0.49296875 0.7125 0.2046875 0.02109375
0 0.6953125 0.63671875 0.20546875 0.02265625
0 0.496875 0.63515625 0.19921875 0.01796875
0 0.7 0.65703125 0.20390625 0.01953125
0 0.89921875 0.63984375 0.2015625 0.0203125
0 0.89296875 0.54453125 0.2140625 0.0171875
0 0.09296875 0.91875 0.184375 0.02265625
0 0.69765625 0.86640625 0.2046875 0.01953125
0 0.49921875 0.84453125 0.1984375 0.02578125
0 0.7015625 0.71328125 0.20859375 0.02109375
0 0.8984375 0.59921875 0.203125 0.02578125
0 0.89921875 0.66015625 0.20078125 0.02265625
0 0.27890625 0.94296875 0.209375 0.028125
0 0.6859375 0.97734375 0.20625 0.02265625
0 0.49296875 0.75703125 0.20234375 0.0203125
0 0.29453125 0.8375 0.2125 0.02890625
0 0.7 0.73359375 0.209375 0.02109375
0 0.69765625 0.58125 0.209375 0.01953125
0 0.7 0.59453125 0.209375 0.01640625
0 0.90078125 0.69453125 0.1984375 0.025
0 0.69375 0.9546875 0.209375 0.028125
0 0.29609375 0.81328125 0.2125 0.02734375
0 0.09921875 0.80078125 0.190625 0.0234375
0 0.89765625 0.87265625 0.2046875 0.02734375
0 0.2828125 0.903125 0.209375 0.02734375
0 0.8984375 0.57890625 0.20234375 0.01953125