0 0.56953125 0.534375 0.27578125 0.05
0 0.5796875 0.53359375 0.29140625 0.0578125
0 0.7198744125000001 0.45586125 0.7237875593750001 0.410833125 0.438184271875 0.42588 0.44444483593750006 0.4591925 0.7198744125000001 0.45586125
0 0.7198744125000001 0.635833125 0.7198744125000001 0.605766875 0.43192488281249997 0.579116875 0.44757394375 0.6207575000000001 0.7198744125000001 0.635833125
0 0.7230046953125 0.68571625 0.4538345078125 0.64 0.44131455468749997 0.672391875 0.7136150234375 0.720694375 0.7230046953125 0.68571625
0 0.7104847421875 0.77566 0.4460093890625 0.7150000000000001 0.43505516406250005 0.7556725 0.6917053984375 0.82896 0.7104847421875 0.77566
0 0.7042253515625 0.882259375 0.44131455468749997 0.780656875 0.40688614999999995 0.823963125 0.67292605625 0.937225 0.7042253515625 0.882259375
0 0.7417840375 0.08442812499999999 0.4264471828125 0.169166875 0.44131455468749997 0.19435875 0.729264084375 0.127734375 0.7417840375 0.08442812499999999
0 0.7261349765625 0.22100875000000003 0.438184271875 0.27125 0.44444483593750006 0.30429 0.7230046953125 0.26098374999999996 0.7261349765625 0.22100875000000003
0 0.7136150234375 0.31428375000000003 0.44209741718749995 0.34625 0.42566549218749994 0.374245625 0.707355634375 0.34259875 0.7136150234375 0.31428375000000003
0 0.7167453046875 0.730688125 0.438184271875 0.67125 0.4194049296875 0.7040381250000001 0.7010950703125001 0.76566625 0.7167453046875 0.730688125
0 0.7198744125000001 0.26764625 0.438184271875 0.30874999999999997 0.43505516406250005 0.34592999999999996 0.7198744125000001 0.30762125 0.7198744125000001 0.26764625
0 0.7167453046875 0 0.438184271875 0.07125000000000001 0.4538345078125 0.1094125 0.754303990625 0.01946875 0.7167453046875 0
0 0.696400234375 0.8254168749999999 0.43505516406250005 0.757338125 0.43505516406250005 0.780656875 0.6948356812500001 0.8755968749999999 0.696400234375 0.8254168749999999