0 0.22258264462809915 0.36704339963833627 0.045785123966942204 0.10936708860759498
0 0.2705371900826446 0.20079566003616636 0.03328512396694218 0.09470162748643762
0 0.29807851239669425 0.1989421338155515 0.031053719008264407 0.09383363471971065
0 0.6748760330578513 0.7177305605786618 0.04888429752066109 0.12516274864376137
0 0.9133677685950413 0.7357414104882459 0.040971074380165375 0.11575949367088605
0 0.42973140495867773 0.366754068716094 0.037376033057851185 0.10735081374321882
0 0.46212809917355374 0.3678119349005425 0.030702479338843004 0.10661844484629292
0 0.4227685950413223 0.19576853526220614 0.032396694214876044 0.09363471971066903
0 0.32894628099173556 0.36701627486437616 0.03229338842975206 0.10403254972875231
0 0.35619834710743803 0.37019891500904156 0.030702479338843004 0.10323688969258585
0 0.34832644628099174 0.193245931283906 0.030475206611570247 0.10271247739602173
0 0.20607438016528928 0.19206148282097651 0.04274793388429752 0.11257685352622061
0 0.29626033057851237 0.6605153707052441 0.10419421487603307 0.1137703435804701
0 0.4745247933884298 0.19232368896925858 0.0303512396694216 0.09251356238698015
0 0.7299586776859505 0.7246202531645569 0.04869834710743812 0.11926763110307421
0 0.3797933884297521 0.502115732368897 0.2590702479338843 0.01386075949367082
0 0.5365702479338843 0.36886980108499096 0.031053719008264407 0.09363471971066903
0 0.7747520661157025 0.7288607594936709 0.046694214876033105 0.11019891500904148
0 0.37555785123966945 0.666871609403255 0.07807851239669426 0.10827305605786619
0 0.8016528925619835 0.9837251356238698 0.0371900826446281 0.0325497287522604
0 0.4436570247933884 0.8130922242314648 0.05208677685950409 0.11761301989150084
0 0.5438429752066116 0.8167992766726945 0.035826446280991804 0.1137703435804701
0 0.24541322314049588 0.1941772151898734 0.037809917355371925 0.10661844484629292
0 0.22483471074380165 0.6599909584086799 0.04824380165289261 0.1111844484629295
0 0.5044834710743802 0.19245931283905968 0.03278925619834712 0.094502712477396
0 0.5368801652892562 0.19020795660036166 0.03706611570247945 0.09688065099457502
0 0.5123553719008265 0.8183905967450271 0.03419421487603296 0.1079385171790234
0 0.7898966942148761 0.811500904159132 0.27103305785123954 0.02253164556962032
0 0.38826446280991733 0.5211844484629294 0.27057851239669417 0.01746835443037969
0 0.4975206611570248 0.36886980108499096 0.04324380165289246 0.10271247739602161
0 0.4415495867768595 0.6679294755877034 0.031053719008264407 0.10490054249547918
0 0.506301652892562 0.6684629294755877 0.03956611570247929 0.10813743218806501
0 0.8601033057851241 0.7330922242314647 0.04956611570247936 0.11078661844484627