0 0.25801152737752164 0.47224025974025974 0.03204610951008647 0.1836471861471862
0 0.9680547550432277 0.7799134199134199 0.05064841498559091 0.20438311688311678
0 0.2649135446685879 0.2949458874458874 0.26158501440922194 0.04257575757575761
0 0.2286743515850144 0.47146103896103897 0.03115273775216139 0.18273809523809514
0 0.973342939481268 0.47619047619047616 0.053314121037463975 0.21212121212121213
0 0.40312680115273775 0.47301948051948056 0.03868876080691646 0.18727272727272723
0 0.36896253602305473 0.4730194805194805 0.036974063400576324 0.18701298701298708
0 0.4417723342939481 0.47353896103896104 0.036757925072046095 0.18844155844155844
0 0.6464265129682997 0.4761255411255411 0.030907780979827156 0.19738095238095238
0 0.16129682997118155 0.4639502164502165 0.051902017291066256 0.19024891774891772
0 0.29148414985590776 0.47224025974025974 0.03884726224783859 0.1875324675324675
0 0.47662824207492793 0.47509740259740263 0.03517291066282416 0.19063852813852825
0 0.5870605187319885 0.47509740259740263 0.03599423631123922 0.19647186147186144
0 0.3290922190201729 0.47224025974025974 0.04020172910662821 0.18545454545454534
0 0.6612680115273776 0.7596969696969698 0.03655619596541788 0.19517316017316008
0 0.530806916426513 0.7467316017316018 0.04461095100864559 0.19803030303030306
0 0.5518587896253603 0.4740584415584415 0.03655619596541788 0.19492424242424256
0 0.7126801152737753 0.47535714285714287 0.04632564841498572 0.19893939393939386
0 0.6201873198847263 0.47483766233766234 0.030432276657060525 0.19582251082251087
0 0.7596109510086455 0.47561688311688316 0.04675792507204617 0.20178571428571435
0 0.49492795389048994 0.7431060606060605 0.036844380403458284 0.19841991341991333
0 0.0990922190201729 0.724448051948052 0.02874639769452448 0.1763852813852814
0 0.199164265129683 0.4688744588744589 0.034596541786743505 0.18195887445887457
0 0.29510086455331414 0.7342965367965368 0.03762247838616717 0.18338744588744593
0 0.5739481268011527 0.7519155844155844 0.048314121037463936 0.19466450216450204
0 0.25662824207492796 0.33435064935064934 0.24502881844380406 0.03518398268398267
0 0.8030979827089337 0.4771645021645021 0.041440922190201714 0.20373376623376624
0 0.5145965417867435 0.4730194805194805 0.03868876080691646 0.19336580086580082
0 0.8424351585014409 0.47664502164502165 0.04478386167146964 0.20606060606060603
0 0.12014409221902017 0.4623917748917749 0.04874639769452447 0.19647186147186144
0 0.6181268011527378 0.757099567099567 0.05090778097982715 0.19492424242424256
0 0.07332853025936599 0.7213311688311688 0.028789625360230532 0.17159090909090904
0 0.7485734870317002 0.766439393939394 0.05034582132564849 0.19427489177489177
0 0.08105187319884727 0.46006493506493507 0.04328530259365993 0.1946645021645023
0 0.6747262247838617 0.47587662337662334 0.03380403458213262 0.19738095238095238
0 0.6988760806916426 0.7633225108225108 0.04487031700288183 0.19517316017316008
0 0.8534870317002883 0.6373593073593073 0.28574927953890483 0.045616883116883215
0 0.4562680115273775 0.7441450216450217 0.044106628242074945 0.19180735930735932
0 0.8024063400576369 0.7711038961038961 0.051772334293948216 0.19712121212121197
0 0.37413544668587895 0.74 0.041757925072046134 0.18610389610389613
0 0.04494236311239193 0.4603246753246753 0.045461095100864546 0.19582251082251076
0 0.33185878962536025 0.7363636363636363 0.04206051873198847 0.18545454545454534
0 0.4165850144092219 0.7394805194805194 0.04128242074927951 0.19336580086580094
0 0.8817867435158502 0.47768398268398266 0.047838616714697475 0.20542207792207787
0 0.8541786743515849 0.6627597402597403 0.2769452449567724 0.03635281385281376
0 0.18829971181556196 0.7296320346320346 0.041051873198847275 0.17846320346320357
0 0.9231988472622479 0.4771645021645021 0.04667146974063415 0.20696969696969697
0 0.15387608069164266 0.7275541125541125 0.03538904899135447 0.1775541125541125
0 0.6119164265129683 0.08207792207792208 0.2790201729106628 0.0605844155844156
0 0.26404899135446686 0.7322186147186148 0.04632564841498556 0.18844155844155858
0 0.6084582132564841 0.1733874458874459 0.27729106628242084 0.03433982683982686
0 0.34299711815561956 0.12682900432900432 0.2518731988472623 0.03654761904761903
0 0.34427953890489915 0.07897186147186147 0.25502881844380404 0.06693722943722946
0 0.3453170028818444 0.1707900432900433 0.24812680115273775 0.05851731601731601
0 0.2547262247838617 0.3664935064935065 0.24295389048991356 0.028668831168831177